1.004
0.828
1.024
0.699
0.788
0.813
0.812
0.883
0.919
0.906
0.912
0.750
0.779
0.994
0.771
0.662
0.759
0.758
0.804
0.851
0.597
0.768
0.932
0.880
0.804
0.820
0.680
0.796
0.933
0.690
0.905
0.860
0.761
0.692
0.941
0.769
0.780
0.695
0.728
0.655
1.009
0.841
0.760
0.792
0.794
0.702
0.696
0.735
0.563
0.786
0.809
0.555
0.671
0.719
0.906
0.865
0.917
0.917
0.846
0.844
0.751
0.781
0.810
0.784
0.850
0.827
0.804
0.781
0.698
0.765
0.624
0.698
0.762
0.848
0.665
0.674
0.768
0.651
0.792
0.736
1.055
0.848
0.747
0.852
0.739
0.704
0.714
0.683
0.871
0.979
0.926
0.839
0.765
0.809
0.847
0.839
0.839
0.635
0.708
0.613
0.888
0.767
0.781
0.742
0.636
0.879
0.764
0.787
0.769
0.781
0.575
0.918
0.828
0.926
0.647
0.843
1.043
0.773
0.696
0.706
0.745
0.680
0.714
0.737
0.796
0.730
0.819
0.722
0.873
0.811
0.728
0.806
0.810
0.776
0.835
0.928
0.879
0.700
0.643
0.706
0.837
0.688
0.902
0.906
0.680
0.710
0.736
0.932
0.791
0.859
0.864
0.603
0.677
0.898
0.727
0.758
0.872
0.945
0.906
0.739
0.740
0.858
0.652
0.626
0.747
0.669
0.762
0.804
0.822
0.753
0.716
1.010
0.754
0.771
0.625
0.705
0.647
0.538
0.829
0.591
0.798
0.733
0.601
0.701
0.796
1.000
0.813
0.641
0.591
0.726
0.788
0.869
0.728
0.742
0.551
0.714
0.702
0.633
0.719
0.725
0.761
0.735
0.724
0.671
0.681
0.774
0.779
0.699
0.687
0.696
0.631
0.639
0.575
0.858
0.570
0.670
0.781
0.866
0.707
0.745
0.672
0.654
0.691
0.784
0.751
0.745
0.665
0.606
0.664
0.627
0.855
0.525
0.651
1.027
0.711
0.829
0.801
0.645
0.662
0.695
0.751
0.633
0.963
0.536
0.793
0.890
0.574
0.852
1.180
0.796
0.623
0.857
0.743
0.850
0.675
0.906
0.785
0.710
0.736
0.690
0.767
0.726
0.734
0.538
0.568
0.833
0.618
0.689
0.735
0.620
0.867
0.805
0.583
0.754
0.865
0.711
0.904
0.795
0.676
0.626
0.712
0.889
0.799
0.776
0.839
0.729
0.841
0.777
0.699
0.731
0.709
0.662
0.721
0.879
0.778
0.791
0.803
0.694
0.929
0.736
0.697
0.768
0.843
0.737
0.689
0.666
0.750
0.749
0.671
0.712
0.755
0.748
0.688
0.622
0.689
0.565
0.802
0.640
0.585
0.687
0.730
0.743
0.816
0.842
0.682
0.706
0.812
0.625
0.729
0.693
0.975
0.596
0.806
0.701
0.724
0.642
0.823
0.701
0.955
0.877
0.621
0.798
0.620
0.969
1.176
0.702
0.768
0.806
0.870
0.738
0.959
0.961
0.691
0.806
0.741
0.651
0.844
0.741
0.648
0.712
0.679
0.637
0.712
0.630
0.728
0.621
0.722
0.683
0.817
0.782
0.750
0.667
0.675
0.901
0.857
0.754
0.756
0.875
0.752
0.972
0.904
1.088
0.922
0.956
0.798
1.072
0.945
0.663
0.842
0.650
0.687
0.825
0.686
0.719
0.633
0.845
0.795
0.774
0.710
0.948
0.767
0.707
0.740
0.806
0.703
0.861
0.783
0.921
0.850
0.565
0.670
0.795
0.895
0.784
0.763
0.773
0.684
0.674
0.785
0.705
0.685
0.834
0.681
0.606
0.822
0.884
0.683
0.810
0.644
0.725
0.655
0.692
0.649
0.686
0.623
0.623
0.680
0.628
0.831
0.971
0.765
0.836
1.086
0.747
0.934
0.603
0.719
0.688
0.819
0.703
0.867
0.767
0.803
0.660
0.706
0.718
0.756
0.724
0.841
0.866
0.714
0.784
0.917
0.521
0.678
0.805
0.808
0.825
0.904
0.901
0.618
0.633
0.698
0.937
0.819
0.670
0.801
0.600
0.684
0.756
0.619
0.682
0.704
0.744
0.722
0.675
0.752
0.647
0.892
0.572
0.818
0.699
0.725
1.072
0.839
0.862
0.888
0.760
0.778
0.720
0.639
0.719
0.954
0.503
0.793
0.776
0.634
0.835
0.679
0.573
0.603
0.827
0.705
0.780
0.892
0.920
0.675
0.727
0.790
0.743
0.672
0.668
0.720
0.743
0.784
0.736
0.674
0.950
0.795
0.677
0.788
0.828
0.587
0.668
0.881
0.671
0.712
0.610
0.817
0.771
0.739
0.646
0.717
0.706
0.910
0.809
0.777
0.672
0.711
0.624
0.633
0.645
0.618
0.794
0.581
0.802
0.745
0.723
0.780
0.776
0.699
0.548
0.678
0.658
0.725
0.863
0.640
0.638
0.762
0.866
0.648
0.632
0.965
0.763
0.751
0.742
0.955
0.779
0.776
0.629
0.640
0.648
0.609
0.926
0.724
0.739
0.728
0.649
0.887
0.631
0.666
0.534
0.771
0.755
0.891
0.743
0.764
0.734
0.712
0.669
0.668
0.843
0.756
0.897
0.835
0.728
0.785
0.543
0.621
0.677
0.853
0.778
0.646
0.703
0.828
0.689
0.653
0.838
0.719
0.852
0.605
0.788
0.790
0.620
0.564
0.752
0.879
0.578
0.681
0.707
0.786
0.817
0.710
0.833
0.742
0.724
0.646
0.784
0.575
1.019
0.733
0.697
0.696
0.986
0.779
0.723
0.734
0.656
0.738
0.709
0.824
0.880
0.707
0.782
0.742
0.812
0.844
0.768
0.571
0.774
0.718
0.909
0.882
0.854
0.970
0.924
0.892
0.695
0.888
0.745
0.788
0.751
0.691
0.673
0.687
0.752
0.869
0.718
0.564
0.842
0.886
0.732
0.597
0.663
0.580
0.891
0.698
0.751
0.684
0.681
0.714
0.615
0.637
0.786
0.741
0.582
0.786
0.872
0.709
0.749
0.599
0.635
0.875
0.683
0.674
0.735
0.986
0.654
0.855
0.884
0.803
0.836
0.591
0.751
0.605
0.819
0.539
0.771
0.613
0.706
0.874
0.937
0.834
0.648
0.845
0.651
0.596
0.797
0.670
0.587
0.843
0.602
0.738
1.090
0.710
0.882
0.739
0.722
0.767
0.895
0.612
0.745
0.702
0.720
0.683
0.660
0.700
0.775
0.691
0.605
0.631
0.679
0.669
0.774
0.614
0.594
0.788
0.709
0.806
0.794
0.644
0.794
0.749
0.783
0.803
0.739
0.811
0.830
0.830
0.669
0.792
0.645
0.865
0.716
0.578
0.574
0.622
0.626
0.647
0.714
0.597
0.587
0.793
0.629
0.808
0.653
0.814
0.715
0.737
0.688
0.774
0.771
0.857
0.709
0.710
0.724
0.678
0.688
0.761
0.810
0.621
0.987
0.693
0.902
0.629
0.932
0.744
0.831
0.887
0.673
0.716
0.874
0.814
0.687
0.869
0.791
0.928
0.883
0.719
0.831
0.732
0.833
0.748
0.635
0.869
0.728
0.791
0.697
0.662
0.828
0.777
0.596
0.659
0.820
0.878
0.747
0.669
0.809
0.819
0.819
0.741
0.871
0.731
0.706
0.623
0.728
0.675
0.723
0.751
0.734
0.811
0.632
0.706
0.799
0.567
0.752
0.793
0.701
0.727
0.641
0.834
0.809
0.721
0.690
0.656
0.674
0.696
0.818
0.766
0.753
0.859
0.751
0.572
0.736
0.642
0.790
0.715
0.564
0.691
0.629
0.796
0.710
0.751
0.700
0.639
0.540
0.786
0.851
0.733
0.733
0.802
0.645
0.897
0.672
0.545
0.685
0.726
0.656
0.824
0.615
0.679
0.644
0.678
0.674
0.691
0.656
0.794
0.647
0.819
0.621
0.616
0.676
0.859
0.619
0.918
0.754
0.731
0.741
0.672
0.769
0.818
0.677
0.731
0.680
0.933
0.775
0.749
0.727
0.771
0.640
0.643
0.696
0.622
0.670
0.760
0.804
0.791
0.700
0.632
0.839
0.728
0.808
0.754
0.742
0.665
0.748
0.724
0.694
0.767
0.692
0.651
0.759
0.922
0.965
0.564
0.741
0.763
0.769
0.805
0.740
0.902
0.825
0.760
0.587
0.797
0.689
0.784
0.637
0.735
0.799
0.705
0.764
0.940
0.720
0.739
0.579
0.675
0.680
0.716
0.776
0.817
0.843
0.683
0.699
0.753
0.779
0.685
0.693
0.703
0.836
0.741
0.691
0.565
0.760
0.673
0.660
0.855
0.629
0.752
0.745
