88.070
101.651
87.963
87.016
88.677
86.941
77.834
79.489
88.613
97.606
90.047
88.260
100.953
101.267
88.039
86.997
100.528
97.100
90.773
90.004
98.248
88.882
98.381
91.485
89.092
88.750
99.529
88.793
89.884
112.382
90.126
99.183
98.247
89.597
88.491
79.678
89.176
96.307
90.875
86.454
78.314
88.570
80.797
101.712
89.828
100.025
96.614
92.302
76.995
100.315
85.318
79.510
78.418
90.811
92.649
98.419
78.666
88.600
89.702
87.802
90.257
78.128
92.459
78.536
79.708
101.379
100.125
90.696
88.708
108.608
88.478
88.763
88.727
86.331
99.943
89.178
77.434
90.425
90.186
89.472
98.769
79.570
90.698
98.748
100.581
79.940
99.566
78.924
81.410
92.078
88.665
102.569
91.014
101.284
98.861
90.826
80.583
90.091
87.632
88.609
99.798
90.197
108.337
88.715
88.404
78.366
86.537
99.127
89.064
89.005
90.892
89.733
90.529
77.194
86.743
89.247
80.049
89.561
84.806
88.840
89.327
89.499
89.972
89.446
88.187
88.566
88.791
89.025
79.304
90.741
98.972
78.109
90.684
100.682
82.727
78.620
97.273
91.004
79.223
97.885
89.415
89.279
87.853
79.452
77.297
78.390
89.855
80.089
89.446
87.434
88.204
89.409
79.341
90.237
99.390
99.432
90.290
88.413
79.935
88.983
89.399
90.507
89.301
99.438
88.476
90.537
88.403
74.617
88.746
87.199
100.300
86.175
89.280
89.365
88.132
81.803
89.055
91.909
91.315
79.928
89.650
90.111
89.751
77.416
78.772
78.817
89.236
87.356
110.221
77.543
89.590
90.446
89.383
91.227
88.990
88.910
90.049
100.469
109.880
89.315
91.768
100.328
90.522
98.791
80.738
99.301
90.009
88.178
78.343
79.209
87.226
97.895
91.423
90.631
79.474
90.065
108.881
88.449
100.649
90.515
88.584
99.867
101.145
89.814
90.238
79.408
108.417
88.594
90.671
78.843
89.030
89.019
89.326
90.318
80.069
100.620
79.350
89.378
101.135
78.715
91.926
90.517
100.414
80.000
86.865
89.709
89.622
101.384
100.707
99.781
80.253
90.431
108.155
87.600
78.036
111.659
100.235
89.860
101.601
90.228
98.794
89.375
92.432
89.648
98.452
88.807
103.407
78.084
77.914
91.169
99.836
101.950
87.808
90.226
91.887
90.339
110.152
93.291
91.528
101.230
79.865
86.818
79.648
89.060
90.161
88.648
99.822
88.658
89.759
80.226
92.857
89.932
89.626
91.030
79.095
100.904
102.162
90.550
90.597
89.180
100.063
89.705
98.467
98.639
100.131
98.848
80.430
93.639
91.716
78.815
89.426
89.291
88.537
89.630
78.191
90.098
89.453
101.914
89.485
86.711
80.287
89.839
90.379
97.845
90.106
90.843
97.670
90.341
89.139
92.456
90.695
79.563
88.307
89.859
90.231
90.992
89.676
87.781
102.305
91.800
80.290
90.334
88.458
79.474
79.669
107.561
87.331
90.272
90.100
91.002
80.885
79.783
88.967
87.191
90.278
89.674
87.075
90.755
103.202
101.975
78.782
99.734
88.697
89.470
92.466
89.864
101.357
90.729
91.507
99.601
79.491
90.038
77.154
78.118
77.112
79.150
91.747
90.168
101.380
100.409
87.696
90.415
98.846
88.598
78.925
98.730
90.227
79.845
89.181
89.499
89.669
110.052
90.084
90.979
89.078
99.839
91.805
101.349
79.956
90.772
79.050
107.300
80.215
89.943
99.642
91.883
89.955
88.717
88.782
89.049
90.319
90.274
88.251
98.759
81.111
89.030
90.622
90.307
98.997
91.099
89.729
88.463
90.139
87.292
89.428
89.241
87.537
89.537
90.628
89.297
91.365
89.596
89.118
98.587
98.339
99.713
90.265
90.337
90.305
101.217
87.409
100.899
88.102
99.190
91.853
90.189
98.869
90.552
77.690
88.716
99.913
98.612
89.663
93.323
89.377
82.372
90.297
78.925
90.059
90.396
90.759
98.146
100.831
79.669
88.617
100.718
90.584
98.880
87.681
102.593
95.953
112.052
90.990
93.120
88.033
98.821
101.888
80.026
101.045
78.197
102.860
92.054
109.200
101.185
100.641
100.738
76.989
90.062
88.853
90.937
91.905
89.866
88.320
89.946
88.355
90.287
90.196
97.596
90.266
98.109
78.766
112.307
77.514
99.204
90.747
100.871
88.088
79.055
87.945
101.544
97.989
98.174
100.390
99.854
88.702
89.713
91.457
90.772
79.330
100.047
79.963
89.435
100.168
89.665
87.918
100.881
79.152
91.197
90.630
90.472
88.133
89.046
90.800
90.652
101.308
78.313
90.957
91.396
90.210
67.792
90.266
91.456
100.049
90.698
79.106
98.483
92.149
88.948
92.183
102.047
78.423
91.037
90.219
90.689
110.583
89.889
90.055
100.975
91.872
89.680
101.130
87.591
80.444
100.201
79.146
99.261
97.898
90.136
112.492
89.599
88.775
80.189
91.199
76.603
89.710
89.642
98.427
88.775
91.209
90.508
81.500
89.556
99.123
78.794
88.810
98.747
90.944
90.587
100.259
92.151
89.745
100.762
80.433
90.356
92.198
91.345
89.607
90.689
88.306
81.224
87.862
89.835
101.969
101.214
90.368
89.563
90.548
98.851
90.519
88.435
101.788
78.509
88.981
91.338
90.801
88.667
92.292
89.394
79.177
89.359
100.888
101.046
89.337
79.068
88.563
79.659
91.487
87.795
101.847
91.675
89.824
81.809
100.276
91.126
91.804
93.547
81.103
98.777
92.454
90.248
78.242
99.653
79.769
102.164
88.401
76.998
90.434
91.975
92.011
88.660
79.633
91.184
101.254
101.217
70.368
90.163
100.663
89.836
89.897
110.469
78.646
79.432
99.426
92.744
91.250
91.553
88.729
90.171
82.061
78.836
101.544
79.811
98.854
99.063
89.357
99.984
90.644
80.354
101.002
79.004
89.292
91.874
79.433
92.286
101.831
82.242
99.222
92.768
88.898
99.127
91.407
91.029
80.262
90.772
80.360
78.530
101.479
104.561
80.884
100.237
92.439
89.921
87.661
101.570
99.346
100.330
90.144
91.128
77.911
99.583
90.871
100.350
90.130
101.322
91.087
80.975
81.437
101.287
89.950
89.663
90.529
79.522
90.182
91.286
89.701
78.728
92.195
81.656
89.736
90.996
91.204
90.973
101.160
91.909
91.863
91.551
79.189
110.588
89.478
89.266
91.011
90.238
90.592
113.187
81.703
91.111
89.358
78.960
89.681
88.627
101.651
89.746
87.844
79.558
91.459
77.562
114.984
78.520
93.230
100.420
81.007
92.905
89.928
90.492
100.700
77.917
80.354
92.437
90.790
90.898
92.270
90.396
79.812
100.477
101.976
79.360
79.696
79.311
101.204
90.054
101.874
91.824
91.661
90.146
90.073
99.047
101.460
79.718
110.423
91.222
88.555
90.111
91.451
92.267
89.840
90.269
88.817
101.787
90.828
77.218
82.623
92.098
82.048
91.836
90.191
90.111
91.955
100.174
90.129
99.644
103.095
91.343
110.837
92.994
90.212
79.356
90.443
90.656
89.111
90.247
92.025
90.487
90.404
88.422
102.179
99.723
99.886
79.479
101.397
88.644
97.435
89.069
99.814
91.958
91.757
91.028
91.258
90.793
90.557
89.104
88.792
90.589
90.107
99.360
90.430
90.778
90.288
79.920
80.427
90.663
77.821
91.658
91.097
100.344
89.570
89.509
91.278
101.183
91.320
98.387
91.724
101.648
91.804
92.809
89.463
91.174
102.315
90.233
88.886
81.181
81.782
100.334
88.583
92.410
99.791
91.150
78.403
78.186
90.456
90.406
89.859
92.076
101.705
80.291
102.602
100.454
90.169
91.000
104.398
90.874
100.367
78.724
89.072
92.081
91.072
88.987
91.391
101.133
90.209
88.599
81.682
89.427
101.929
90.984
99.165
89.379
103.971
100.523
90.904
99.939
103.133
91.645
90.094
90.991
90.533
78.091
89.563
101.759
93.212
99.849
100.007
112.756
90.680
102.000
78.930
80.219
91.598
91.506
90.685
89.395
101.918
90.720
89.825
90.770
78.177
91.498
90.357
101.454
89.901
92.201
89.585
80.314
101.225
90.924
90.104
99.994
79.255
92.760
79.956
90.228
91.257
79.528
111.089
80.832
101.599
90.041
78.991
89.466
79.795
92.351
100.361
90.149
91.606
89.416
80.170
91.481
87.530
90.239
90.726
111.354
92.670
80.094
109.799
90.373
101.682
81.016
99.203
89.708
90.876
112.849
89.709
89.832
91.598
88.528
99.402
90.623
80.899
102.499
80.408
77.961
93.206
80.059
100.147
91.005
89.495
90.160
90.046
79.846
92.210
121.475
