14.597270784770794
12.885975135975142
13.106415806415814
19.784920634920624
20.038888888888884
17.87539682539682
20.16468253968253
21.26349206349206
19.032142857142855
15.364285714285707
13.387121212121215
12.551010101010103
12.358333333333341
16.480158730158728
21.2829365079365
21.39047619047619
15.060317460317458
19.759920634920622
18.21309523809523
18.242857142857137
13.690476190476183
15.549206349206347
14.965079365079363
17.26190476190476
20.14087301587301
22.177380952380943
20.47460317460316
17.817460317460313
14.368878343878347
15.032045732045738
14.711111111111112
11.747979797979802
20.409126984126985
20.90912698412698
13.118650793650792
18.38849206349206
18.401984126984125
18.20079365079364
13.119913419913418
13.737698412698409
22.64285714285713
19.298412698412694
21.2876984126984
14.821031746031741
18.58095238095238
13.47463924963925
14.855158730158728
22.565079365079356
13.618650793650788
13.657106782106782
13.907753357753357
12.95927128427129
17.921031746031744
17.046031746031744
14.38142135642135
13.404845154845162
16.55753968253968
14.274242424242418
14.678943278943283
19.370634920634913
20.349603174603168
17.649999999999995
13.112107337107338
14.08784271284272
13.756429681429687
15.587301587301582
14.61190476190476
13.428943278943285
14.519841269841265
13.835317460317457
16.876984126984123
17.643253968253966
18.686111111111103
13.082539682539679
12.468445443445445
14.26190476190476
11.647077922077925
13.565476190476186
21.731746031746027
20.90714285714285
12.75133477633477
13.110064935064933
13.193542568542568
14.492099567099563
14.984967809967818
17.52301587301587
21.321428571428566
17.255952380952383
15.95039682539682
15.416666666666668
13.028366078366078
13.984282384282386
17.934523809523803
13.782395382395384
15.888888888888884
14.2169191919192
24.274999999999995
16.16388888888889
14.930963480963483
19.388492063492052
16.49603174603174
21.774603174603165
20.836111111111105
18.53849206349206
18.342063492063485
18.944047619047616
12.21136363636364
13.278690753690753
19.34880952380952
19.17341269841269
12.89155844155844
15.29365079365079
13.747077922077928
15.999458874458874
19.939682539682533
19.873412698412686
16.74761904761905
18.931746031746023
17.70912698412698
13.455158730158725
15.286904761904758
13.826190476190472
18.946428571428566
18.02420634920635
18.695634920634916
15.6813492063492
21.617063492063487
20.496428571428567
16.676587301587297
14.201587301587299
12.749769674769677
20.747222222222216
18.9515873015873
15.936507936507933
20.828571428571433
17.740079365079357
18.995634920634917
23.396825396825392
15.047619047619042
15.698412698412696
16.084920634920632
17.149206349206345
24.053174603174597
22.023412698412685
14.134595959595952
16.095238095238095
20.565873015873006
17.63253968253968
13.492784992784983
20.612698412698407
16.21706349206349
19.799603174603167
21.726190476190467
16.51309523809523
13.586904761904757
14.826501276501283
16.30952380952381
16.06944444444444
23.248809523809516
18.860714285714277
14.636904761904761
19.917460317460314
19.67857142857142
20.89523809523808
15.173015873015869
18.61111111111111
15.597222222222221
19.839682539682535
19.34246031746031
16.579365079365076
15.045634920634921
13.603185703185709
20.728968253968254
13.381565656565657
22.734920634920627
16.92896825396825
22.751984126984116
20.866269841269833
20.381746031746022
18.873809523809516
14.526454101454098
15.99765512265512
16.127777777777776
17.955194805194804
19.517063492063485
15.676190476190477
13.862445887445888
11.657009657009661
16.905158730158725
14.101551226551223
20.599206349206344
17.038888888888884
21.629761904761892
14.513888888888882
11.15315795315795
18.032142857142855
15.027777777777775
14.001984126984125
13.123160173160176
18.792063492063487
16.790079365079357
19.305555555555546
17.330952380952375
19.385317460317452
23.367857142857133
14.569444444444445
14.356721056721058
13.926379176379182
14.539910089910094
14.56111111111112
14.188056388056395
13.178965478965484
15.299278499278513
17.011904761904763
17.99166666666666
11.046067821067819
16.108333333333327
21.082142857142852
18.916666666666657
19.824603174603165
17.918253968253964
13.185353535353544
14.456962481962492
15.910714285714283
15.053571428571425
22.567460317460306
20.799206349206344
18.875396825396823
14.006854256854263
14.091414141414148
12.729448329448331
16.21796536796537
20.241269841269837
22.34960317460317
13.558225108225107
17.113095238095234
16.516666666666666
15.107142857142852
15.874999999999996
16.023412698412695
15.093253968253963
27.952777777777765
20.30119047619047
15.100396825396825
15.598015873015868
17.14920634920635
22.746031746031733
18.340476190476185
18.108333333333327
21.542460317460318
16.475396825396814
20.34047619047618
22.58492063492062
15.61071428571428
17.297619047619044
15.291666666666663
14.07539682539682
14.078282828282827
15.428485403485409
12.51984126984127
14.58333333333333
20.571825396825382
20.08690476190476
18.216666666666654
18.83373015873016
13.719047619047615
23.31150793650793
17.13809523809524
21.531746031746028
22.14007936507935
15.508333333333331
17.921031746031737
16.41785714285714
13.443939393939404
11.623232323232326
13.863095238095235
12.920887445887448
23.290079365079357
16.639682539682536
13.52236374736375
13.002958152958152
14.336111111111109
16.461507936507935
18.498015873015866
16.79325396825396
14.614355089355087
15.508391608391614
15.08333333333333
16.191269841269836
18.554365079365077
13.78613053613054
16.367063492063487
13.037684537684541
14.615079365079366
15.519841269841265
17.284920634920635
15.55833333333333
14.334679209679209
14.566688866688871
12.60617715617716
16.33333333333333
15.72146464646464
14.272835497835501
18.00238095238094
18.421428571428567
21.259126984126976
18.66468253968253
16.763492063492066
14.61984126984127
17.801190476190477
21.656746031746017
19.995634920634913
14.162745587745592
17.331421356421355
17.593253968253965
15.619841269841265
14.896825396825394
21.59722222222221
14.439044289044293
21.27420634920634
19.22142857142856
21.478968253968254
19.0079365079365
19.69920634920634
16.566269841269843
12.712709512709518
20.584523809523798
16.231349206349204
18.696428571428562
12.809523809523807
14.326046176046185
14.152777777777775
14.162085137085139
18.582142857142845
19.254365079365076
13.849603174603173
20.011904761904756
20.11825396825396
19.03214285714286
15.78896103896104
14.679689754689752
15.140873015873014
15.986111111111109
15.704365079365077
23.30595238095237
20.680952380952366
17.334523809523805
18.690476190476183
18.51785714285714
18.818650793650782
15.336904761904758
17.85833333333333
14.885317460317454
17.549999999999997
17.766666666666662
13.352886002885997
16.655952380952375
18.46230158730158
18.255952380952376
20.546428571428564
12.519047619047619
13.688816738816747
13.00616883116884
20.445634920634912
20.397222222222215
17.194841269841262
18.733333333333317
15.78769841269841
17.376587301587296
19.246428571428567
16.6031746031746
14.335317460317457
13.286374736374734
19.58492063492063
18.574206349206346
15.863492063492057
15.348015873015866
12.520898545898554
14.933571983571987
19.912698412698408
14.021861471861468
14.83928571428571
16.27777777777778
14.255952380952381
17.09487734487734
15.169841269841264
14.621103896103893
15.242063492063492
14.91230158730158
16.90396825396825
18.89007936507936
19.428571428571427
13.687770562770556
15.267857142857139
11.91136363636364
13.096223221223232
14.285411810411818
15.521825396825397
13.43395770895771
17.774206349206334
16.588095238095242
17.300396825396827
19.570634920634912
19.033333333333328
16.588888888888885
13.900468975468968
15.14574314574314
14.839502164502173
15.5
20.873809523809516
16.170238095238094
12.89763014763015
14.073135198135203
13.0961038961039
11.439826839826846
13.283730158730156
20.554761904761904
22.430555555555543
17.006746031746026
20.98333333333333
19.989682539682534
14.206035631035618
13.613095238095234
12.656746031746025
21.918650793650784
17.2797619047619
15.708730158730159
16.920634920634924
15.468265068265072
20.751984126984123
21.063888888888883
14.754761904761907
23.528968253968248
21.39801587301587
21.17142857142857
21.143650793650785
15.081746031746027
12.648809523809524
13.529004329004334
14.88091630591631
13.904484404484407
15.121031746031745
14.05209235209235
15.988095238095237
19.635714285714286
20.466269841269835
14.9813492063492
20.56190476190476
20.250396825396827
12.462301587301587
14.608391608391617
11.792496392496396
14.243181818181831
20.11706349206349
18.463888888888885
15.872222222222216
20.359523809523804
16.219444444444445
13.569444444444441
14.896847596847596
20.110317460317447
16.078968253968252
15.073809523809514
17.9797619047619
15.504365079365073
15.269444444444437
15.12896825396825
15.553571428571427
15.669444444444439
18.103968253968247
17.660317460317458
14.696428571428573
16.29484126984126
13.333585858585863
23.27499999999999
13.894516594516592
13.247330447330453
14.700396825396824
16.541666666666664
10.640836940836948
14.498015873015872
20.47182539682539
14.25396825396825
13.464357864357861
16.4781746031746
13.168875568875576
13.882070707070708
18.835317460317455
15.901984126984123
18.099603174603168
20.24365079365079
21.371031746031736
18.710714285714282
19.2047619047619
12.414682539682532
13.686507936507931
12.714910089910093
13.029689754689754
13.430555555555555
15.093253968253968
14.567460317460315
12.800144300144304
14.507936507936506
21.644841269841265
19.888095238095232
18.07301587301587
13.846428571428563
13.085533910533915
21.90436507936507
15.332142857142854
13.094877344877354
14.38304195804196
12.79208569208569
19.762301587301582
21.24325396825396
14.625793650793646
14.36706349206349
18.48055555555555
14.369841269841263
14.623015873015872
13.792554667554674
12.477572427572431
15.273809523809522
18.89999999999999
19.51388888888888
15.281349206349205
12.65566378066378
15.748015873015868
17.201984126984126
15.413924963924957
20.267857142857135
17.7047619047619
14.046428571428567
14.051429126429127
12.923593073593073
14.135292485292492
13.740245865245866
13.805469530469532
14.519888444888451
15.700396825396822
14.928571428571427
13.380458430458436
14.783730158730156
19.60357142857142
23.64801587301586
21.380158730158715
18.510317460317452
14.240909090909094
14.2670745920746
11.46958596958597
17.255952380952372
17.997619047619036
13.428968253968254
13.458730158730157
13.363719613719619
19.695634920634916
15.083477633477637
13.104545454545459
22.55833333333333
20.257142857142846
14.482142857142854
15.20535020535021
19.494444444444436
17.672619047619047
18.73015873015873
16.22023809523809
15.400793650793648
13.68114385614386
12.246270396270399
17.39285714285714
17.96666666666666
19.076190476190472
18.378968253968246
15.991269841269839
13.36311743811744
21.31587301587301
21.401984126984125
19.374999999999993
13.791125541125536
22.313095238095222
18.17460317460317
14.144552669552672
15.296464646464647
14.459126984126984
19.860317460317447
12.534379509379509
13.39434731934732
18.734126984126974
17.64722222222222
20.570634920634916
18.79761904761904
17.556349206349207
15.104761904761903
21.405952380952375
18.677380952380943
21.108333333333324
14.842857142857135
15.059523809523808
13.623015873015863
14.281746031746028
23.223412698412687
11.732936507936502
18.415476190476184
18.99841269841269
17.029365079365075
15.82222222222222
16.61111111111111
15.061111111111106
17.763095238095236
13.842110667110669
12.45844155844156
14.593253968253968
14.571428571428571
19.247619047619047
18.913095238095234
17.232142857142854
15.127958152958149
14.21103896103896
19.301190476190463
13.859848484848486
13.541666666666664
17.29087301587301
18.2563492063492
18.531746031746028
18.453571428571422
20.18214285714285
12.245707070707066
15.197655122655117
15.309523809523803
12.75186202686203
21.002380952380943
15.9781746031746
20.2829365079365
16.11865079365079
17.057178932178928
15.558730158730155
13.936507936507933
15.496825396825393
18.237301587301584
18.390476190476182
16.832539682539682
13.28253968253968
13.195995670995677
14.074456099456105
17.576190476190476
18.5313492063492
15.857936507936504
13.569047619047613
15.456349206349204
14.02158397158398
15.384920634920631
13.73611111111111
13.912698412698411
13.404761904761902
15.736111111111109
13.277777777777777
22.382936507936506
19.496825396825386
17.438888888888883
20.818253968253956
12.921320346320346
18.73214285714285
15.303968253968247
13.548953823953829
21.771825396825395
17.940476190476183
20.665873015873014
13.225036075036067
12.056421356421362
14.494841269841267
14.43373015873016
12.83333333333333
14.140873015873012
13.429906204906207
17.101190476190478
14.76790986790987
13.394336219336214
12.974206349206343
15.55555555555555
17.919444444444437
17.255555555555553
16.283730158730155
14.161507936507935
11.697150072150077
13.6938283938284
11.56640026640027
14.450396825396822
14.56349206349206
14.367063492063489
13.770790320790322
19.43253968253968
17.50992063492063
13.9729797979798
19.907539682539674
16.08459595959595
14.9744338994339
12.086710511710518
12.269696969696978
17.466269841269835
20.342460317460304
15.48968253968254
16.517460317460316
11.926334776334771
16.57842712842712
13.642857142857142
13.98611111111111
20.200396825396815
20.59920634920634
19.419444444444437
22.097222222222218
15.619155844155838
15.161904761904758
15.666666666666664
14.498412698412693
13.682864357864364
21.861111111111104
20.407142857142848
15.013492063492059
21.416269841269834
14.759163059163054
15.459379509379508
15.303571428571425
23.62063492063491
19.103571428571424
16.340476190476185
15.497666222666226
16.121031746031743
16.431349206349196
14.153257853257854
14.74357864357865
12.869647019647028
12.993634143634148
17.88055555555555
19.791269841269834
14.242857142857138
18.133333333333326
19.779761904761905
13.530735930735926
13.557142857142853
18.98214285714285
18.324603174603173
13.680772005772013
16.830555555555556
14.579365079365079
15.027777777777777
15.702380952380945
15.24206349206349
15.088117438117445
17.898015873015865
19.798015873015864
20.087301587301585
17.13214285714285
18.919047619047618
18.067857142857136
14.348412698412695
13.769635919635919
14.919250194250191
11.900432900432904
21.915079365079364
15.036688311688303
15.38232045732046
12.61935841935843
11.961363636363638
14.45147907647908
18.328968253968245
19.05714285714285
17.84444444444444
16.7468253968254
15.761904761904756
14.732142857142854
19.27460317460317
20.662698412698408
16.658333333333328
19.353968253968247
21.754365079365073
15.404365079365078
13.8611111111111
17.949603174603165
13.991666666666665
12.971825396825393
14.543650793650787
20.69206349206348
13.076190476190472
14.332142857142854
20.061904761904756
19.512301587301582
13.51085858585859
14.117243867243861
13.529736929736934
22.955158730158715
20.70833333333332
17.701190476190472
13.622546897546892
12.914898989898997
22.629761904761896
18.76785714285713
20.14484126984126
15.396428571428569
14.191450216450214
15.283369408369406
19.103571428571424
18.16071428571428
14.105952380952374
15.669047619047616
18.93888888888888
15.44761904761904
14.65836940836941
17.77738095238094
15.709126984126982
18.23968253968253
19.527777777777768
17.469047619047615
18.834523809523805
15.27023809523809
14.068925518925523
16.136904761904756
19.549206349206344
16.31507936507936
13.534967809967807
20.54047619047618
18.891269841269835
20.590873015873004
18.1968253968254
16.93849206349206
14.196320346320341
12.85079365079365
16.476190476190474
15.137842712842716
21.205952380952372
18.39007936507935
14.567857142857141
16.683333333333334
15.459595959595966
15.513888888888886
19.259126984126976
19.18571428571428
13.385678210678213
18.859920634920634
20.279761904761894
14.428174603174604
12.444083694083687
18.028571428571418
15.724206349206344
17.597222222222218
16.408333333333328
12.659559884559886
13.849614274614277
16.749999999999996
13.535062160062164
13.257936507936508
20.620238095238086
16.37539682539682
19.95
20.442460317460313
21.596031746031738
20.99642857142856
12.99092019092019
13.799603174603174
16.68015873015873
13.509859584859587
12.831240981240981
19.464682539682535
23.582142857142845
18.047619047619047
21.72539682539682
20.471428571428568
12.507683982683977
15.95436507936508
13.066414141414146
23.220238095238088
14.351984126984123
16.47619047619047
15.523412698412693
15.374999999999995
13.231060606060613
14.27536075036076
19.59047619047619
18.21507936507936
14.055952380952377
17.021428571428565
18.936111111111103
23.095634920634907
15.72222222222221
20.655555555555544
18.36825396825396
16.842063492063488
21.62817460317459
13.142243867243861
12.183189033189036
20.371031746031743
20.19722222222222
17.02896825396825
13.699603174603173
15.546428571428569
15.089285714285714
22.44007936507936
13.89332611832612
17.04007936507936
17.12261904761904
20.770634920634905
15.131746031746031
12.783513708513713
13.555808080808083
23.0547619047619
19.843650793650784
20.77539682539681
13.211122211122213
13.761724386724387
18.73928571428571
14.902777777777775
13.046017871017872
17.045634920634914
15.543650793650789
14.922619047619046
15.551190476190476
13.580710955710959
15.543253968253966
20.761904761904745
24.270238095238085
15.585714285714285
14.686616161616156
16.121017871017877
20.498015873015866
18.594841269841265
18.74603174603174
19.644444444444435
13.35162337662337
13.102633477633484
14.283044733044733
13.552464202464206
13.420418470418474
14.401587301587298
14.193650793650791
15.124999999999996
12.43511211011212
13.677428127428136
17.49920634920634
15.00515873015873
19.03492063492063
21.59761904761904
18.105158730158724
15.763888888888884
20.77261904761904
17.98849206349206
14.622150072150076
14.980735930735936
14.250804750804758
16.990476190476183
20.007936507936503
13.731746031746026
11.52045454545455
13.711843711843718
15.021861471861465
22.140873015873005
13.111507936507932
15.64087301587301
15.297619047619046
15.013888888888888
17.33849206349206
13.16237373737373
22.294047619047614
21.002777777777766
19.169047619047607
15.305555555555554
19.720238095238088
17.1063492063492
12.78196248196248
15.341269841269842
18.31626984126984
19.15476190476191
18.364285714285703
18.309920634920623
14.830158730158727
16.041666666666664
16.92261904761904
13.557237207237208
21.142857142857128
15.600396825396821
15.652777777777773
12.400432900432904
20.60714285714285
20.082142857142845
15.491666666666658
20.403968253968248
12.301587301587299
13.743578643578644
13.266580641580646
13.790523365523368
15.384920634920634
19.98809523809523
14.974206349206348
14.128968253968251
15.030555555555551
19.939285714285703
17.97698412698412
14.674603174603169
17.809126984126983
15.18241758241759
18.261904761904752
16.607539682539677
