1.829000000000000000e+04
1.072000000000000000e+04
1.239000000000000000e+04
4.730000000000000000e+03
5.030000000000000000e+03
5.760000000000000000e+03
5.270000000000000000e+03
5.580000000000000000e+03
5.390000000000000000e+03
8.210000000000000000e+03
9.860000000000000000e+03
1.004000000000000000e+04
9.730000000000000000e+03
7.730000000000000000e+03
6.100000000000000000e+03
9.750000000000000000e+03
7.600000000000000000e+03
5.360000000000000000e+03
6.550000000000000000e+03
6.170000000000000000e+03
7.340000000000000000e+03
1.062000000000000000e+04
7.650000000000000000e+03
5.110000000000000000e+03
5.180000000000000000e+03
5.850000000000000000e+03
6.850000000000000000e+03
1.160000000000000000e+04
1.144000000000000000e+04
1.303000000000000000e+04
1.051000000000000000e+04
1.171000000000000000e+04
5.290000000000000000e+03
6.250000000000000000e+03
7.100000000000000000e+03
6.380000000000000000e+03
7.500000000000000000e+03
5.060000000000000000e+03
7.420000000000000000e+03
1.197000000000000000e+04
5.410000000000000000e+03
5.600000000000000000e+03
5.840000000000000000e+03
9.010000000000000000e+03
7.860000000000000000e+03
1.252000000000000000e+04
1.042000000000000000e+04
5.930000000000000000e+03
1.126000000000000000e+04
9.000000000000000000e+03
1.042000000000000000e+04
1.011000000000000000e+04
5.610000000000000000e+03
5.190000000000000000e+03
9.600000000000000000e+03
1.544000000000000000e+04
7.630000000000000000e+03
9.060000000000000000e+03
1.257000000000000000e+04
5.510000000000000000e+03
5.450000000000000000e+03
8.850000000000000000e+03
8.270000000000000000e+03
1.534000000000000000e+04
1.431000000000000000e+04
7.800000000000000000e+03
1.144000000000000000e+04
1.212000000000000000e+04
7.750000000000000000e+03
6.610000000000000000e+03
8.750000000000000000e+03
6.260000000000000000e+03
6.300000000000000000e+03
8.970000000000000000e+03
1.161000000000000000e+04
7.500000000000000000e+03
1.162000000000000000e+04
7.450000000000000000e+03
5.360000000000000000e+03
7.340000000000000000e+03
1.052000000000000000e+04
1.106000000000000000e+04
1.147000000000000000e+04
9.720000000000000000e+03
1.366000000000000000e+04
5.600000000000000000e+03
5.800000000000000000e+03
9.940000000000000000e+03
9.090000000000000000e+03
6.310000000000000000e+03
1.292000000000000000e+04
1.463000000000000000e+04
5.680000000000000000e+03
1.102000000000000000e+04
9.750000000000000000e+03
9.930000000000000000e+03
6.020000000000000000e+03
5.830000000000000000e+03
1.190000000000000000e+04
5.330000000000000000e+03
7.090000000000000000e+03
6.370000000000000000e+03
5.490000000000000000e+03
5.980000000000000000e+03
5.860000000000000000e+03
6.730000000000000000e+03
1.486000000000000000e+04
1.102000000000000000e+04
4.970000000000000000e+03
7.160000000000000000e+03
9.560000000000000000e+03
1.056000000000000000e+04
1.254000000000000000e+04
1.293000000000000000e+04
5.040000000000000000e+03
6.070000000000000000e+03
5.890000000000000000e+03
4.710000000000000000e+03
5.390000000000000000e+03
1.204000000000000000e+04
8.270000000000000000e+03
8.030000000000000000e+03
5.230000000000000000e+03
5.930000000000000000e+03
6.820000000000000000e+03
8.620000000000000000e+03
5.750000000000000000e+03
5.760000000000000000e+03
6.970000000000000000e+03
1.182000000000000000e+04
9.850000000000000000e+03
6.300000000000000000e+03
5.530000000000000000e+03
6.400000000000000000e+03
7.310000000000000000e+03
6.540000000000000000e+03
6.980000000000000000e+03
5.690000000000000000e+03
6.170000000000000000e+03
9.400000000000000000e+03
8.120000000000000000e+03
5.730000000000000000e+03
5.470000000000000000e+03
5.790000000000000000e+03
8.730000000000000000e+03
7.320000000000000000e+03
5.280000000000000000e+03
6.060000000000000000e+03
9.390000000000000000e+03
6.040000000000000000e+03
5.220000000000000000e+03
7.510000000000000000e+03
5.550000000000000000e+03
8.110000000000000000e+03
9.480000000000000000e+03
1.263000000000000000e+04
8.360000000000000000e+03
7.690000000000000000e+03
5.950000000000000000e+03
5.280000000000000000e+03
9.550000000000000000e+03
5.430000000000000000e+03
5.190000000000000000e+03
6.500000000000000000e+03
8.950000000000000000e+03
7.810000000000000000e+03
7.660000000000000000e+03
5.740000000000000000e+03
6.460000000000000000e+03
8.680000000000000000e+03
1.062000000000000000e+04
1.174000000000000000e+04
6.710000000000000000e+03
1.149000000000000000e+04
6.200000000000000000e+03
5.130000000000000000e+03
5.600000000000000000e+03
4.750000000000000000e+03
5.250000000000000000e+03
5.690000000000000000e+03
1.230000000000000000e+04
9.410000000000000000e+03
7.610000000000000000e+03
6.960000000000000000e+03
5.420000000000000000e+03
5.690000000000000000e+03
1.011000000000000000e+04
1.353000000000000000e+04
1.387000000000000000e+04
1.135000000000000000e+04
5.150000000000000000e+03
5.810000000000000000e+03
6.090000000000000000e+03
9.790000000000000000e+03
1.284000000000000000e+04
5.310000000000000000e+03
8.200000000000000000e+03
1.027000000000000000e+04
9.190000000000000000e+03
5.790000000000000000e+03
8.150000000000000000e+03
5.790000000000000000e+03
5.190000000000000000e+03
5.250000000000000000e+03
5.900000000000000000e+03
1.289000000000000000e+04
1.144000000000000000e+04
1.209000000000000000e+04
1.280000000000000000e+04
1.415000000000000000e+04
1.472000000000000000e+04
1.287000000000000000e+04
1.522000000000000000e+04
1.582000000000000000e+04
5.970000000000000000e+03
9.320000000000000000e+03
8.260000000000000000e+03
5.670000000000000000e+03
5.780000000000000000e+03
4.730000000000000000e+03
6.470000000000000000e+03
9.500000000000000000e+03
1.168000000000000000e+04
9.850000000000000000e+03
9.080000000000000000e+03
6.230000000000000000e+03
5.370000000000000000e+03
8.080000000000000000e+03
8.260000000000000000e+03
1.164000000000000000e+04
1.003000000000000000e+04
1.175000000000000000e+04
5.540000000000000000e+03
6.850000000000000000e+03
1.043000000000000000e+04
5.420000000000000000e+03
9.380000000000000000e+03
9.430000000000000000e+03
1.024000000000000000e+04
8.430000000000000000e+03
7.190000000000000000e+03
6.310000000000000000e+03
5.530000000000000000e+03
9.870000000000000000e+03
8.430000000000000000e+03
9.160000000000000000e+03
5.640000000000000000e+03
5.710000000000000000e+03
5.350000000000000000e+03
6.440000000000000000e+03
7.300000000000000000e+03
6.000000000000000000e+03
4.790000000000000000e+03
7.230000000000000000e+03
6.100000000000000000e+03
1.175000000000000000e+04
7.770000000000000000e+03
1.031000000000000000e+04
1.333000000000000000e+04
6.380000000000000000e+03
7.650000000000000000e+03
5.020000000000000000e+03
6.120000000000000000e+03
6.530000000000000000e+03
5.950000000000000000e+03
1.058000000000000000e+04
5.700000000000000000e+03
4.250000000000000000e+03
4.860000000000000000e+03
6.380000000000000000e+03
8.930000000000000000e+03
6.720000000000000000e+03
8.760000000000000000e+03
1.021000000000000000e+04
1.282000000000000000e+04
7.700000000000000000e+03
1.139000000000000000e+04
6.130000000000000000e+03
8.830000000000000000e+03
1.080000000000000000e+04
1.328000000000000000e+04
1.108000000000000000e+04
5.320000000000000000e+03
4.950000000000000000e+03
6.970000000000000000e+03
1.141000000000000000e+04
2.087000000000000000e+04
7.450000000000000000e+03
9.340000000000000000e+03
5.600000000000000000e+03
1.274000000000000000e+04
8.050000000000000000e+03
1.224000000000000000e+04
1.117000000000000000e+04
8.400000000000000000e+03
6.420000000000000000e+03
9.580000000000000000e+03
1.121000000000000000e+04
1.505000000000000000e+04
1.038000000000000000e+04
8.770000000000000000e+03
1.303000000000000000e+04
1.553000000000000000e+04
5.170000000000000000e+03
5.830000000000000000e+03
6.200000000000000000e+03
5.070000000000000000e+03
5.170000000000000000e+03
7.720000000000000000e+03
1.218000000000000000e+04
6.670000000000000000e+03
6.600000000000000000e+03
1.305000000000000000e+04
7.450000000000000000e+03
7.390000000000000000e+03
1.024000000000000000e+04
7.580000000000000000e+03
7.050000000000000000e+03
9.660000000000000000e+03
5.520000000000000000e+03
4.680000000000000000e+03
4.790000000000000000e+03
5.320000000000000000e+03
5.990000000000000000e+03
7.990000000000000000e+03
1.212000000000000000e+04
5.640000000000000000e+03
4.720000000000000000e+03
5.920000000000000000e+03
6.430000000000000000e+03
1.453000000000000000e+04
1.067000000000000000e+04
1.309000000000000000e+04
6.520000000000000000e+03
5.640000000000000000e+03
6.700000000000000000e+03
5.650000000000000000e+03
4.950000000000000000e+03
1.087000000000000000e+04
7.080000000000000000e+03
1.067000000000000000e+04
1.120000000000000000e+04
1.126000000000000000e+04
8.760000000000000000e+03
6.110000000000000000e+03
6.990000000000000000e+03
9.960000000000000000e+03
5.870000000000000000e+03
5.910000000000000000e+03
5.300000000000000000e+03
8.720000000000000000e+03
5.520000000000000000e+03
4.760000000000000000e+03
5.390000000000000000e+03
6.050000000000000000e+03
9.720000000000000000e+03
6.770000000000000000e+03
5.040000000000000000e+03
6.190000000000000000e+03
4.710000000000000000e+03
9.270000000000000000e+03
7.660000000000000000e+03
8.270000000000000000e+03
4.850000000000000000e+03
5.490000000000000000e+03
5.280000000000000000e+03
4.950000000000000000e+03
9.320000000000000000e+03
6.630000000000000000e+03
6.170000000000000000e+03
1.089000000000000000e+04
9.360000000000000000e+03
1.147000000000000000e+04
5.110000000000000000e+03
5.390000000000000000e+03
5.550000000000000000e+03
1.370000000000000000e+04
1.146000000000000000e+04
1.505000000000000000e+04
5.450000000000000000e+03
8.060000000000000000e+03
7.690000000000000000e+03
8.330000000000000000e+03
7.570000000000000000e+03
1.057000000000000000e+04
7.960000000000000000e+03
8.920000000000000000e+03
8.770000000000000000e+03
8.110000000000000000e+03
7.940000000000000000e+03
6.270000000000000000e+03
5.350000000000000000e+03
8.060000000000000000e+03
7.540000000000000000e+03
1.151000000000000000e+04
1.054000000000000000e+04
1.251000000000000000e+04
1.040000000000000000e+04
1.159000000000000000e+04
4.670000000000000000e+03
6.110000000000000000e+03
5.020000000000000000e+03
4.600000000000000000e+03
4.980000000000000000e+03
5.330000000000000000e+03
1.498000000000000000e+04
1.011000000000000000e+04
1.142000000000000000e+04
8.440000000000000000e+03
6.560000000000000000e+03
8.950000000000000000e+03
9.460000000000000000e+03
1.028000000000000000e+04
1.092000000000000000e+04
8.290000000000000000e+03
6.230000000000000000e+03
5.670000000000000000e+03
5.270000000000000000e+03
4.940000000000000000e+03
5.530000000000000000e+03
4.640000000000000000e+03
1.135000000000000000e+04
7.810000000000000000e+03
8.060000000000000000e+03
5.340000000000000000e+03
4.740000000000000000e+03
6.390000000000000000e+03
9.840000000000000000e+03
1.405000000000000000e+04
5.780000000000000000e+03
5.940000000000000000e+03
1.216000000000000000e+04
5.540000000000000000e+03
5.840000000000000000e+03
5.110000000000000000e+03
5.070000000000000000e+03
8.480000000000000000e+03
9.630000000000000000e+03
7.970000000000000000e+03
1.143000000000000000e+04
1.004000000000000000e+04
9.140000000000000000e+03
9.550000000000000000e+03
5.020000000000000000e+03
5.890000000000000000e+03
6.430000000000000000e+03
6.060000000000000000e+03
5.430000000000000000e+03
5.130000000000000000e+03
7.800000000000000000e+03
1.161000000000000000e+04
1.513000000000000000e+04
1.418000000000000000e+04
5.250000000000000000e+03
5.420000000000000000e+03
8.660000000000000000e+03
5.760000000000000000e+03
6.110000000000000000e+03
7.440000000000000000e+03
9.800000000000000000e+03
5.440000000000000000e+03
5.510000000000000000e+03
6.630000000000000000e+03
5.610000000000000000e+03
5.790000000000000000e+03
8.520000000000000000e+03
1.025000000000000000e+04
7.600000000000000000e+03
1.051000000000000000e+04
5.460000000000000000e+03
5.050000000000000000e+03
6.020000000000000000e+03
6.590000000000000000e+03
1.186000000000000000e+04
5.400000000000000000e+03
1.267000000000000000e+04
1.541000000000000000e+04
7.690000000000000000e+03
7.750000000000000000e+03
1.009000000000000000e+04
1.105000000000000000e+04
6.090000000000000000e+03
7.780000000000000000e+03
1.102000000000000000e+04
1.478000000000000000e+04
1.221000000000000000e+04
9.890000000000000000e+03
6.940000000000000000e+03
6.580000000000000000e+03
6.330000000000000000e+03
5.320000000000000000e+03
4.750000000000000000e+03
4.540000000000000000e+03
5.570000000000000000e+03
6.660000000000000000e+03
1.196000000000000000e+04
1.333000000000000000e+04
1.020000000000000000e+04
1.003000000000000000e+04
6.240000000000000000e+03
9.640000000000000000e+03
1.674000000000000000e+04
9.000000000000000000e+03
5.870000000000000000e+03
6.120000000000000000e+03
4.560000000000000000e+03
8.520000000000000000e+03
9.660000000000000000e+03
5.350000000000000000e+03
6.270000000000000000e+03
1.012000000000000000e+04
1.394000000000000000e+04
9.800000000000000000e+03
5.470000000000000000e+03
5.240000000000000000e+03
7.630000000000000000e+03
9.480000000000000000e+03
5.500000000000000000e+03
6.120000000000000000e+03
1.469000000000000000e+04
8.140000000000000000e+03
1.324000000000000000e+04
1.264000000000000000e+04
5.150000000000000000e+03
5.910000000000000000e+03
5.840000000000000000e+03
9.530000000000000000e+03
8.110000000000000000e+03
8.980000000000000000e+03
7.430000000000000000e+03
5.590000000000000000e+03
4.850000000000000000e+03
6.310000000000000000e+03
9.600000000000000000e+03
9.590000000000000000e+03
1.696000000000000000e+04
1.232000000000000000e+04
1.050000000000000000e+04
9.480000000000000000e+03
7.830000000000000000e+03
1.138000000000000000e+04
2.149000000000000000e+04
7.180000000000000000e+03
5.980000000000000000e+03
5.920000000000000000e+03
5.370000000000000000e+03
6.490000000000000000e+03
9.800000000000000000e+03
1.318000000000000000e+04
9.870000000000000000e+03
5.380000000000000000e+03
5.130000000000000000e+03
7.490000000000000000e+03
9.420000000000000000e+03
1.258000000000000000e+04
6.570000000000000000e+03
1.091000000000000000e+04
1.133000000000000000e+04
5.460000000000000000e+03
6.030000000000000000e+03
1.008000000000000000e+04
1.249000000000000000e+04
5.650000000000000000e+03
7.570000000000000000e+03
7.150000000000000000e+03
7.280000000000000000e+03
7.330000000000000000e+03
1.379000000000000000e+04
8.440000000000000000e+03
4.470000000000000000e+03
5.650000000000000000e+03
4.580000000000000000e+03
5.360000000000000000e+03
1.579000000000000000e+04
1.353000000000000000e+04
6.700000000000000000e+03
6.180000000000000000e+03
5.410000000000000000e+03
9.070000000000000000e+03
5.660000000000000000e+03
5.520000000000000000e+03
9.140000000000000000e+03
7.880000000000000000e+03
1.196000000000000000e+04
5.750000000000000000e+03
1.462000000000000000e+04
1.437000000000000000e+04
6.100000000000000000e+03
5.850000000000000000e+03
6.590000000000000000e+03
5.830000000000000000e+03
8.840000000000000000e+03
1.297000000000000000e+04
5.440000000000000000e+03
6.360000000000000000e+03
5.400000000000000000e+03
8.780000000000000000e+03
9.650000000000000000e+03
7.610000000000000000e+03
8.920000000000000000e+03
6.190000000000000000e+03
9.450000000000000000e+03
5.280000000000000000e+03
5.240000000000000000e+03
6.700000000000000000e+03
7.570000000000000000e+03
1.197000000000000000e+04
1.356000000000000000e+04
5.600000000000000000e+03
7.430000000000000000e+03
1.269000000000000000e+04
7.590000000000000000e+03
6.260000000000000000e+03
6.220000000000000000e+03
5.180000000000000000e+03
4.710000000000000000e+03
9.800000000000000000e+03
9.860000000000000000e+03
6.950000000000000000e+03
9.990000000000000000e+03
1.017000000000000000e+04
5.780000000000000000e+03
5.780000000000000000e+03
5.650000000000000000e+03
6.120000000000000000e+03
6.390000000000000000e+03
9.440000000000000000e+03
8.070000000000000000e+03
1.135000000000000000e+04
1.197000000000000000e+04
4.720000000000000000e+03
7.320000000000000000e+03
6.570000000000000000e+03
5.240000000000000000e+03
9.610000000000000000e+03
1.348000000000000000e+04
8.740000000000000000e+03
1.199000000000000000e+04
6.380000000000000000e+03
6.340000000000000000e+03
1.014000000000000000e+04
1.191000000000000000e+04
1.236000000000000000e+04
1.433000000000000000e+04
5.420000000000000000e+03
6.870000000000000000e+03
8.030000000000000000e+03
1.076000000000000000e+04
8.880000000000000000e+03
9.840000000000000000e+03
8.920000000000000000e+03
7.770000000000000000e+03
8.370000000000000000e+03
1.019000000000000000e+04
1.161000000000000000e+04
1.138000000000000000e+04
5.680000000000000000e+03
6.120000000000000000e+03
4.620000000000000000e+03
5.450000000000000000e+03
8.940000000000000000e+03
6.080000000000000000e+03
6.740000000000000000e+03
1.056000000000000000e+04
5.620000000000000000e+03
1.162000000000000000e+04
6.560000000000000000e+03
8.330000000000000000e+03
1.116000000000000000e+04
1.432000000000000000e+04
1.230000000000000000e+04
9.600000000000000000e+03
1.056000000000000000e+04
1.298000000000000000e+04
1.058000000000000000e+04
1.042000000000000000e+04
9.430000000000000000e+03
8.360000000000000000e+03
9.010000000000000000e+03
5.740000000000000000e+03
6.550000000000000000e+03
6.050000000000000000e+03
7.650000000000000000e+03
9.540000000000000000e+03
1.227000000000000000e+04
1.596000000000000000e+04
7.790000000000000000e+03
8.960000000000000000e+03
8.670000000000000000e+03
1.180000000000000000e+04
6.150000000000000000e+03
5.100000000000000000e+03
1.047000000000000000e+04
5.750000000000000000e+03
6.680000000000000000e+03
1.190000000000000000e+04
1.021000000000000000e+04
1.168000000000000000e+04
5.370000000000000000e+03
5.800000000000000000e+03
6.750000000000000000e+03
6.330000000000000000e+03
8.410000000000000000e+03
9.110000000000000000e+03
9.310000000000000000e+03
8.770000000000000000e+03
5.380000000000000000e+03
5.770000000000000000e+03
4.570000000000000000e+03
5.090000000000000000e+03
1.266000000000000000e+04
1.167000000000000000e+04
9.190000000000000000e+03
1.728000000000000000e+04
1.110000000000000000e+04
5.230000000000000000e+03
5.350000000000000000e+03
6.480000000000000000e+03
5.340000000000000000e+03
8.910000000000000000e+03
1.077000000000000000e+04
7.570000000000000000e+03
5.730000000000000000e+03
4.920000000000000000e+03
6.650000000000000000e+03
1.185000000000000000e+04
9.200000000000000000e+03
6.770000000000000000e+03
9.230000000000000000e+03
1.101000000000000000e+04
9.660000000000000000e+03
1.227000000000000000e+04
6.840000000000000000e+03
6.350000000000000000e+03
7.410000000000000000e+03
4.820000000000000000e+03
7.010000000000000000e+03
1.160000000000000000e+04
9.300000000000000000e+03
5.340000000000000000e+03
5.640000000000000000e+03
1.233000000000000000e+04
6.650000000000000000e+03
6.400000000000000000e+03
9.050000000000000000e+03
7.670000000000000000e+03
9.760000000000000000e+03
1.421000000000000000e+04
4.770000000000000000e+03
5.790000000000000000e+03
5.640000000000000000e+03
6.450000000000000000e+03
5.620000000000000000e+03
6.630000000000000000e+03
1.120000000000000000e+04
9.240000000000000000e+03
1.001000000000000000e+04
1.170000000000000000e+04
6.030000000000000000e+03
1.216000000000000000e+04
1.493000000000000000e+04
1.569000000000000000e+04
9.430000000000000000e+03
9.820000000000000000e+03
4.580000000000000000e+03
5.350000000000000000e+03
6.110000000000000000e+03
7.410000000000000000e+03
8.190000000000000000e+03
7.690000000000000000e+03
5.180000000000000000e+03
5.130000000000000000e+03
4.600000000000000000e+03
5.340000000000000000e+03
5.470000000000000000e+03
8.490000000000000000e+03
8.300000000000000000e+03
5.910000000000000000e+03
5.870000000000000000e+03
5.900000000000000000e+03
6.940000000000000000e+03
5.610000000000000000e+03
7.540000000000000000e+03
7.400000000000000000e+03
5.910000000000000000e+03
5.470000000000000000e+03
9.150000000000000000e+03
1.025000000000000000e+04
1.374000000000000000e+04
7.310000000000000000e+03
5.670000000000000000e+03
4.490000000000000000e+03
1.126000000000000000e+04
9.710000000000000000e+03
5.620000000000000000e+03
6.030000000000000000e+03
7.240000000000000000e+03
9.020000000000000000e+03
1.462000000000000000e+04
9.100000000000000000e+03
5.590000000000000000e+03
5.240000000000000000e+03
8.530000000000000000e+03
8.830000000000000000e+03
5.390000000000000000e+03
9.340000000000000000e+03
8.070000000000000000e+03
5.500000000000000000e+03
7.730000000000000000e+03
6.630000000000000000e+03
5.500000000000000000e+03
6.430000000000000000e+03
6.570000000000000000e+03
9.780000000000000000e+03
1.009000000000000000e+04
8.850000000000000000e+03
5.250000000000000000e+03
5.180000000000000000e+03
1.086000000000000000e+04
5.300000000000000000e+03
5.370000000000000000e+03
6.360000000000000000e+03
7.640000000000000000e+03
7.130000000000000000e+03
1.060000000000000000e+04
7.620000000000000000e+03
7.980000000000000000e+03
9.750000000000000000e+03
5.850000000000000000e+03
5.170000000000000000e+03
7.850000000000000000e+03
1.542000000000000000e+04
8.090000000000000000e+03
1.113000000000000000e+04
6.760000000000000000e+03
5.480000000000000000e+03
9.090000000000000000e+03
5.540000000000000000e+03
5.350000000000000000e+03
1.307000000000000000e+04
7.780000000000000000e+03
5.820000000000000000e+03
5.790000000000000000e+03
7.110000000000000000e+03
5.940000000000000000e+03
9.030000000000000000e+03
1.441000000000000000e+04
1.067000000000000000e+04
1.047000000000000000e+04
7.490000000000000000e+03
5.210000000000000000e+03
4.930000000000000000e+03
5.340000000000000000e+03
6.020000000000000000e+03
5.660000000000000000e+03
6.560000000000000000e+03
1.261000000000000000e+04
7.870000000000000000e+03
8.340000000000000000e+03
9.650000000000000000e+03
1.543000000000000000e+04
4.970000000000000000e+03
4.920000000000000000e+03
4.900000000000000000e+03
6.120000000000000000e+03
4.890000000000000000e+03
1.050000000000000000e+04
8.040000000000000000e+03
7.820000000000000000e+03
5.940000000000000000e+03
7.170000000000000000e+03
7.730000000000000000e+03
1.351000000000000000e+04
1.083000000000000000e+04
1.112000000000000000e+04
8.170000000000000000e+03
4.580000000000000000e+03
5.050000000000000000e+03
8.630000000000000000e+03
8.000000000000000000e+03
5.860000000000000000e+03
5.740000000000000000e+03
1.023000000000000000e+04
6.820000000000000000e+03
4.730000000000000000e+03
5.100000000000000000e+03
6.070000000000000000e+03
1.327000000000000000e+04
9.250000000000000000e+03
5.510000000000000000e+03
6.300000000000000000e+03
5.030000000000000000e+03
1.172000000000000000e+04
9.510000000000000000e+03
1.170000000000000000e+04
5.920000000000000000e+03
1.110000000000000000e+04
4.640000000000000000e+03
6.260000000000000000e+03
5.860000000000000000e+03
6.500000000000000000e+03
1.334000000000000000e+04
1.147000000000000000e+04
5.740000000000000000e+03
5.740000000000000000e+03
6.170000000000000000e+03
1.260000000000000000e+04
1.419000000000000000e+04
6.190000000000000000e+03
7.290000000000000000e+03
1.315000000000000000e+04
1.043000000000000000e+04
8.130000000000000000e+03
7.310000000000000000e+03
7.880000000000000000e+03
1.153000000000000000e+04
5.180000000000000000e+03
6.050000000000000000e+03
6.170000000000000000e+03
8.320000000000000000e+03
1.261000000000000000e+04
1.185000000000000000e+04
5.060000000000000000e+03
4.760000000000000000e+03
5.390000000000000000e+03
7.540000000000000000e+03
9.550000000000000000e+03
7.840000000000000000e+03
1.066000000000000000e+04
1.513000000000000000e+04
9.280000000000000000e+03
7.910000000000000000e+03
9.500000000000000000e+03
9.320000000000000000e+03
1.004000000000000000e+04
1.049000000000000000e+04
4.800000000000000000e+03
5.320000000000000000e+03
5.920000000000000000e+03
5.140000000000000000e+03
5.430000000000000000e+03
6.670000000000000000e+03
5.200000000000000000e+03
8.460000000000000000e+03
1.080000000000000000e+04
1.147000000000000000e+04
1.641000000000000000e+04
6.100000000000000000e+03
5.590000000000000000e+03
9.020000000000000000e+03
1.191000000000000000e+04
1.066000000000000000e+04
9.040000000000000000e+03
5.590000000000000000e+03
6.550000000000000000e+03
8.470000000000000000e+03
1.166000000000000000e+04
1.020000000000000000e+04
6.040000000000000000e+03
9.340000000000000000e+03
5.440000000000000000e+03
5.450000000000000000e+03
5.000000000000000000e+03
7.740000000000000000e+03
6.830000000000000000e+03
5.570000000000000000e+03
1.030000000000000000e+04
7.090000000000000000e+03
5.750000000000000000e+03
6.670000000000000000e+03
5.400000000000000000e+03
4.780000000000000000e+03
9.440000000000000000e+03
8.700000000000000000e+03
5.600000000000000000e+03
8.800000000000000000e+03
5.890000000000000000e+03
7.720000000000000000e+03
8.480000000000000000e+03
1.116000000000000000e+04
5.410000000000000000e+03
4.770000000000000000e+03
6.520000000000000000e+03
6.370000000000000000e+03
1.293000000000000000e+04
8.090000000000000000e+03
1.009000000000000000e+04
1.226000000000000000e+04
6.380000000000000000e+03
5.110000000000000000e+03
7.660000000000000000e+03
1.062000000000000000e+04
1.473000000000000000e+04
5.010000000000000000e+03
5.170000000000000000e+03
6.670000000000000000e+03
1.158000000000000000e+04
8.370000000000000000e+03
7.180000000000000000e+03
7.640000000000000000e+03
