1829
1072
1239
473
503
576
527
558
539
821
986
1004
973
773
610
975
760
536
655
617
734
1062
765
511
518
585
685
1160
1144
1303
1051
1171
529
625
710
638
750
506
742
1197
541
560
584
901
786
1252
1042
593
1126
900
1042
1011
561
519
960
1544
763
906
1257
551
545
885
827
1534
1431
780
1144
1212
775
661
875
626
630
897
1161
750
1162
745
536
734
1052
1106
1147
972
1366
560
580
994
909
631
1292
1463
568
1102
975
993
602
583
1190
533
709
637
549
598
586
673
1486
1102
497
716
956
1056
1254
1293
504
607
589
471
539
1204
827
803
523
593
682
862
575
576
697
1182
985
630
553
640
731
654
698
569
617
940
812
573
547
579
873
732
528
606
939
604
522
751
555
811
948
1263
836
769
595
528
955
543
519
650
895
781
766
574
646
868
1062
1174
671
1149
620
513
560
475
525
569
1230
941
761
696
542
569
1011
1353
1387
1135
515
581
609
979
1284
531
820
1027
919
579
815
579
519
525
590
1289
1144
1209
1280
1415
1472
1287
1522
1582
597
932
826
567
578
473
647
950
1168
985
908
623
537
808
826
1164
1003
1175
554
685
1043
542
938
943
1024
843
719
631
553
987
843
916
564
571
535
644
730
600
479
723
610
1175
777
1031
1333
638
765
502
612
653
595
1058
570
425
486
638
893
672
876
1021
1282
770
1139
613
883
1080
1328
1108
532
495
697
1141
2087
745
934
560
1274
805
1224
1117
840
642
958
1121
1505
1038
877
1303
1553
517
583
620
507
517
772
1218
667
660
1305
745
739
1024
758
705
966
552
468
479
532
599
799
1212
564
472
592
643
1453
1067
1309
652
564
670
565
495
1087
708
1067
1120
1126
876
611
699
996
587
591
530
872
552
476
539
605
972
677
504
619
471
927
766
827
485
549
528
495
932
663
617
1089
936
1147
511
539
555
1370
1146
1505
545
806
769
833
757
1057
796
892
877
811
794
627
535
806
754
1151
1054
1251
1040
1159
467
611
502
460
498
533
1498
1011
1142
844
656
895
946
1028
1092
829
623
567
527
494
553
464
1135
781
806
534
474
639
984
1405
578
594
1216
554
584
511
507
848
963
797
1143
1004
914
955
502
589
643
606
543
513
780
1161
1513
1418
525
542
866
576
611
744
980
544
551
663
561
579
852
1025
760
1051
546
505
602
659
1186
540
1267
1541
769
775
1009
1105
609
778
1102
1478
1221
989
694
658
633
532
475
454
557
666
1196
1333
1020
1003
624
964
1674
900
587
612
456
852
966
535
627
1012
1394
980
547
524
763
948
550
612
1469
814
1324
1264
515
591
584
953
811
898
743
559
485
631
960
959
1696
1232
1050
948
783
1138
2149
718
598
592
537
649
980
1318
987
538
513
749
942
1258
657
1091
1133
546
603
1008
1249
565
757
715
728
733
1379
844
447
565
458
536
1579
1353
670
618
541
907
566
552
914
788
1196
575
1462
1437
610
585
659
583
884
1297
544
636
540
878
965
761
892
619
945
528
524
670
757
1197
1356
560
743
1269
759
626
622
518
471
980
986
695
999
1017
578
578
565
612
639
944
807
1135
1197
472
732
657
524
961
1348
874
1199
638
634
1014
1191
1236
1433
542
687
803
1076
888
984
892
777
837
1019
1161
1138
568
612
462
545
894
608
674
1056
562
1162
656
833
1116
1432
1230
960
1056
1298
1058
1042
943
836
901
574
655
605
765
954
1227
1596
779
896
867
1180
615
510
1047
575
668
1190
1021
1168
537
580
675
633
841
911
931
877
538
577
457
509
1266
1167
919
1728
1110
523
535
648
534
891
1077
757
573
492
665
1185
920
677
923
1101
966
1227
684
635
741
482
701
1160
930
534
564
1233
665
640
905
767
976
1421
477
579
564
645
562
663
1120
924
1001
1170
603
1216
1493
1569
943
982
458
535
611
741
819
769
518
513
460
534
547
849
830
591
587
590
694
561
754
740
591
547
915
1025
1374
731
567
449
1126
971
562
603
724
902
1462
910
559
524
853
883
539
934
807
550
773
663
550
643
657
978
1009
885
525
518
1086
530
537
636
764
713
1060
762
798
975
585
517
785
1542
809
1113
676
548
909
554
535
1307
778
582
579
711
594
903
1441
1067
1047
749
521
493
534
602
566
656
1261
787
834
965
1543
497
492
490
612
489
1050
804
782
594
717
773
1351
1083
1112
817
458
505
863
800
586
574
1023
682
473
510
607
1327
925
551
630
503
1172
951
1170
592
1110
464
626
586
650
1334
1147
574
574
617
1260
1419
619
729
1315
1043
813
731
788
1153
518
605
617
832
1261
1185
506
476
539
754
955
784
1066
1513
928
791
950
932
1004
1049
480
532
592
514
543
667
520
846
1080
1147
1641
610
559
902
1191
1066
904
559
655
847
1166
1020
604
934
544
545
500
774
683
557
1030
709
575
667
540
478
944
870
560
880
589
772
848
1116
541
477
652
637
1293
809
1009
1226
638
511
766
1062
1473
501
517
667
1158
837
718
764
