1081
1033
1072
1151
1062
1074
998
970
1008
1140
989
1088
1063
1034
1092
1237
1056
1136
1027
1039
1135
1050
1151
942
1020
1035
1118
1049
1051
992
996
1150
1104
980
1098
937
1015
1216
995
1192
1049
1072
932
1024
1012
1015
1197
943
1071
1078
1211
963
945
1033
926
1185
1003
1023
970
1071
1001
1008
926
1030
919
1006
1074
1001
1029
1203
997
1091
1117
1130
1048
1040
1012
994
963
1034
1123
960
987
1129
1015
955
1037
998
918
946
1083
1026
930
988
1122
984
944
1014
1123
1087
1057
1012
1215
1083
1059
1054
1176
1057
1063
1033
973
1003
935
1045
1151
1079
888
1036
1274
1059
1060
1009
1009
1045
1083
1040
1147
1057
984
1002
1146
1024
965
1075
839
963
1202
995
947
1092
1028
1001
1093
934
1018
964
1099
937
1030
1184
1070
1025
974
1007
1161
1092
990
1141
983
1045
1083
1009
1025
1055
1072
989
1045
1151
1034
1141
1031
1189
1069
1033
1051
870
1035
920
962
939
965
997
1003
1084
1023
948
1050
1103
1070
1103
1068
1010
1028
983
1052
1026
1017
1063
1139
1062
912
1094
1023
1102
913
1085
1007
1117
977
978
1122
1094
937
1019
954
967
1141
1114
1055
989
1025
1104
974
1006
959
960
1188
1086
962
1005
1033
1074
1037
929
908
1049
960
1019
1092
1029
941
943
1060
954
1131
1028
1034
982
1042
1049
937
999
1176
1129
1024
1040
1101
1054
1021
1005
1123
1023
889
1024
1101
1053
912
1008
1026
987
1057
986
1140
972
989
1056
1134
842
915
1057
946
1133
989
1048
965
1083
1122
1043
1023
919
891
990
990
968
983
999
983
1011
978
984
1045
1022
1146
1046
1079
1108
943
873
959
991
1031
1041
1091
951
1032
1001
1074
945
1034
1126
988
1001
1036
1097
1036
979
1122
991
1086
897
962
955
1037
1015
975
923
1073
1049
941
906
963
1022
1055
989
1019
1175
1091
1024
1037
929
867
927
1028
1128
954
992
1073
1018
971
1015
990
1090
1111
1010
937
966
1030
971
931
1032
941
1040
1087
1034
1011
991
955
1022
1023
1032
1076
992
1124
1063
993
1143
953
961
1013
1009
1012
1089
1007
954
997
1091
923
1013
938
949
989
1238
994
977
1088
935
975
1090
1029
1043
970
979
1066
1133
875
1069
1015
1025
1116
990
1034
1027
1010
1114
1083
1032
1057
1021
1046
1008
926
956
1036
1102
1197
1090
1066
991
1023
991
1106
990
1085
1101
978
1007
1047
993
1035
1107
1111
1124
974
859
1016
862
969
997
974
976
999
1146
968
942
1072
1035
936
1120
1116
928
1252
1121
997
899
1081
1121
996
962
1049
1023
962
901
1092
937
1084
1045
1039
1009
1003
946
919
1033
1050
976
1030
974
1018
1135
1047
1130
979
1016
1001
1083
1006
1017
1041
960
1069
1072
1112
1142
1025
1029
1034
979
956
1002
994
1086
893
970
987
1034
1108
1054
964
978
1033
978
1039
1092
945
960
1019
1017
966
959
975
973
969
960
1064
999
950
1108
850
1009
909
968
1043
957
1007
957
1120
1002
955
1053
966
1015
1004
1032
897
1015
1008
1075
1142
931
1045
977
1030
885
975
1123
1004
1006
1130
1057
918
988
884
954
1070
1023
1031
1082
945
955
1041
935
1023
1008
946
987
901
949
1045
996
1018
888
1064
980
946
982
1002
1040
1009
1100
978
1059
972
969
1043
944
956
1019
922
979
977
1024
1049
1019
1047
977
1048
965
966
1127
1004
943
1031
906
1034
944
937
913
849
1034
932
1028
982
1110
950
978
1029
1066
995
930
879
1062
907
929
998
1044
870
977
1031
967
971
1095
980
933
1066
938
979
1010
1060
976
878
996
980
897
1141
1066
961
1052
1010
894
1012
973
1002
918
923
963
957
876
1049
859
1078
1131
885
945
920
977
869
953
970
893
855
1069
897
1006
1096
1025
1046
998
1001
955
1068
1056
936
1036
984
1002
954
914
874
1015
1007
1020
947
981
987
947
995
1023
872
868
1016
977
914
921
959
940
922
946
958
1079
992
954
948
1032
974
1003
923
938
1006
943
1032
1111
1015
961
1101
1012
910
1037
910
979
856
1027
869
900
1013
987
977
981
873
966
980
1015
874
969
887
1021
965
942
951
1007
967
997
996
926
983
988
972
1090
995
921
1118
944
1039
981
941
899
973
1012
1026
936
927
1022
854
941
882
893
985
960
912
1037
941
1036
943
972
1039
902
979
921
1036
960
1013
951
882
990
936
1015
1000
1035
1013
950
994
1034
1139
1033
1029
944
950
952
959
987
937
1076
974
996
991
1086
943
1003
970
940
927
1006
1038
969
937
1041
966
984
972
974
959
1128
905
980
975
908
969
954
969
965
1060
891
841
1017
1062
948
1048
983
943
942
970
980
1016
947
1009
914
976
1029
988
961
925
946
1024
985
1001
934
936
1040
895
987
986
1011
874
985
982
906
1124
1008
907
994
987
1038
893
935
996
933
942
1061
999
961
929
1042
1051
955
996
974
976
917
893
920
965
1023
980
943
972
951
983
932
980
947
1002
922
1017
910
962
963
1007
1047
943
864
948
972
908
916
1036
906
965
935
937
996
912
900
1036
973
959
978
908
933
1082
937
933
1044
904
923
1097
944
993
944
1111
1051
969
991
1006
992
956
1045
1121
931
887
946
910
1010
865
950
1020
945
983
955
980
935
914
1058
