121.125
113.660
138.457
116.109
127.262
118.506
137.870
119.719
134.146
137.038
115.213
106.193
128.219
138.555
128.678
118.251
126.573
126.413
125.859
115.584
133.789
116.906
127.023
137.333
140.055
147.199
118.053
118.026
128.618
127.984
126.542
148.382
141.493
124.786
137.186
127.279
125.748
127.273
126.295
106.076
116.923
127.730
133.663
117.552
127.163
136.825
116.583
128.505
137.892
114.988
126.884
147.465
116.192
116.557
128.776
127.068
117.590
134.067
134.231
128.139
128.169
126.261
117.128
136.552
138.581
117.153
128.814
127.011
117.974
144.431
114.691
135.912
133.299
135.154
119.328
153.284
125.370
125.595
126.376
115.935
119.683
117.916
138.185
97.417
123.911
127.482
109.496
105.782
129.121
126.254
139.978
118.145
138.930
150.009
138.222
118.354
125.346
135.908
128.915
130.806
137.289
127.081
115.579
127.434
138.636
116.975
109.296
115.307
137.400
138.540
136.816
119.439
126.767
118.019
126.984
128.797
138.141
147.119
127.121
144.928
139.702
117.740
145.269
126.694
138.064
139.691
135.330
117.345
148.438
127.702
129.071
138.010
126.947
135.854
128.641
130.963
127.813
127.933
133.975
118.984
116.549
120.235
144.811
129.603
146.207
124.500
119.312
138.040
127.703
126.444
126.892
118.247
145.870
118.764
137.894
137.273
127.747
128.941
118.051
125.512
145.072
139.554
128.175
105.996
106.948
125.893
106.168
127.312
138.904
126.686
128.107
119.319
116.810
123.937
119.676
127.577
144.914
128.547
131.014
138.763
128.411
140.618
136.152
138.847
130.809
117.225
139.715
117.507
126.830
149.333
128.003
128.554
153.972
126.286
119.694
108.786
132.854
146.157
118.109
117.524
134.673
135.244
128.489
136.667
141.161
116.651
138.445
139.839
126.440
127.409
135.980
139.190
138.486
145.910
126.398
124.087
117.239
126.877
127.805
126.318
130.352
143.327
136.982
129.109
147.718
125.786
139.527
137.907
138.929
117.117
134.863
115.912
117.769
126.660
137.546
125.524
127.340
148.924
118.142
117.701
135.426
128.032
129.039
128.434
128.200
128.405
146.649
150.336
118.987
128.493
119.534
126.219
137.686
124.973
128.982
137.088
129.264
129.622
117.675
137.430
136.461
138.266
139.998
118.114
118.080
136.505
109.791
117.988
108.994
138.248
136.950
138.524
117.228
125.735
127.654
117.807
137.246
127.404
126.274
116.196
138.074
127.849
136.320
120.350
135.675
129.270
145.537
96.118
126.929
137.643
147.684
129.002
119.780
128.711
159.674
115.669
138.303
125.799
128.860
139.415
139.675
129.883
135.775
127.813
127.794
118.165
139.387
132.502
127.291
137.898
127.228
146.818
138.641
129.545
130.220
115.594
118.512
128.417
138.062
117.729
125.735
126.964
139.631
128.956
147.058
127.837
127.969
138.488
126.279
116.475
137.021
147.225
126.756
115.359
117.023
129.221
156.850
125.418
127.570
126.456
135.482
124.212
130.831
127.203
146.539
139.232
154.669
127.972
137.281
136.455
127.358
128.878
158.883
160.927
129.883
127.319
147.284
138.266
137.476
126.972
127.853
137.019
129.664
140.480
139.441
127.693
126.553
126.712
135.271
128.273
119.280
127.809
137.455
117.847
128.070
145.826
140.587
109.425
156.845
138.561
138.547
128.022
138.096
131.608
147.836
139.600
128.707
138.905
127.026
117.269
128.757
136.570
119.203
148.535
138.989
134.718
129.599
145.919
128.605
129.200
128.042
144.161
116.661
138.974
128.573
138.764
125.539
117.738
115.797
116.070
127.478
150.074
137.313
130.797
131.362
136.186
115.703
115.040
128.729
119.819
138.724
129.899
139.192
127.240
130.159
116.417
117.038
135.842
148.747
131.302
129.136
148.741
127.690
127.996
137.307
128.119
127.966
126.467
118.366
137.317
127.553
117.639
127.872
108.825
109.128
128.746
137.477
129.665
139.055
120.995
128.889
139.622
128.434
126.253
105.450
128.225
136.486
135.497
126.886
136.816
150.766
120.557
128.533
118.548
127.835
127.417
120.459
128.842
119.512
139.151
118.818
125.438
129.052
116.876
129.293
147.125
129.752
136.457
127.963
143.368
136.326
167.560
126.670
116.383
126.241
110.068
150.626
141.304
158.406
131.049
128.002
140.115
146.526
136.064
128.182
127.065
135.539
140.380
118.644
126.781
138.496
134.850
146.587
157.901
138.026
150.174
126.354
148.371
137.710
130.202
134.462
118.406
127.802
137.309
136.891
128.399
129.054
118.669
128.900
115.425
137.102
138.255
127.156
138.188
145.644
148.790
148.079
138.472
128.113
131.576
126.596
129.396
138.393
127.808
137.576
117.100
107.813
116.400
119.341
126.664
126.464
126.092
130.477
127.865
127.899
120.163
131.065
145.669
129.987
131.034
137.739
128.098
129.925
147.241
125.035
127.547
116.448
140.571
128.343
106.920
140.556
137.808
109.339
137.836
119.437
120.281
115.562
136.907
136.725
117.605
127.757
126.196
119.754
158.892
115.759
127.849
158.860
126.360
129.435
107.598
140.494
126.966
146.573
129.018
126.216
127.399
121.703
150.131
126.348
128.630
137.588
125.945
150.160
131.276
129.416
119.635
127.908
148.021
139.330
129.524
119.608
119.952
127.708
118.018
139.088
128.094
120.209
136.439
146.508
117.881
146.949
127.428
137.603
117.695
128.975
116.137
141.104
139.886
118.985
135.831
128.382
129.140
128.999
136.607
148.424
119.907
126.483
140.777
117.921
137.306
119.618
130.730
129.540
118.883
149.033
138.591
118.405
129.469
137.901
138.554
126.787
129.326
129.111
147.124
136.474
147.545
128.799
128.435
147.560
129.069
130.810
140.475
129.475
137.517
128.494
130.239
129.770
138.744
126.631
126.903
138.591
126.199
127.892
138.462
126.901
157.356
127.221
126.277
127.614
118.337
138.781
138.260
129.741
128.496
141.109
145.770
128.177
131.415
137.490
127.410
117.699
119.555
129.033
136.257
129.057
146.666
128.141
125.995
118.754
140.090
126.568
127.418
130.356
148.601
139.490
129.464
140.226
148.846
118.851
127.283
127.649
128.480
128.914
118.029
140.496
139.390
125.911
130.200
118.957
137.903
128.005
137.029
156.374
140.115
129.579
157.874
128.749
126.501
157.791
139.710
118.800
155.325
138.898
117.642
129.560
147.743
140.286
120.196
130.312
131.112
140.067
125.229
139.679
149.987
147.507
115.043
117.331
140.128
115.451
139.177
147.377
147.407
131.968
140.774
149.758
138.405
174.859
139.318
129.182
130.318
118.631
118.686
139.401
138.890
140.004
128.404
128.830
128.303
138.749
128.994
130.358
138.703
139.732
114.928
116.690
159.717
119.976
117.624
129.118
142.040
127.134
129.028
128.298
126.831
128.417
117.466
119.085
131.349
128.135
127.529
128.293
130.433
139.076
139.414
139.721
109.379
146.721
137.699
128.902
145.952
119.842
136.237
119.909
134.945
146.221
141.173
140.359
128.304
127.440
131.969
128.481
116.683
129.566
128.546
108.746
128.903
120.431
140.241
138.022
175.072
147.275
194.924
127.956
121.367
130.300
136.913
127.312
127.277
119.058
138.764
127.397
132.318
128.574
138.937
158.304
137.939
130.591
139.825
131.142
158.495
118.666
117.344
117.931
158.933
127.738
136.786
138.847
139.268
139.303
139.676
149.516
116.502
147.479
128.578
150.948
149.199
138.175
117.798
110.800
147.803
148.359
129.062
119.366
127.988
145.540
150.780
128.976
129.610
109.523
120.624
147.422
149.403
121.300
131.845
148.421
129.507
129.145
139.455
139.211
127.202
131.154
119.026
137.389
166.571
135.983
116.927
129.647
127.338
138.706
138.627
129.603
139.362
149.765
140.500
140.961
117.166
138.235
129.092
149.143
130.019
145.796
138.012
126.720
135.936
128.112
139.620
129.468
128.974
138.321
131.526
139.807
115.928
138.083
150.227
128.140
129.793
129.638
149.690
130.136
129.644
158.396
136.900
156.302
118.691
145.448
148.030
118.669
149.036
128.005
130.905
118.855
118.216
128.320
131.252
127.486
128.664
139.294
141.070
131.330
137.466
137.819
139.823
139.495
149.268
138.794
139.101
147.614
137.489
147.113
150.709
131.808
129.292
150.319
138.908
145.885
129.100
127.499
116.474
120.166
148.130
158.789
139.175
147.280
131.983
139.617
136.415
126.510
116.662
147.098
146.967
137.468
138.452
118.642
138.716
128.982
137.757
136.221
128.665
109.894
118.878
139.475
139.379
122.617
139.591
148.997
116.593
149.713
138.972
130.063
129.983
161.398
140.123
141.058
148.572
127.407
141.418
129.720
130.188
147.465
137.629
120.447
127.445
129.023
138.849
126.157
129.798
131.822
117.821
129.252
147.204
