851
1259
365
487
378
1054
570
483
754
1161
1071
692
368
301
972
528
378
1069
697
1343
569
737
743
1018
781
322
486
666
586
743
1349
445
478
944
1391
467
569
830
499
282
837
975
747
644
615
778
254
332
1095
460
383
484
727
606
620
792
813
353
653
678
284
570
499
474
546
864
771
1139
519
284
628
297
526
972
669
663
899
672
722
1191
618
1183
878
678
1108
449
565
607
308
285
331
499
525
917
770
682
320
522
588
507
495
592
579
257
639
258
543
990
829
622
830
761
548
1048
586
668
656
654
826
1119
979
549
874
600
768
443
592
907
724
540
329
794
659
874
1024
656
480
673
699
845
281
493
905
542
785
995
704
1109
541
311
384
772
359
841
1026
384
747
542
790
555
388
332
639
1264
261
797
840
636
538
488
771
305
1003
315
1107
520
240
717
944
806
618
321
1030
883
516
483
610
253
549
955
697
471
1160
798
874
632
476
434
345
348
487
919
518
525
505
895
936
607
620
641
606
693
380
1239
598
754
1000
722
1078
398
439
573
566
477
468
570
492
511
481
498
963
402
359
323
603
764
422
375
648
781
303
722
549
554
532
552
978
276
713
748
468
497
602
1816
1113
455
279
985
610
415
793
464
778
673
312
749
461
717
692
287
638
930
789
696
929
391
331
328
575
945
790
1036
495
635
657
311
798
360
349
690
328
305
643
571
367
384
551
784
1009
751
500
640
1366
603
392
243
491
523
269
405
292
532
405
380
580
406
876
770
594
462
879
584
381
509
867
685
1042
794
922
456
365
977
651
660
616
663
357
706
327
763
1007
557
249
698
491
1147
584
958
1003
477
444
377
366
367
409
504
867
345
700
971
794
481
295
421
445
550
725
624
319
785
382
295
673
762
1047
800
630
288
754
363
475
387
731
452
428
1294
497
282
764
810
765
921
466
691
1084
801
408
279
758
260
434
358
330
650
454
349
351
720
716
956
680
857
586
290
849
1333
346
547
351
606
523
869
293
464
740
479
1698
805
505
332
705
732
485
1069
606
787
417
774
812
296
695
640
780
491
769
463
1042
968
409
680
856
602
478
390
503
826
826
617
247
302
383
508
505
337
570
452
277
485
247
571
1024
520
940
526
236
462
301
1016
737
499
428
765
701
624
478
752
743
281
282
857
735
758
658
292
926
899
599
815
585
545
536
718
295
418
546
329
376
548
771
942
630
738
279
377
307
401
967
975
927
399
437
873
327
531
413
431
448
760
255
528
374
643
612
929
315
257
644
688
1153
765
520
397
593
629
1784
1273
288
398
892
448
843
435
303
684
518
724
784
836
969
1184
314
637
725
1177
1059
680
609
858
584
619
339
432
731
598
956
963
987
1109
814
931
983
962
954
656
427
322
360
963
555
818
611
312
627
640
382
295
514
846
1079
833
710
539
658
510
610
576
467
924
314
748
324
531
927
287
325
328
537
658
937
475
800
629
376
475
681
871
738
1124
661
759
776
884
519
714
298
505
471
443
975
790
809
520
595
924
921
842
549
638
646
838
734
773
826
747
672
875
1190
619
496
519
720
651
838
512
359
744
636
549
563
440
303
582
494
508
375
661
590
1159
954
878
432
664
507
517
267
372
444
429
312
673
772
599
948
1074
771
746
955
658
846
676
935
841
681
588
1019
596
668
392
988
433
622
796
821
655
551
631
301
702
498
265
655
808
765
515
653
508
273
614
801
1125
317
945
277
605
1363
718
1107
1041
616
328
577
529
464
773
558
397
352
932
293
1132
1386
863
811
453
452
750
442
462
990
1185
1391
459
465
915
474
786
323
785
773
772
669
780
669
758
384
531
557
485
324
310
971
551
653
792
1008
479
486
612
328
385
812
438
807
625
973
275
424
446
404
754
299
246
387
341
323
416
842
593
453
592
747
557
350
308
434
755
534
416
728
942
1012
266
900
272
323
757
442
559
1179
488
304
459
870
365
305
448
1007
554
621
590
1178
637
458
444
508
281
798
879
941
1208
767
477
564
258
352
353
446
598
562
344
315
438
529
388
583
618
819
932
803
761
791
1351
754
565
464
435
382
400
384
1014
1278
933
593
309
341
522
866
908
1108
839
923
315
359
919
594
446
496
842
1558
450
512
828
803
480
590
565
352
874
475
263
321
615
553
587
433
585
261
344
678
1060
969
329
470
757
431
970
312
427
1143
682
753
636
583
655
1162
693
744
823
898
665
315
341
622
580
900
453
298
538
945
680
668
906
606
988
767
884
759
964
502
611
809
619
350
721
556
1106
596
871
970
929
650
680
330
677
822
960
817
375
303
749
519
729
937
1118
830
360
459
515
975
512
569
459
590
234
368
386
622
711
525
524
