1128
1456
1324
1323
1338
1244
1405
1178
1463
1399
1307
1206
1331
1247
1262
1253
1377
1377
1327
1343
1537
1309
1342
1355
1242
1375
1257
1261
1272
1289
1321
1373
1155
1376
1349
1310
1399
1330
1313
1338
1265
1252
1577
1265
1259
1355
1285
1296
1322
1385
1335
1337
1385
1269
1314
1332
1277
1395
1377
1264
1294
1369
1252
1255
1287
1236
1302
1325
1244
1469
1376
1436
1496
1471
1185
1437
1386
1348
1382
1355
1157
1261
1287
1214
1474
1222
1204
1382
1233
1375
1235
1211
1233
1238
1290
1218
1453
1464
1204
1198
1289
1340
1332
1334
1266
1347
1231
1387
1254
1328
1350
1132
1329
1283
1336
1225
1323
1404
1285
1412
1246
1286
1435
1317
1306
1271
1366
1249
1347
1384
1311
1372
1318
1331
1282
1178
1251
1303
1473
1181
1250
1148
1380
1243
1361
1438
1132
1230
1326
1388
1292
1340
1375
1227
1254
1335
1261
1244
1273
1341
1413
1289
1274
1237
1228
1360
1285
1272
1258
1340
1271
1286
1216
1463
1223
1263
1408
1293
1159
1203
1244
1187
1386
1331
1250
1230
1254
1248
1312
1336
1262
1229
1456
1378
1186
1178
1485
1425
1170
1286
1366
1352
1254
1361
1244
1323
1207
1233
1296
1328
1370
1239
1308
1351
1442
1423
1274
1329
1295
1352
1164
1456
1338
1260
1265
1332
1272
1259
1254
1275
1453
1253
1269
1320
1292
1359
1278
1337
1247
1309
1468
1244
1240
1186
1197
1212
1278
1193
1158
1243
1157
1374
1294
1386
1218
1351
1260
1252
1182
1340
1396
1322
1258
1233
1197
1284
1189
1213
1123
1274
1293
1229
1260
1353
1261
1215
1293
1275
1293
1265
1243
1267
1325
1128
1383
1195
1391
1265
1238
1350
1339
1185
1189
1215
1266
1328
1284
1333
1295
1281
1264
1158
1417
1252
1292
1207
1262
1103
1289
1339
1288
1287
1260
1230
1197
1322
1193
1221
1331
1248
1402
1247
1233
1193
1387
1275
1258
1210
1321
1277
1345
1416
1324
1328
1318
1225
1416
1378
1246
1347
1404
1463
1099
1335
1396
1286
1465
1367
1337
1326
1280
1227
1300
1227
1189
1270
1307
1252
1258
1337
1311
1310
1229
1194
1257
1312
1293
1371
1421
1264
1159
1256
1296
1263
1295
1393
1172
1133
1369
1308
1297
1232
1281
1164
1353
1238
1181
1225
1306
1256
1222
1382
1241
1271
1257
1404
1185
1425
1238
1226
1290
1416
1302
1270
1274
1317
1345
1214
1315
1216
1287
1271
1315
1255
1190
1318
1348
1365
1259
1214
1289
1238
1210
1284
1225
1307
1248
1347
1269
1170
1208
1239
1242
1198
1245
1310
1282
1323
1260
1304
1288
1208
1222
1174
1128
1274
1252
1253
1206
1126
1207
1232
1307
1339
1297
1230
1394
1364
1301
1331
1307
1162
1268
1209
1263
1244
1124
1245
1239
1181
1185
1337
1196
1221
1200
1353
1194
1403
1215
1467
1368
1382
1239
1288
1344
1092
1229
1202
1356
1184
1244
1232
1325
1317
1252
1263
1408
1233
1170
1297
1262
1433
1347
1364
1227
1160
1296
1260
1234
1190
1397
1316
1282
1286
1292
1195
1229
1213
1268
1380
1355
1266
1290
1314
1339
1278
1263
1270
1201
1159
1254
1209
1262
1250
1311
1227
1172
1265
1238
1357
1365
1329
1093
1248
1295
1156
1144
1364
1165
1148
1276
1274
1185
1338
1310
1260
1247
1189
1261
1211
1214
1253
1111
1261
1228
1153
1350
1337
1296
1230
1255
1307
1105
1352
1285
1266
1258
1337
1240
1132
1155
1304
1364
1236
1285
1308
1099
1205
1333
1230
1276
1299
1190
1149
1170
1139
1220
1285
1154
1203
1148
1214
1232
1206
1227
1264
1130
1286
1341
1202
1351
1285
1296
1181
1141
1283
1231
1290
1171
1387
1244
1216
1182
1301
1264
1117
1301
1170
1221
1322
1147
1186
1237
1164
1208
1287
1183
1165
1247
1220
1243
1177
1197
1382
1361
1294
1241
1261
1312
1258
1178
1154
1293
1303
1221
1148
1294
1254
1249
1391
1219
1335
1268
1266
1333
1307
1322
1309
1257
1168
1265
1255
1233
1241
1178
1352
1268
1142
1318
1302
1259
1199
1164
1312
1272
1312
1221
1352
1240
1229
1241
1264
1203
1254
1278
1186
1163
1227
1164
1276
1266
1270
1230
1216
1207
1210
1306
1164
1164
1230
1222
1307
1452
1242
1197
1299
1205
1250
1391
1167
1131
1356
1304
1206
1256
1259
1186
1153
1253
1182
1245
1270
1233
1236
1311
1289
1229
1220
1300
1319
1316
1287
1093
1151
1178
1214
1419
1207
1222
1148
1238
1219
1215
1244
1218
1251
1258
1211
1233
1220
1158
1265
1261
1400
1289
1263
1103
1210
1228
1138
1311
1189
1249
1292
1137
1190
1114
1152
1249
1257
1177
1214
1264
1244
1265
1124
1308
1276
1203
1334
1126
1350
1146
1375
1319
1204
1175
1221
1284
1136
1214
1265
1222
1253
1144
1153
1125
1197
1274
1454
1301
1354
1235
1077
1186
1365
1285
1272
1169
1231
1215
1068
1232
1249
1265
1261
1145
1241
1126
1261
1174
1181
1193
1240
1261
1328
1251
1256
1259
1236
1191
1218
1368
1207
1252
1239
1329
1254
1054
1278
1266
1180
1161
1234
1287
1163
1202
1168
1123
1142
1280
1309
1118
1213
1297
1204
1180
1230
1228
1253
1150
1143
1231
1364
1363
1268
1212
1317
1262
1249
1211
1274
1208
1198
1191
1190
1265
1176
1269
1180
1389
1290
1268
1298
1185
1221
1192
1212
1190
1110
1209
1364
1261
1240
1246
1116
1144
1267
1243
1178
1247
1351
1345
1258
1327
1276
1135
1242
1241
1117
1175
1180
1231
1122
1262
1221
1284
1194
1122
1294
1288
1213
1218
1229
1275
1244
1310
1283
1321
1226
1101
1167
1238
1215
1391
1209
1351
1302
1162
1268
1245
1252
1283
1127
1180
1380
1274
1174
1285
1368
1267
1239
1176
1267
1238
1249
1348
1191
1098
1143
1255
1303
1054
1235
1276
1226
1208
1241
1132
1201
1172
1189
1212
1256
1238
1150
1177
1150
1284
1238
1142
1232
1196
1171
1292
1199
1133
1210
1172
1347
