0.482
0.509
0.525
0.636
0.516
0.525
0.707
0.512
0.526
0.624
0.513
0.525
0.618
0.516
0.525
0.663
0.521
0.528
0.723
0.512
0.525
0.721
0.520
0.526
0.587
0.510
0.526
0.626
0.511
0.525
0.598
0.520
0.524
0.657
0.508
0.525
0.596
0.740
0.526
0.527
0.528
0.589
0.505
0.524
0.663
0.517
0.719
0.516
0.525
0.718
0.501
0.518
0.721
0.514
0.525
0.660
0.520
0.710
0.505
0.523
0.656
0.740
0.580
0.741
0.524
0.528
0.583
0.514
0.525
0.527
0.574
0.514
0.525
0.660
0.519
0.526
0.583
0.744
0.525
0.724
0.513
0.525
0.727
0.516
0.523
0.717
0.514
0.721
0.517
0.526
0.724
0.511
0.527
0.622
0.513
0.526
0.629
0.512
0.638
0.519
0.526
0.526
0.632
0.520
0.527
0.726
0.518
0.524
0.723
0.515
0.667
0.515
0.526
0.608
0.514
0.727
0.515
0.566
0.517
0.577
0.749
0.666
0.513
0.718
0.511
0.524
0.554
0.516
0.522
0.561
0.511
0.524
0.670
0.515
0.523
0.582
0.519
0.593
0.743
0.526
0.489
0.520
0.667
0.518
0.609
0.744
0.526
0.627
0.520
0.607
0.744
0.526
0.527
0.726
0.515
0.526
0.589
0.513
0.528
0.717
0.508
0.525
0.526
0.629
0.515
0.526
0.714
0.518
0.526
0.610
0.513
0.525
0.631
0.512
0.525
0.668
0.517
0.523
0.558
0.510
0.526
0.573
0.519
0.719
0.737
0.749
0.719
0.514
0.526
0.721
0.512
0.525
0.719
0.517
0.579
0.510
0.520
0.637
0.510
0.525
0.719
0.515
0.527
0.610
0.518
0.526
0.635
0.517
0.527
0.669
0.515
0.527
0.663
0.515
0.524
0.724
0.746
0.526
0.714
0.511
0.524
0.717
0.513
0.526
0.600
0.518
0.523
0.650
0.522
0.527
0.589
0.513
0.525
0.712
0.518
0.523
0.619
0.501
0.516
0.481
0.504
0.523
0.525
0.664
0.520
0.609
0.739
0.526
0.527
0.630
0.518
0.526
0.722
0.517
0.528
0.657
0.507
0.524
0.714
0.515
0.524
0.590
0.516
0.526
0.722
0.513
0.670
0.519
0.630
0.516
0.525
0.728
0.516
0.525
0.526
0.727
0.515
0.526
0.721
0.517
0.526
0.720
0.520
0.615
0.521
0.712
0.522
0.610
0.520
0.667
0.517
0.526
0.573
0.743
0.610
0.518
0.524
0.631
0.510
0.524
0.554
0.741
0.524
0.526
0.578
0.509
0.521
0.655
0.508
0.524
0.727
0.517
0.527
0.723
0.745
0.523
0.714
0.498
0.521
0.635
0.748
0.591
0.519
0.524
0.707
0.519
0.527
0.633
0.518
0.527
0.603
0.521
0.527
0.677
0.744
0.523
0.639
0.516
0.524
0.603
0.518
0.526
0.674
0.514
0.524
0.558
0.740
0.526
0.669
0.514
0.576
0.507
0.518
0.524
0.558
0.500
0.520
0.622
0.513
0.527
0.722
0.517
0.526
0.714
0.509
0.521
0.599
0.519
0.525
0.591
0.515
0.525
0.588
0.749
0.527
0.731
0.521
0.526
0.724
0.522
0.526
0.638
0.515
0.524
0.660
0.510
0.524
0.663
0.517
0.527
0.669
0.507
0.524
0.630
0.519
0.576
0.741
0.524
0.624
0.510
0.525
0.632
0.514
0.525
0.527
0.608
0.523
0.710
0.512
0.591
0.745
0.670
0.511
0.524
0.670
0.519
0.527
0.585
0.510
0.525
0.633
0.516
0.663
0.514
0.636
0.743
0.668
0.510
0.526
0.564
0.522
0.527
0.714
0.518
0.527
0.527
0.723
0.516
0.524
0.640
0.522
0.713
0.512
0.526
0.589
0.517
0.609
0.511
0.625
0.512
0.724
0.513
0.524
0.703
0.503
0.563
0.512
0.526
0.715
0.513
0.524
0.527
0.636
0.519
0.525
0.560
0.514
0.725
0.514
0.526
0.712
0.515
0.522
0.654
0.514
0.526
0.718
0.511
0.526
0.671
0.521
0.526
0.725
0.748
0.664
0.522
0.527
0.527
0.661
0.520
0.528
0.627
0.519
0.524
0.639
0.518
0.714
0.509
0.667
0.512
0.526
0.713
0.515
0.525
0.560
0.513
0.527
0.723
0.510
0.525
0.525
0.723
0.745
0.526
0.637
0.520
0.628
0.512
0.528
0.668
0.518
0.527
0.727
0.521
0.708
0.744
0.631
0.514
0.526
0.722
0.513
0.524
0.664
0.508
0.521
0.525
0.627
0.510
0.524
0.602
0.512
0.723
0.518
0.625
0.510
0.612
0.749
0.527
0.672
0.514
0.525
0.525
0.668
0.517
0.525
0.667
0.745
0.599
0.511
0.525
0.605
0.519
0.524
0.555
0.510
0.524
0.706
0.511
0.525
0.636
0.513
0.524
0.568
0.511
0.526
0.584
0.516
0.526
0.724
0.517
0.524
0.632
0.518
0.526
0.580
0.509
0.525
0.634
0.740
0.523
0.716
0.523
0.583
0.514
0.526
0.729
0.516
0.526
0.628
0.519
0.525
0.557
0.507
0.524
0.589
0.514
0.525
0.595
0.516
0.525
0.627
0.515
0.526
0.551
0.507
0.525
0.707
0.507
0.525
0.716
0.519
0.621
0.518
0.526
0.635
0.515
0.732
0.517
0.525
0.725
0.521
0.528
0.664
0.510
0.524
0.717
0.518
0.577
0.741
0.523
0.717
0.743
0.523
0.725
0.512
0.524
0.526
0.722
0.519
0.525
0.571
0.516
0.601
0.523
0.527
0.672
0.520
0.567
0.518
0.526
0.591
0.523
0.558
0.517
0.525
0.718
0.520
0.594
0.516
0.523
0.624
0.512
0.527
0.664
0.512
0.526
0.655
0.509
0.524
0.671
0.519
0.720
0.740
0.713
0.509
0.524
0.714
0.510
0.524
0.526
0.608
0.743
0.526
0.723
0.512
0.525
0.716
0.510
0.524
0.633
0.514
0.629
0.510
0.520
0.673
0.515
0.523
0.558
0.512
0.526
0.528
0.567
0.514
0.550
0.518
0.527
0.666
0.517
0.608
0.739
0.525
0.631
0.518
0.527
0.577
0.737
0.522
0.601
0.744
0.527
0.584
0.513
0.526
0.607
0.510
0.524
0.730
0.524
0.573
0.744
0.525
0.668
0.516
0.632
0.743
0.527
0.604
0.518
0.717
0.505
0.657
0.510
0.524
0.606
0.514
0.526
0.723
0.518
0.526
0.715
0.746
0.523
0.720
0.744
0.526
0.668
0.516
0.526
0.528
0.631
0.522
0.631
0.512
0.523
0.714
0.509
0.526
0.612
0.521
0.623
0.512
0.525
0.716
0.507
0.524
0.525
0.723
0.520
0.527
0.609
0.745
0.526
0.527
0.584
0.742
0.526
0.626
0.515
0.596
0.513
0.526
0.605
0.515
0.713
0.514
0.677
0.742
0.619
0.515
0.527
0.572
0.516
0.527
0.717
0.520
0.676
0.524
0.527
0.723
0.521
0.527
0.720
0.509
0.525
0.567
0.513
0.527
0.630
0.517
0.527
0.718
0.517
0.717
0.514
0.525
0.669
0.521
0.544
0.738
0.525
0.668
0.511
0.666
0.518
0.665
0.514
0.524
0.722
0.520
0.713
0.516
0.581
0.511
0.524
0.669
0.526
0.721
0.744
0.527
0.610
0.516
0.526
0.710
0.515
0.524
0.728
0.517
0.524
0.525
0.710
0.512
0.526
0.720
0.508
0.522
0.588
0.516
0.526
0.655
0.511
0.672
0.517
0.525
0.723
0.518
0.525
0.634
0.516
0.527
0.626
0.516
0.524
0.525
0.587
0.512
0.630
0.514
0.525
0.716
0.520
0.666
0.520
0.722
0.520
0.526
0.717
0.516
0.525
0.526
0.716
0.511
0.525
0.622
0.516
0.526
0.722
0.516
0.524
0.615
0.516
0.524
0.671
0.742
0.525
0.627
0.517
0.568
0.513
0.526
0.669
0.509
0.528
0.681
0.522
0.527
0.570
0.512
0.628
0.518
0.527
0.712
0.514
0.526
0.715
0.518
0.594
0.515
0.526
0.527
0.634
0.520
0.527
0.620
0.512
0.526
0.666
0.512
0.526
0.727
0.516
0.524
0.568
0.510
0.522
0.628
0.519
0.526
0.599
0.741
0.523
0.525
0.657
0.520
0.720
0.509
0.640
0.515
0.669
0.519
0.524
0.525
0.679
0.518
0.525
0.716
0.518
0.524
0.526
0.641
0.518
0.527
0.485
0.512
0.525
0.720
0.517
0.524
0.721
0.518
0.527
0.614
0.515
0.526
0.720
0.517
0.589
0.516
0.523
0.525
0.664
0.515
0.523
0.677
0.744
0.526
0.619
0.521
0.570
0.509
0.523
0.574
0.516
0.597
0.743
0.602
0.513
0.527
0.572
0.507
0.676
0.519
0.666
0.743
0.524
0.706
0.508
0.526
0.623
0.513
0.526
0.662
0.740
0.524
0.656
0.518
0.525
0.620
0.508
0.526
0.589
0.521
0.664
0.512
0.717
0.518
0.657
0.518
0.722
0.507
0.523
0.579
0.744
0.523
0.638
0.517
0.526
0.526
0.723
0.518
0.526
0.717
0.511
0.525
0.562
0.511
0.563
0.513
0.524
0.722
0.513
0.524
0.562
0.512
0.720
0.512
0.524
0.603
0.517
0.527
0.712
0.515
0.642
0.524
0.527
0.726
0.517
0.525
0.662
0.515
0.525
0.679
0.515
0.527
0.704
0.512
0.525
0.597
0.512
0.524
0.636
0.508
0.523
0.526
0.623
0.513
0.525
0.526
0.722
0.519
0.716
0.512
0.525
0.664
0.515
0.522
0.705
0.512
0.524
0.719
0.515
0.667
0.520
0.580
0.517
0.526
0.605
0.515
0.612
0.744
0.526
0.723
0.517
0.526
0.605
0.513
0.665
0.519
0.722
0.519
0.593
0.747
0.603
0.507
0.525
0.716
0.517
0.720
0.519
0.525
0.668
0.748
0.721
0.519
0.525
0.666
0.514
0.641
0.519
0.641
0.744
0.526
0.667
0.515
0.526
0.580
0.512
0.673
0.519
0.526
0.717
0.513
0.523
0.577
0.518
0.525
0.612
0.747
0.623
0.509
0.490
0.518
0.656
0.512
0.523
0.625
0.515
0.526
0.638
0.519
0.524
0.608
0.520
0.611
0.523
0.729
0.518
0.527
0.662
0.512
0.524
0.717
0.515
0.524
0.631
0.510
0.524
0.526
0.596
0.521
0.557
0.522
0.713
0.513
0.522
0.526
0.590
0.739
0.523
0.524
0.611
0.518
0.525
0.655
0.513
0.524
0.672
0.514
0.525
0.548
0.519
0.526
0.726
0.515
0.525
0.664
0.517
0.526
0.595
0.521
0.606
0.518
0.631
0.515
0.527
0.603
0.511
0.525
0.573
0.515
0.525
0.721
0.517
0.526
0.719
0.517
0.721
0.522
0.601
0.513
0.525
0.579
0.736
0.523
0.676
0.517
0.523
0.720
0.513
0.525
0.714
0.511
0.524
0.724
0.510
0.523
0.525
0.720
0.510
0.524
0.525
0.634
0.518
0.524
0.609
0.742
0.525
0.526
0.658
0.515
0.524
0.722
0.521
0.673
0.514
0.557
0.506
0.522
0.526
0.671
0.517
0.719
0.516
0.709
0.517
0.596
0.514
0.663
0.509
0.524
0.602
0.517
0.526
0.636
0.516
0.526
0.630
0.515
0.528
0.721
0.519
0.526
0.714
0.512
0.524
0.664
0.505
0.526
0.575
0.510
0.605
0.515
0.525
0.604
0.515
0.525
0.575
0.517
0.524
0.721
0.518
0.525
0.671
0.520
0.524
0.608
0.507
0.522
0.613
0.518
0.525
0.657
0.514
0.525
0.661
0.523
0.725
0.521
0.576
0.743
0.526
0.555
0.512
0.526
0.629
0.510
0.523
0.720
0.521
0.602
0.505
0.586
0.516
0.584
0.513
0.525
0.669
0.517
0.546
0.508
0.524
0.588
0.511
0.525
0.666
0.514
0.527
0.636
0.516
0.526
0.723
0.518
0.526
0.643
0.519
0.634
0.517
0.525
0.657
0.510
0.524
0.724
0.513
0.525
0.721
0.512
0.524
0.729
0.521
0.617
0.744
0.524
0.731
0.517
0.524
0.717
0.741
0.524
0.666
0.514
0.524
0.580
0.742
0.525
0.586
0.520
0.526
0.526
0.552
0.505
0.522
0.721
0.518
0.525
0.565
0.517
0.525
0.717
0.509
0.668
0.516
0.637
0.512
0.596
0.515
0.526
0.631
0.506
0.524
0.608
0.740
0.525
0.665
0.516
0.526
0.711
0.513
0.526
0.671
0.516
0.524
0.581
0.510
0.524
0.622
0.505
0.522
0.562
0.514
0.525
0.623
0.509
0.524
0.610
0.511
0.525
0.725
0.516
0.630
0.513
0.527
0.717
0.517
0.525
0.607
0.511
0.525
0.592
0.742
0.525
0.564
0.511
0.525
0.716
0.514
0.525
0.566
0.743
0.523
0.721
0.519
0.528
0.603
0.512
0.526
0.658
0.516
0.525
0.475
0.519
0.659
0.516
0.527
0.581
0.514
0.624
0.511
0.523
0.525
0.586
0.517
0.671
0.512
0.732
0.520
0.526
0.722
0.514
0.525
0.633
0.516
0.524
0.716
0.512
0.524
0.616
0.517
0.526
0.711
0.514
0.526
0.527
0.654
0.512
0.524
0.615
0.519
0.528
0.666
0.739
0.523
0.527
0.721
0.512
0.526
0.570
0.742
0.526
0.606
0.518
0.717
0.521
0.717
0.516
0.640
0.522
0.582
0.740
0.527
0.574
0.507
0.524
0.584
0.511
0.521
0.727
0.517
0.524
0.632
0.515
0.714
0.512
0.632
0.743
0.525
0.722
0.511
0.525
0.664
0.508
0.524
0.584
0.513
0.525
0.556
0.744
0.527
0.593
0.515
0.522
0.608
0.511
0.526
0.718
0.518
0.525
0.731
0.518
0.524
0.724
0.515
0.526
0.729
0.521
0.664
0.740
0.524
0.583
0.741
0.719
0.516
0.522
0.569
0.743
0.580
0.507
0.523
0.712
0.512
0.528
0.659
0.520
0.660
0.515
0.664
0.515
0.526
0.591
0.513
0.528
0.664
0.517
0.526
0.608
0.520
0.527
0.577
0.510
0.525
0.656
0.744
0.606
0.512
0.526
0.634
0.518
0.528
0.672
0.518
0.523
0.667
0.738
0.524
0.525
0.614
0.517
0.527
0.546
0.738
0.520
0.525
0.711
0.513
0.525
0.719
0.737
0.524
0.606
0.507
0.525
0.666
0.515
0.527
0.604
0.511
0.526
0.661
0.515
0.527
0.603
0.516
0.525
0.718
0.514
0.713
0.500
0.519
0.526
0.526
0.727
0.520
0.526
0.628
0.743
0.526
0.568
0.510
0.525
0.606
0.504
0.523
0.664
0.510
0.525
0.566
0.515
0.525
0.675
0.521
0.669
0.740
0.524
0.723
0.517
0.526
0.619
0.509
0.526
0.669
0.514
0.526
0.724
0.513
0.526
0.602
0.514
0.526
0.590
0.519
0.629
0.505
0.525
0.632
0.516
0.716
0.513
0.641
0.743
0.527
0.664
0.511
0.525
0.721
0.518
0.524
0.727
0.514
0.524
0.525
0.593
0.510
0.525
0.709
0.516
0.526
0.632
0.523
0.526
0.719
0.523
0.715
0.513
0.524
0.599
0.519
0.525
0.710
0.512
0.520
0.721
0.509
0.525
0.612
0.745
0.525
0.724
0.522
0.712
0.514
0.526
0.657
0.743
0.525
0.632
0.522
0.632
0.516
0.525
0.714
0.515
0.526
0.724
0.517
0.635
0.515
0.522
0.629
0.514
0.522
0.719
0.518
0.525
0.605
0.514
0.637
0.511
0.525
0.722
0.740
0.525
0.668
0.749
0.671
0.515
0.524
0.489
0.518
0.526
0.632
0.513
0.614
0.745
0.526
0.565
0.747
0.526
0.717
0.745
0.527
0.716
0.515
0.526
0.625
0.511
0.525
0.728
0.519
0.716
0.516
0.527
0.664
0.510
0.523
0.594
0.514
0.525
0.571
0.512
0.524
0.527
0.575
0.510
0.523
0.557
0.736
0.527
0.666
0.517
0.527
0.722
0.513
0.722
0.517
0.526
0.599
0.523
0.496
0.513
0.673
0.518
0.722
0.508
0.521
0.527
0.662
0.514
0.659
0.511
0.524
0.711
0.509
0.719
0.518
0.526
0.623
0.743
0.526
0.592
0.745
0.714
0.515
0.525
0.578
0.517
0.524
0.664
0.515
0.525
0.619
0.508
0.526
0.630
0.516
0.523
0.705
0.505
0.525
0.717
0.513
0.582
0.513
0.716
0.517
0.527
0.663
0.513
0.523
0.655
0.510
0.525
0.525
0.640
0.516
0.525
0.728
0.518
0.526
0.632
0.739
0.521
0.574
0.520
0.527
0.527
0.568
0.514
0.526
0.638
0.521
0.527
0.717
0.517
0.526
0.721
0.515
0.654
0.514
0.528
0.626
0.513
0.527
0.722
0.514
0.526
0.665
0.517
0.522
0.525
0.662
0.515
0.525
0.525
0.671
0.512
0.526
0.591
0.516
0.527
0.527
0.477
0.512
0.525
0.583
0.512
0.525
0.640
0.517
0.525
0.564
0.742
0.526
0.636
0.744
0.655
0.514
0.526
0.635
0.748
0.622
0.742
0.526
0.629
0.518
0.525
0.586
0.508
0.524
0.656
0.508
0.524
0.627
0.513
0.721
0.510
0.524
0.636
0.515
0.525
0.526
0.728
0.513
0.526
0.610
0.518
0.528
0.725
0.516
0.525
0.657
0.510
0.524
0.609
0.522
0.527
0.610
0.514
0.711
0.509
0.520
0.606
0.518
0.527
0.668
0.514
0.525
0.634
0.511
0.525
0.727
0.519
0.527
0.604
0.745
0.525
0.658
0.510
0.525
0.721
0.512
0.526
0.609
0.510
0.522
0.665
0.512
0.524
0.615
0.516
0.637
0.517
0.470
0.514
0.524
0.628
0.516
0.527
0.726
0.523
0.588
0.511
0.526
0.714
0.509
0.596
0.745
0.527
0.602
0.513
0.524
0.527
0.716
0.516
0.524
0.719
0.517
0.526
0.723
0.514
0.525
0.718
0.512
0.528
0.627
0.513
0.597
0.507
0.522
0.727
0.522
0.613
0.514
0.526
0.714
0.511
0.523
0.527
0.714
0.517
0.526
0.623
0.512
0.525
0.723
0.516
0.524
0.672
0.517
0.525
0.715
0.512
0.524
0.592
0.519
0.525
0.526
0.640
0.515
0.526
0.635
0.515
0.660
0.509
0.526
0.571
0.514
0.524
0.717
0.508
0.525
0.593
0.511
0.628
0.512
0.526
0.717
0.513
0.524
0.723
0.516
0.665
0.518
0.526
0.627
0.741
0.725
0.515
0.528
0.636
0.522
0.526
0.580
0.509
0.525
0.672
0.512
0.522
0.661
0.514
0.525
0.716
0.515
0.606
0.515
0.525
0.719
0.518
0.527
0.590
0.518
0.526
0.632
0.738
0.525
0.587
0.518
0.720
0.518
0.526
0.625
0.513
0.526
0.635
0.514
0.526
0.632
0.515
0.524
0.633
0.514
0.523
0.526
0.717
0.514
0.527
0.665
0.740
0.707
0.512
0.524
0.670
0.744
0.661
0.514
0.526
0.713
0.513
0.524
0.719
0.742
0.525
0.589
0.505
0.523
0.629
0.515
0.521
0.526
0.721
0.519
0.526
0.611
0.520
0.525
0.673
0.510
0.525
0.726
0.516
0.526
0.600
0.511
0.524
0.548
0.737
0.520
0.607
0.744
0.590
0.524
0.636
0.516
0.526
0.665
0.513
0.524
0.525
0.723
0.744
0.525
0.608
0.739
0.525
0.720
0.514
0.578
0.511
0.526
0.621
0.741
0.526
0.636
0.518
0.526
0.626
0.514
0.524
0.716
0.516
0.623
0.518
0.525
0.606
0.520
0.644
0.521
0.718
0.511
0.524
0.555
0.511
0.523
0.723
0.519
0.523
0.526
0.729
0.517
0.526
0.666
0.503
0.523
0.524
0.588
0.744
0.730
0.520
0.526
0.646
0.511
0.524
0.712
0.518
0.524
0.526
0.717
0.518
0.594
0.515
0.522
0.525
0.673
0.515
0.523
0.666
0.515
0.524
0.555
0.515
0.625
0.739
0.520
0.525
0.625
0.519
0.715
0.511
0.523
0.636
0.517
0.630
0.512
0.528
0.574
0.520
0.527
0.538
0.506
0.523
0.711
0.513
0.527
0.720
0.520
0.625
0.508
0.526
0.724
0.515
0.629
0.515
0.525
0.554
0.735
0.526
0.605
0.509
0.525
0.719
0.743
0.527
0.527
0.617
0.743
0.524
0.579
0.516
0.527
0.722
0.520
0.526
0.658
0.518
0.526
0.596
0.742
0.588
0.513
0.525
0.581
0.516
0.582
0.514
0.526
0.576
0.514
0.524
0.527
0.627
0.515
0.661
0.518
0.525
0.525
0.715
0.743
0.659
0.513
0.524
0.623
0.508
0.524
0.718
0.515
0.527
0.560
0.514
0.527
0.660
0.504
0.524
0.527
0.719
0.520
0.525
0.582
0.742
0.626
0.513
0.523
0.631
0.515
0.523
0.558
0.741
0.526
0.611
0.520
0.553
0.511
0.522
0.527
0.627
0.512
0.527
0.666
0.519
0.527
0.527
0.607
0.515
0.525
0.608
0.517
0.525
0.630
0.513
0.525
0.722
0.506
0.520
0.525
0.717
0.518
0.526
0.630
0.512
0.526
0.717
0.520
0.524
0.729
0.518
0.719
0.516
0.527
0.547
0.513
0.524
0.524
0.609
0.512
0.524
0.662
0.518
0.526
0.529
0.666
0.520
0.666
0.515
0.525
0.632
0.511
0.523
0.527
0.635
0.738
0.525
0.666
0.512
0.523
0.713
0.506
0.525
0.622
0.737
0.592
0.514
0.526
0.730
0.519
0.526
0.717
0.513
0.525
0.629
0.519
0.586
0.515
0.524
0.666
0.520
0.668
0.517
0.630
0.514
0.528
0.585
0.507
0.522
0.526
0.711
0.517
0.526
0.527
0.731
0.521
0.527
0.724
0.511
0.525
0.586
0.507
0.523
0.722
0.515
0.638
0.513
0.522
0.721
0.516
0.526
0.626
0.511
0.524
0.664
0.514
0.525
0.720
0.509
0.527
0.574
0.512
0.524
0.713
0.508
0.525
0.678
0.516
0.523
0.604
0.516
0.525
0.720
0.509
0.518
0.527
0.595
0.507
0.526
0.527
0.574
0.741
0.526
0.725
0.517
0.524
0.704
0.514
0.527
0.629
0.517
0.725
0.518
0.525
0.594
0.511
0.527
0.660
0.514
0.524
0.524
0.524
0.630
0.518
0.527
0.722
0.514
0.525
0.603
0.518
0.526
0.526
0.586
0.513
0.523
0.599
0.513
0.524
0.730
0.516
0.526
0.585
0.517
0.526
0.726
0.515
0.525
0.663
0.518
0.525
0.670
0.509
0.525
0.565
0.740
0.526
0.627
0.511
0.525
0.526
0.718
0.511
0.525
0.527
0.611
0.522
0.527
0.634
0.507
0.520
0.675
0.521
0.607
0.514
0.523
0.716
0.511
0.523
0.633
0.742
0.526
0.567
0.735
0.527
0.584
0.514
0.641
0.520
0.599
0.514
0.526
0.630
0.512
0.524
0.526
0.635
0.514
0.661
0.742
0.526
0.632
0.521
0.716
0.518
0.527
0.571
0.514
0.524
0.584
0.518
0.603
0.743
0.527
0.612
0.510
0.525
0.722
0.512
0.524
0.721
0.520
0.527
0.633
0.743
0.526
0.565
0.520
0.725
0.515
0.727
0.519
0.525
0.718
0.513
0.526
0.665
0.515
0.526
0.720
0.522
0.640
0.519
0.525
0.575
0.510
0.526
0.631
0.515
0.525
0.525
0.572
0.515
0.711
0.506
0.522
0.717
0.518
0.574
0.515
0.524
0.572
0.514
0.524
0.526
0.572
0.515
0.525
0.612
0.515
0.526
0.591
0.513
0.524
0.602
0.508
0.523
0.526
0.600
0.513
0.525
0.619
0.506
0.521
0.724
0.516
0.525
0.667
0.512
0.520
0.527
0.592
0.510
0.525
0.671
0.744
0.526
0.720
0.516
0.714
0.515
0.526
0.624
0.514
0.526
0.528
0.715
0.517
0.582
0.523
0.634
0.741
0.524
0.722
0.516
0.545
0.509
0.600
0.518
0.527
0.527
0.720
0.520
0.525
0.600
0.516
0.664
0.516
0.527
0.607
0.517
0.525
0.661
0.515
0.529
0.603
0.517
0.526
0.660
0.517
0.600
0.510
0.716
0.510
0.582
0.515
