0
1456
0
0
0
0
0
0
0
0
0
992
992
0
0
992
0
0
0
496
496
2400
496
0
0
0
0
0
0
0
496
0
0
496
0
0
1488
0
0
0
0
0
0
496
976
0
0
0
0
0
0
0
496
0
0
0
0
0
0
0
992
0
0
496
0
976
992
0
0
0
0
0
1488
0
0
0
0
0
0
0
0
976
992
0
0
976
0
976
0
0
0
496
992
0
496
0
0
0
0
496
0
0
0
0
976
0
0
0
0
0
0
0
0
0
496
976
976
992
0
0
0
496
0
0
976
496
0
0
0
0
976
496
0
0
496
992
0
496
0
0
0
496
0
0
992
0
0
0
496
0
0
0
0
0
496
496
496
992
0
496
496
0
496
0
0
992
0
1488
496
496
496
0
0
0
0
0
0
496
0
976
0
0
0
0
496
496
0
976
0
0
992
0
0
496
0
0
0
976
992
0
0
992
992
0
0
976
0
0
0
496
496
496
0
496
0
0
0
992
0
0
0
1456
992
0
0
0
0
1456
0
496
0
0
496
976
992
496
0
496
0
0
496
0
0
0
0
0
0
0
0
0
0
0
976
992
976
0
0
0
976
992
0
0
0
0
0
976
496
496
0
496
496
992
992
0
0
0
496
0
0
0
0
1456
0
976
0
0
0
992
0
0
0
0
0
0
0
992
0
0
0
0
496
0
0
496
0
0
992
496
992
0
0
496
0
0
0
0
0
992
1440
0
0
976
0
992
496
1488
992
496
0
0
0
0
496
0
0
0
0
0
496
0
496
0
0
