1270
1069
1532
2089
1297
2111
2763
1552
1733
1490
3185
1522
2092
1025
1455
1252
1456
1680
1309
1428
1556
2038
1757
1253
1468
2059
1503
1550
2190
1026
1236
1039
1479
1758
2291
2092
1946
1496
1637
1312
2224
1104
1571
1512
1519
1043
1488
1272
1371
1499
2169
2079
2003
1101
1125
1985
1259
1495
1744
1293
1446
1768
1564
2495
2003
1631
1741
1548
1473
1144
1438
1559
1765
1785
1438
2103
1573
2048
1490
1280
1454
3021
1786
1979
2079
1564
1556
1435
1259
1295
1464
1710
1593
2074
1309
1410
2057
1198
2028
1351
1283
1632
1672
1675
1441
1538
2132
1452
1792
1691
1464
1701
1078
1440
1763
2184
2076
1752
2545
1499
1521
1529
2364
1313
1542
1532
2012
1262
1478
1321
1772
2389
1793
1479
1529
1104
1563
1857
1756
1853
902
1336
1545
1832
1727
2052
1734
1454
1264
1355
1704
2030
1520
1554
1601
1456
1257
1559
1778
1783
2839
1303
1753
1241
1327
1197
1899
1728
1741
1472
1773
1405
1063
1513
1829
1779
1262
2617
1499
1608
1849
1088
1101
1704
1715
1503
1729
1096
1421
1291
1977
1784
1504
1272
1266
1282
1571
1434
1779
1436
1766
1245
1819
1315
1948
1518
1253
1471
1498
1771
1447
2028
1739
1553
1552
1075
1263
1452
1078
1448
1485
1341
1298
1284
1566
1498
1444
1424
1739
1093
1665
1755
1742
1989
1315
1534
1724
1141
1469
1582
1982
1078
2197
1527
1830
1481
1859
1512
1223
1531
2138
2135
1804
1880
2103
1775
1073
1668
1313
1904
2049
2047
1240
1425
1258
1937
2310
1498
1749
1628
1779
2123
1250
1442
1479
1611
1759
1819
1274
1465
1278
1870
1530
1709
1557
1765
1316
1587
1072
1096
1741
2343
1497
1678
1029
1026
1265
1535
1662
2322
1260
1244
1266
1311
1999
1071
1240
1087
1695
2107
1571
2044
1066
1772
1670
1524
2735
1425
1697
1546
1092
1784
1494
1440
1530
1779
1292
1704
1281
1713
1776
1318
2266
1471
1482
1032
1308
1564
1687
1896
1473
1480
1776
2078
2483
1290
2409
1262
1962
1980
2056
1539
1890
1784
1567
1591
1774
1695
1771
1395
1523
1472
1844
1261
1531
1493
2642
1252
1285
1278
1684
1809
1309
1577
900
1329
1801
1857
1259
1757
1814
1865
1465
1448
1286
1274
1277
1494
1089
1804
1725
2237
1093
1535
1120
1521
1238
1097
1301
1713
1470
2192
1575
1514
1256
1326
1455
1395
1448
1422
1281
1640
1081
1250
1790
1781
1931
1430
2094
1538
1652
1452
1447
2208
1764
2268
1956
1518
1281
1557
2003
1077
1277
1741
1460
1033
1989
1551
1154
885
2071
1725
1758
1425
1733
1484
1301
1773
1684
1795
1280
1285
1453
1525
1133
2347
1366
1714
1393
1625
1287
1720
1155
1573
1560
2163
1694
1475
1761
1875
1804
1453
1110
1392
1113
1521
1603
1775
1294
1871
2200
1471
1616
3602
1260
1247
1281
1622
1547
1337
1368
1996
1780
1235
1491
1576
1233
1292
1566
2114
1757
1321
1427
1939
1742
1457
1435
1499
1431
1262
1790
1281
1494
1727
1270
1542
2644
2133
1579
1253
1088
1099
1548
2115
1476
1242
1111
1278
1703
1385
1783
1465
1226
1796
2092
2343
2145
1333
1386
1604
1409
2559
2390
1791
1303
1590
1432
1553
2115
1291
1802
1488
1070
1073
1253
1142
1419
1992
1599
1765
1477
1396
1282
1683
1693
1701
1560
1868
1366
2090
1144
1740
1289
1847
1395
1769
1227
1396
1298
1571
1499
1623
2031
1718
1320
1702
1238
1409
1285
1699
1618
2105
1096
1346
1755
1788
1747
1672
1294
1523
1133
1573
1995
1962
1256
1019
1272
1981
2019
1485
2153
1812
1493
1073
1887
2026
1601
1828
1103
1420
1075
880
1619
1768
1737
2092
1876
1269
1452
1251
1285
1262
1924
1552
2256
1736
1545
1483
1291
2139
1558
1816
1290
3101
1581
1689
1423
1527
1598
1275
1693
1433
1304
2012
1739
1892
1783
1284
1554
1554
1096
1129
1943
1624
1424
1251
1092
1307
2393
1273
1380
1728
1770
1835
1239
1078
1231
1084
1370
1713
1496
1436
1333
1506
1309
1874
2006
1085
1582
1860
1439
2103
1789
1988
2079
2046
1249
1827
1722
1062
1681
1558
1539
1471
1745
1257
1082
1257
2625
1669
1398
1547
1467
1878
2162
1451
2320
1460
1266
1148
1086
1551
1561
1431
1760
1787
1556
1463
1361
1615
2536
1446
1121
1282
1484
1814
1301
2237
1773
1813
1246
1581
1248
1429
1320
2177
1552
1310
2022
1970
2066
1531
1079
1629
2065
2034
1515
1493
1528
3258
1664
1262
1469
1982
1623
2396
1924
1755
1095
1302
1136
1410
1261
1123
2276
1586
1548
1637
1573
1544
2527
885
1300
1082
1278
1091
1713
2224
1040
1759
1261
2056
1437
1418
1439
1694
1147
1662
1605
1531
1067
1537
2279
1506
1618
1515
1263
1102
1549
1431
1309
1595
1016
1538
1666
1432
1514
1273
1076
1504
1295
1438
1939
1925
1253
1255
1143
1757
2007
1276
1749
1283
1894
1084
1246
1080
1287
2086
1380
1567
2039
1389
1429
1749
1978
1681
2938
1778
1891
2244
1558
1286
1718
1558
1305
1022
2046
1776
1794
1790
1970
2082
1699
1271
2276
1391
1387
2298
2078
2122
2508
1816
2136
1542
2300
1862
1436
2085
1266
1541
1316
1595
1906
1297
1850
1087
1670
2037
1749
1551
1477
2031
1843
1552
1562
2373
1269
1559
1282
1665
1568
1249
1139
1794
1492
2169
1465
2509
1759
1527
1742
1253
1092
1666
1299
1789
1657
1796
1238
2354
1483
2051
1789
2013
2459
1439
1083
1732
1311
1436
1235
1254
1740
2396
1472
2082
1546
1154
1693
2001
1718
1268
890
1254
1489
1458
1278
1858
1426
1254
1628
1297
1780
2940
2261
1785
2110
1994
1727
2209
2125
1347
1109
2041
1087
1277
1273
1755
2270
1774
1086
1576
1448
1224
1100
1405
1118
1570
1302
1795
2347
1898
1457
1264
1247
2006
1833
2099
1273
1518
1120
2040
2136
1552
2044
1339
1710
1285
1558
1124
