0.186
0.119
0.204
0.134
0.143
0.175
0.222
0.209
0.204
0.169
0.172
0.199
0.166
0.214
0.197
0.210
0.217
0.270
0.249
0.224
0.192
0.189
0.172
0.162
0.169
0.204
0.221
0.286
0.137
0.161
0.169
0.186
0.140
0.174
0.210
0.267
0.166
0.191
0.185
0.220
0.175
0.166
0.140
0.230
0.218
0.193
0.175
0.129
0.196
0.203
0.170
0.183
0.253
0.187
0.166
0.190
0.163
0.164
0.187
0.192
0.185
0.127
0.215
0.213
0.149
0.186
0.217
0.190
0.243
0.235
0.183
0.195
0.233
0.162
0.154
0.160
0.278
0.210
0.192
0.164
0.241
0.171
0.192
0.202
0.227
0.218
0.228
0.175
0.198
0.197
0.194
0.170
0.195
0.175
0.205
0.217
0.173
0.190
0.135
0.189
0.246
0.218
0.189
0.170
0.136
0.142
0.181
0.138
0.214
0.245
0.192
0.194
0.176
0.217
0.133
0.177
0.185
0.232
0.164
0.266
0.195
0.191
0.218
0.194
0.185
0.188
0.161
0.169
0.200
0.174
0.196
0.177
0.301
0.162
0.129
0.176
0.163
0.179
0.185
0.162
0.217
0.216
0.166
0.160
0.175
0.194
0.226
0.166
0.246
0.215
0.234
0.200
0.169
0.176
0.164
0.209
0.212
0.200
0.194
0.152
0.162
0.173
0.169
0.160
0.246
0.166
0.147
0.203
0.255
0.238
0.196
0.234
0.200
0.196
0.182
0.256
0.198
0.158
0.198
0.190
0.224
0.196
0.188
0.166
0.207
0.165
0.148
0.301
0.234
0.205
0.203
0.164
0.230
0.218
0.234
0.134
0.232
0.210
0.141
0.165
0.159
0.169
0.138
0.211
0.231
0.193
0.204
0.165
0.233
0.164
0.190
0.170
0.160
0.174
0.231
0.205
0.161
0.187
0.139
0.213
0.220
0.198
0.205
0.128
0.188
0.198
0.198
0.194
0.189
0.203
0.164
0.221
0.196
0.194
0.225
0.190
0.166
0.170
0.196
0.161
0.190
0.185
0.185
0.168
0.198
0.198
0.169
0.160
0.252
0.181
0.203
0.242
0.243
0.165
0.223
0.180
0.217
0.160
0.187
0.194
0.189
0.218
0.264
0.224
0.222
0.211
0.158
0.217
0.143
0.169
0.162
0.175
0.247
0.157
0.176
0.231
0.215
0.202
0.175
0.208
0.190
0.212
0.230
0.201
0.193
0.137
0.169
0.168
0.168
0.240
0.247
0.193
0.260
0.224
0.166
0.198
0.170
0.195
0.166
0.168
