1265
1059
660
535
808
443
493
525
473
860
594
665
556
578
510
832
595
934
968
553
512
745
635
622
895
494
531
703
507
539
485
535
603
773
1110
831
1313
996
498
494
556
635
587
547
1078
1008
648
525
582
538
547
889
916
1022
762
1574
790
972
984
1500
1680
557
677
1098
735
643
557
506
586
970
1017
879
838
595
616
475
843
503
1006
1098
1184
1222
490
515
559
469
737
509
566
962
549
590
775
474
545
745
749
1031
1205
819
851
1448
789
643
672
802
639
951
1103
556
640
866
693
686
1086
1441
615
464
515
520
511
858
2041
1164
798
1054
533
1134
910
908
1394
484
598
520
597
503
668
815
1032
616
577
574
1186
1386
789
517
1659
580
612
532
588
936
794
1193
1410
1104
667
1011
636
527
506
586
902
1326
588
616
735
761
551
668
956
1199
632
1070
515
887
774
782
975
608
502
575
943
946
928
540
535
573
1119
1081
1217
1062
1466
656
671
1212
956
1523
529
531
546
549
514
613
1108
821
633
444
649
702
1333
1195
835
1131
960
778
570
443
528
868
900
920
566
505
611
535
984
1169
513
534
706
1413
1215
642
836
951
506
685
1218
583
597
701
541
605
760
467
610
514
696
765
599
588
548
450
540
535
670
1344
843
565
1023
926
547
590
590
578
756
577
626
587
1269
1041
1085
934
474
504
1121
1179
1021
1038
1242
1578
1018
638
604
594
496
554
591
579
1151
550
537
478
564
524
520
501
658
768
973
902
1097
776
1273
1691
909
853
549
582
576
715
472
541
478
854
1112
1493
1134
556
614
536
759
529
1019
875
830
556
515
576
666
816
1078
1237
1418
573
501
526
1205
770
738
1071
537
977
470
536
560
748
1459
531
444
591
633
473
589
685
503
401
617
1364
1076
473
431
522
748
926
767
520
576
613
920
854
482
833
1100
1345
625
787
468
648
719
1183
796
911
1116
756
1416
783
1071
485
446
789
834
1079
786
509
530
965
508
581
563
786
1006
831
1151
477
477
680
816
465
587
501
812
979
1361
1223
984
557
456
559
734
1329
530
614
479
557
798
496
735
920
558
485
649
533
686
462
484
554
583
704
1019
664
1594
1156
848
491
561
1001
1189
887
1149
557
462
550
465
560
608
520
913
620
511
1099
552
623
508
916
1090
527
464
488
1287
713
609
553
426
558
542
760
473
624
907
475
558
551
661
646
561
863
569
1264
504
489
615
463
523
497
740
752
827
968
977
986
1706
503
471
518
545
571
485
920
952
488
476
529
691
1177
899
996
736
1121
1204
485
471
588
610
1058
617
840
481
599
609
529
860
974
505
589
510
595
1124
1302
476
505
596
697
522
517
516
1305
1177
1013
873
740
510
502
1083
932
1091
1577
983
591
485
518
566
641
1368
504
517
618
504
506
569
952
766
726
752
706
854
580
545
749
950
598
502
552
888
878
538
431
545
1273
609
589
810
810
874
635
658
1017
518
557
478
577
1263
1063
546
503
502
608
579
861
826
450
413
695
1093
553
455
452
1008
652
533
486
534
619
794
1271
873
776
1174
922
798
486
582
970
789
610
569
556
603
481
667
540
500
530
598
1111
915
536
855
617
536
470
531
570
690
1095
662
501
1117
895
925
995
1018
557
549
540
506
583
1234
1196
661
1019
1128
1072
762
516
491
531
585
1130
525
578
517
534
541
573
921
779
761
846
836
648
1291
1162
1334
657
548
619
547
613
1153
949
550
636
938
621
758
963
786
744
605
531
630
892
862
1490
668
565
610
486
640
467
734
719
537
632
1061
982
463
536
537
586
594
1129
923
552
1081
422
609
746
1334
784
526
524
662
681
958
782
480
564
543
559
1039
801
828
983
633
905
1116
964
589
545
560
1066
558
445
544
1216
931
471
583
1321
772
874
595
523
674
942
915
540
481
461
461
1043
632
769
1184
749
792
870
757
518
476
715
595
769
791
637
772
940
555
419
597
584
1407
1115
1633
1697
617
603
554
606
537
570
552
1057
1122
919
965
986
1094
676
545
607
537
1078
1306
1222
996
1529
1046
787
555
915
928
1719
824
1209
585
901
661
455
564
698
1184
554
500
482
933
812
902
507
509
530
695
1368
1001
958
973
970
542
919
553
903
524
433
567
638
1754
1038
1383
1071
973
784
782
780
968
1009
1013
584
863
1024
979
973
1173
1007
628
1053
910
1106
1024
811
1063
998
563
495
558
774
925
535
516
547
528
539
604
639
616
573
506
542
829
873
458
544
547
549
515
872
442
462
594
735
581
501
462
997
885
751
964
786
1118
512
556
755
877
1362
481
428
741
1239
1067
447
452
519
680
1048
871
910
974
1158
948
774
652
875
921
1082
520
462
468
535
646
1017
983
1048
1254
982
756
428
629
485
501
1330
1129
712
1212
1082
811
958
921
1238
826
1237
554
467
529
576
504
699
1215
1725
1061
786
632
565
883
1174
1286
528
526
758
