864
1028
801
1004
957
864
827
1028
880
918
904
1037
803
1015
862
968
974
1057
970
941
881
986
853
873
956
926
916
989
844
872
984
982
848
856
914
1019
920
950
1150
947
1090
1182
973
864
1024
1100
883
895
921
991
1035
1059
1065
1047
921
944
963
954
863
984
945
1071
972
918
871
1136
1013
996
1111
1157
881
960
907
1012
899
885
999
1077
926
956
945
792
960
927
890
886
1067
843
986
1017
940
899
956
985
1010
947
829
927
977
1006
881
900
1100
899
978
941
816
1006
894
974
986
966
1003
929
1022
870
1122
928
879
903
961
1059
881
869
992
1100
887
1004
1067
955
857
993
915
890
944
1015
1054
1128
972
899
990
1030
901
1026
1009
950
888
910
969
1018
975
1030
804
933
811
1059
940
1039
828
949
1041
897
870
925
891
848
883
983
979
1002
1035
956
909
935
982
862
866
848
928
933
914
947
916
877
919
850
997
883
825
899
1054
1008
893
935
885
892
938
929
907
966
949
909
905
1028
983
1159
936
919
893
851
982
988
984
915
953
921
933
891
904
906
923
956
873
836
916
862
973
1018
959
910
926
931
915
845
949
912
891
965
891
838
932
1013
941
921
925
937
988
962
912
955
941
1071
777
894
861
923
987
993
970
934
1011
911
860
841
922
937
1010
926
1027
930
917
869
950
774
859
921
947
972
997
1008
977
880
1048
895
913
955
871
1041
866
839
935
884
964
916
924
851
1142
943
874
920
922
864
1054
977
1059
949
932
977
1022
940
1153
907
889
1066
984
971
923
941
997
931
934
1014
958
954
989
763
973
934
928
946
903
949
939
866
880
1017
903
869
911
804
1023
928
982
994
1035
947
966
891
895
891
956
937
917
976
979
878
1028
1061
960
906
907
885
953
977
894
881
1028
1002
909
872
822
822
833
883
874
876
859
821
952
910
793
962
833
937
882
771
1001
1024
953
919
925
1036
844
944
860
869
992
874
910
955
993
857
911
878
858
899
1089
938
1001
1000
897
925
968
921
882
911
919
864
938
955
928
849
900
889
932
937
951
892
840
992
955
923
1024
976
907
851
962
893
938
941
881
935
873
885
996
901
793
857
902
913
759
823
1080
832
915
922
971
861
1019
868
885
916
1013
859
932
912
997
919
934
880
910
914
857
826
934
903
941
779
956
1060
853
909
906
845
950
852
876
949
960
964
929
934
849
802
918
847
933
853
838
779
742
905
889
858
882
846
868
923
919
945
817
844
911
954
983
943
919
940
948
853
1063
990
861
939
905
1011
935
843
810
885
962
922
874
870
908
1004
916
973
923
957
904
933
1107
839
791
889
877
810
893
866
864
1031
847
931
965
824
958
961
880
952
910
855
939
913
1054
896
926
977
861
961
884
904
962
924
900
831
857
834
952
785
883
815
864
1009
931
888
820
940
797
894
899
971
857
849
926
848
982
811
841
901
930
1004
850
764
915
758
932
859
888
888
926
979
771
964
857
867
886
885
955
947
882
1001
822
843
875
841
872
877
732
883
885
932
948
839
922
841
912
878
884
860
876
908
903
880
931
898
914
937
991
865
886
821
880
960
953
894
965
940
908
835
867
845
919
940
821
869
844
835
878
915
935
895
869
978
908
871
883
964
833
872
882
909
955
841
881
923
822
884
942
902
832
832
834
951
834
945
846
1054
870
957
860
871
920
959
907
934
788
983
914
911
898
982
936
813
874
878
827
834
827
797
878
928
862
845
881
939
956
757
803
858
795
851
897
959
878
868
834
880
780
992
836
732
843
890
946
888
895
876
857
907
892
812
824
891
943
816
909
994
907
910
965
1049
938
839
860
937
908
720
936
843
932
892
827
886
869
953
932
885
857
877
970
957
852
868
881
870
896
869
945
944
826
921
900
941
839
904
861
895
824
874
828
898
940
863
913
969
926
960
819
911
921
916
835
789
1007
991
872
906
962
893
910
894
897
821
787
1117
767
795
845
945
808
879
812
972
936
970
808
802
855
898
854
886
964
910
999
1004
944
840
854
833
945
901
843
886
928
938
871
775
831
881
925
997
1024
975
936
890
895
815
832
812
858
921
913
916
905
832
931
867
893
845
898
904
882
797
865
804
836
970
845
818
814
994
967
857
977
877
995
903
906
923
921
846
1038
815
796
800
795
802
913
857
911
946
905
877
826
947
907
807
848
932
880
823
913
854
829
967
952
855
835
871
945
904
880
976
901
989
839
997
865
932
874
855
975
860
893
908
904
944
1018
977
837
781
829
859
993
907
941
886
827
909
934
783
912
915
827
874
751
874
890
909
891
845
901
879
831
959
1008
866
812
788
1011
851
792
840
903
818
763
782
923
931
863
890
841
835
872
914
962
876
831
891
