1121
971
1034
1038
1026
1181
1086
1275
1152
1010
1122
1113
1020
1102
1026
1183
1194
1043
1153
1105
1075
1216
1052
1095
1212
1073
1102
1072
1122
1077
1165
1086
1099
1187
1101
999
1083
1167
1199
1125
1214
1133
1097
1155
1206
1104
1112
1170
978
1215
1027
1147
1065
1106
1169
1071
1080
1030
1052
1080
1126
1117
1056
1046
1047
1180
1005
1107
1129
1063
1143
922
1050
1126
980
995
1048
1130
1025
1090
1202
1085
1240
1151
1056
1060
1062
1266
987
1094
1115
1089
998
1166
1183
1137
1221
964
1051
1104
1109
1130
1108
1087
1134
1106
1065
1034
999
1047
1049
967
1016
1022
1131
1174
1140
1032
1110
1040
1077
998
1064
1015
1164
1026
1059
1160
1227
1134
961
1041
945
1082
1021
1071
1133
1248
1027
1044
1049
1103
1095
1013
1141
1044
1089
1035
991
1287
1105
1131
1057
1123
1140
1070
885
1097
1076
1006
1099
1097
1084
1204
1157
1105
1024
1114
1089
1030
1067
1030
1025
1057
1010
1022
1101
1154
997
1043
1100
1013
976
1134
1173
971
1082
1239
918
1070
973
1122
983
1080
1098
1050
1055
1117
1059
1046
1036
1066
1026
1075
1115
1059
1030
1107
1003
1102
1190
1069
1135
1000
1022
1177
1065
1067
1034
1070
1173
1143
1034
1064
990
1134
973
1007
975
1061
1074
1115
1078
1082
1062
987
1256
1007
1053
998
1065
1131
1195
1021
1149
1029
1099
1040
1099
1057
1082
1066
1013
1078
1037
1057
1203
1036
962
1065
1036
950
1081
1109
1132
1109
1198
1057
1122
1026
1087
1075
1101
1058
1006
1048
1105
999
1073
1090
1100
1012
1065
1063
919
1211
1147
1027
944
1106
1064
962
1045
1010
1035
1172
1121
971
1026
1000
960
1095
1051
905
1029
1133
1123
1167
1004
954
986
1168
1060
1153
1121
1111
1059
1103
1003
1096
979
988
978
986
957
1041
1097
1031
987
1058
1266
1038
1130
1098
1193
985
1031
1036
985
989
1110
1085
935
976
1023
1049
971
1035
998
1068
1028
1057
1021
953
1098
1039
944
1041
999
1064
957
980
1259
1242
1068
1063
1041
1060
1025
1015
1071
1119
1019
961
1196
1035
1130
1012
1002
951
1108
1122
985
1124
1044
960
1025
959
1042
1005
1039
898
1060
1145
958
920
1101
1042
1129
1084
1008
1020
941
1097
1126
989
1010
1007
1099
1048
1092
1108
906
1133
1140
1002
1010
1099
1006
1002
1035
1104
998
1025
1053
1086
1059
1063
1101
1123
1038
1000
1069
1010
1105
1000
1040
1035
1136
991
1093
1074
1010
1072
1016
1063
1137
968
1046
1091
1032
1071
1096
1177
1093
1077
1293
1113
1133
993
1052
1146
996
1040
1182
1054
988
1080
1109
1031
1057
959
1129
1117
1069
1098
1008
991
1015
1022
1071
1135
998
992
1080
935
1047
1067
933
1029
954
885
1090
1199
1058
999
986
894
1111
1004
1156
1115
978
949
1074
1024
1093
959
1071
1095
1031
1035
1004
1110
1062
1134
1088
1049
945
1012
1031
995
1028
1094
1131
942
1060
994
1080
1008
1043
1064
1005
985
1070
1029
1113
1003
970
927
1204
1048
1007
996
946
1066
1027
943
1001
1020
928
1050
1050
1080
1133
951
1092
1062
1156
1000
1043
1122
1172
1043
975
1071
948
1109
954
991
1083
1032
1046
1097
997
998
1016
1049
1021
1001
1038
960
1016
1104
1195
976
997
1034
1043
1029
997
1097
1093
998
1130
1116
1002
1133
1041
1024
984
1044
972
1037
1093
966
1059
945
1016
1084
1137
1014
1084
1052
1063
913
1073
1004
943
959
1073
1048
960
1048
981
1053
1009
970
965
1054
1063
947
1091
980
1043
1095
1011
1009
965
905
1162
978
1115
923
988
1149
1038
1056
1066
1046
972
991
986
1075
1103
997
1024
995
948
1029
1158
1019
951
1017
978
1053
1121
958
1053
1012
1002
1067
917
1072
1002
1097
1078
1042
1017
1054
1080
1096
1010
968
1040
1023
1036
958
969
969
937
966
1003
1027
1175
985
1040
1002
1011
1111
1115
1003
999
925
933
1041
1013
1034
958
1096
1065
1040
1014
955
1019
996
1047
968
990
1099
986
1023
1012
1031
1047
1004
1019
1041
969
1016
1051
1140
1009
1077
1016
999
1025
1092
1023
913
1073
918
966
951
991
961
979
1017
941
900
1005
1002
967
1066
1068
917
1005
1023
1012
972
1007
1067
954
1001
1073
1051
1057
1007
1099
1002
955
1045
946
1136
1045
1169
990
1034
1139
1077
1035
990
1039
1040
1064
1071
954
980
1008
1077
913
926
1051
1116
1083
1066
984
1044
987
991
1039
998
979
1006
1029
991
1019
921
962
982
1049
1102
1030
1021
1040
1020
988
953
1054
990
1008
942
1067
984
944
1148
1034
1020
1056
916
1132
1031
1118
944
971
1087
973
971
1060
1045
1150
1052
1146
1050
943
986
1007
961
1093
966
981
1041
910
939
1035
1014
996
1063
1103
970
931
959
1080
1029
1003
941
1004
988
992
1020
996
1008
1027
1048
1032
1004
1009
985
981
1038
977
982
1011
983
1090
1041
1017
1098
993
967
1054
1012
991
999
1045
1075
1070
1090
1016
977
986
1062
1060
976
1016
1104
1006
1060
991
1065
1070
1066
991
934
986
984
982
1091
1046
1058
936
1020
1032
1059
999
1031
978
1007
1051
1106
983
1008
1004
995
1021
985
967
954
1015
1012
966
1004
1028
1077
1042
1015
959
1126
1023
1043
928
988
1078
972
991
1044
910
1011
996
1012
1017
920
1071
973
1048
1005
941
975
935
1043
988
966
949
1071
950
910
1032
1034
1002
1137
1019
943
1012
1085
1005
927
1050
1111
1021
1013
1024
1063
940
1036
894
1134
978
1020
980
964
