2577
1836
2056
1388
1541
1742
1799
2049
1502
1392
1813
2092
1831
2084
1775
1774
1234
1630
1783
1379
1372
1975
1509
1735
1822
2052
1532
1578
2003
1474
1574
2039
1761
1865
2652
2820
2706
1816
2721
1388
1286
1508
2662
1846
1564
1675
1296
1808
2080
1395
1407
1306
1666
2061
1244
1434
1350
1792
1478
1534
2046
2058
1519
1815
1743
1734
2171
1966
1727
1670
1240
894
1334
2280
1993
1523
1827
1504
2348
1406
2113
1680
1793
1887
2086
1822
1776
2074
2725
1818
2250
1265
1765
2051
1850
1813
1736
1517
2032
2075
2310
1527
1270
1551
1744
1627
1545
2465
2365
1804
2442
2207
1859
1502
2256
2388
2088
1488
2391
1622
1472
1554
1747
1276
1449
2059
1530
1240
1849
1390
2070
1587
1755
1792
1451
1992
2269
2589
2464
2075
1478
1467
1258
1577
1753
1762
1833
2081
2087
1485
1120
1129
1450
2393
1955
1571
1593
2077
2076
1787
1713
2139
1787
1700
2055
1773
1461
1511
1509
1543
2037
1770
2539
2004
2116
1489
1821
2868
1476
2370
1782
1504
1448
1654
1412
1826
1750
2534
1278
2444
1588
1369
1904
2070
1777
1494
1902
2632
1863
1537
1773
1342
1800
1777
1924
2439
1571
1503
1256
1526
1628
2030
2234
1293
1516
2075
1318
1245
1516
1715
1833
1483
2068
2147
1690
1785
1401
1309
2859
1493
1763
1421
1576
1459
1816
1809
1262
1407
1768
2643
1885
1475
1775
2228
2015
1082
1732
1490
2044
1893
1318
1084
1763
1414
2002
2068
1762
1580
2300
1591
2024
1413
1516
1701
1769
1765
1282
2057
1255
2364
1775
1468
1569
1523
2412
1708
2004
1408
3058
1815
1471
1722
2178
2101
1534
2308
1503
1379
1463
2169
1567
1878
1846
1386
1724
1541
1459
1948
1480
2530
1484
1353
1579
1643
1785
2457
1811
2037
1281
1485
1544
1479
1999
1901
1733
1452
1773
1239
1285
1371
2669
1783
1778
1260
1293
2043
2101
1264
1476
1753
2190
2469
2540
2409
1762
1783
1546
1747
2557
1328
1764
1096
2599
1750
1478
2000
1272
1807
2021
1566
1699
1492
1426
1088
1320
1624
1298
2095
1420
1101
1661
1498
1556
1795
1670
1459
1313
1741
1982
2111
1291
2111
1712
2081
1809
2050
1453
2130
2052
2230
1788
1432
1568
1802
2110
1742
1764
1532
1921
2958
2457
2308
1649
2252
1721
1658
1842
2044
1801
2643
1554
2066
1730
1486
2461
2195
2101
1555
1833
2041
1751
1553
1723
1793
1823
2088
1252
1500
1496
1767
2091
1835
1831
2444
2460
1553
1297
1838
1793
2478
1839
1800
1836
2163
1786
1832
4040
1579
1280
1980
1561
1925
2048
1486
2134
1506
1691
1452
2316
1289
1252
1422
2956
1267
1682
2137
1466
1300
2049
2762
2035
1705
1591
1516
1295
2058
1815
1605
1405
1491
1775
2083
1508
1244
2059
2801
2109
1314
1519
2330
1503
1608
1995
2855
1773
1556
2039
1440
1680
2020
1767
1991
1265
1557
2175
2576
2226
1783
1281
1259
2042
1653
2313
1458
2074
2652
1526
1552
1405
1429
1751
1492
1286
2017
1814
2364
1244
1236
1732
2459
1827
2193
2450
1331
1286
1781
1973
1773
1790
2017
2230
1832
1811
3052
1230
1405
1410
1276
1598
1951
1482
2030
1767
1554
1691
1710
1471
2534
2125
2242
1876
3034
2515
1754
1408
1464
1474
1295
2756
1451
1486
2064
1736
1571
1298
1487
1529
1497
1420
1443
2057
1527
1598
1824
1444
1510
1487
1997
2162
1996
1323
1516
1309
2078
1557
1541
1619
1581
2333
2345
2047
2099
1769
1256
1828
2881
1075
1568
1780
1498
2073
1633
1955
2318
1748
1840
1530
1243
1259
1504
1449
1794
1501
1860
1416
1250
1663
1758
1472
1405
1476
2312
1552
2549
1576
1674
1753
1616
1746
1994
2005
1299
1422
1732
1656
1889
3016
1553
3057
1717
1221
1942
1401
1296
1787
1732
1757
3426
2147
2342
1792
2316
2046
1386
1404
1531
1522
2007
1440
1311
1363
1714
1588
1534
1453
2024
1314
1675
2072
1740
2437
1453
2076
2005
1475
1566
1489
1501
1475
2068
1764
1984
1386
1601
1284
1296
1761
2373
2362
2355
1779
2100
1813
1587
1458
2006
1514
1440
1509
1601
1547
1910
1447
1495
1528
1245
1449
1653
1955
2067
2102
1800
2111
1214
1392
1059
1652
1450
2310
2021
2346
2134
1811
2104
1739
1553
1729
1419
1442
1421
1407
1311
1271
1751
1745
1564
2294
2251
2062
2321
1266
1767
1459
1972
2077
1246
2061
2399
2002
1750
2388
1951
1770
1255
1410
1442
1266
1423
1860
1755
2700
1449
1380
1349
2314
2078
1856
2030
1558
1593
1497
1715
2673
1836
1749
1228
1393
1075
1058
2538
1812
2083
1429
1094
1500
1803
1857
2808
1265
1688
2003
1768
2049
1797
2054
1526
1710
1483
1370
1335
1318
1566
1848
2091
1589
1908
1781
1758
2394
2782
2076
2671
2728
1553
1492
2216
1752
1740
1524
1749
1247
1395
1258
2004
1505
2394
2432
2097
1722
1787
1068
2657
1744
1759
1805
2456
1531
1268
1813
2049
2132
2126
1826
1994
3103
1802
1527
1307
1803
1808
2122
1839
1572
1836
2106
1755
1231
1444
1261
1781
2063
2089
1588
1978
1951
1529
2365
1421
1752
2023
1935
1227
1494
1100
1767
1475
2066
2234
2045
1307
1616
1597
1796
3680
1232
2312
1306
1414
2108
1734
1744
1583
1425
1257
1771
2415
2112
1252
1874
1255
2371
1768
1496
2449
1681
1528
1770
2635
1472
1774
1544
1526
1445
1435
1860
2392
2047
1429
2082
1683
1540
1738
1275
1242
1750
1689
2331
1993
1287
1727
2090
1275
2451
1455
1398
2243
2768
1431
1996
1569
1837
1753
1293
1556
1499
2190
1520
1810
1477
1666
1832
1838
1491
1827
2085
2328
1268
1533
1989
1555
1327
1112
1899
1711
2115
1103
1473
2093
1801
2628
2761
1785
1795
1605
2061
2583
1580
2038
2065
2025
1629
1300
2077
1288
1893
2238
2596
1806
2041
1774
1150
1323
1259
2095
2038
1306
1238
1684
1571
2513
