682
845
879
754
738
798
833
707
802
809
839
824
663
782
837
759
753
694
710
858
696
788
757
759
805
759
815
803
739
769
717
814
758
857
686
780
943
722
751
811
693
763
656
631
768
794
702
794
762
687
591
846
785
636
681
747
864
799
741
762
808
692
671
751
656
866
799
641
737
892
813
750
889
832
683
723
828
749
788
772
789
788
807
783
761
743
851
666
868
717
714
786
808
652
820
616
693
841
831
825
792
934
732
813
797
890
734
761
670
656
762
777
675
721
763
728
784
793
747
753
838
852
734
729
707
859
771
1008
900
837
774
701
754
687
664
708
902
790
662
719
819
695
648
845
768
769
651
878
663
742
628
779
864
810
706
601
801
780
820
699
625
766
672
705
656
638
822
740
833
791
820
916
888
713
771
763
690
787
741
858
727
718
712
648
770
751
778
761
673
649
840
865
889
643
729
721
857
773
767
614
779
732
883
796
765
754
810
728
786
673
849
727
765
653
878
895
671
740
756
780
662
822
577
686
586
697
685
823
746
780
687
787
665
802
779
805
809
707
755
801
829
783
756
736
695
697
799
727
688
688
774
693
840
754
741
899
749
664
748
657
764
776
766
772
788
670
738
836
811
748
851
799
648
629
751
694
827
794
790
771
715
713
873
731
794
663
696
744
824
868
795
827
721
862
789
774
712
712
802
829
774
721
715
718
635
656
678
702
689
787
752
713
710
739
671
720
775
716
823
898
723
697
826
830
822
791
813
794
668
686
682
656
729
699
757
727
893
682
763
655
660
793
835
696
682
627
759
659
675
710
663
718
815
765
827
722
678
630
734
731
695
738
700
682
739
626
803
736
782
719
717
616
681
771
696
787
636
727
670
845
662
682
718
675
671
677
933
719
843
769
725
738
702
631
653
762
653
678
676
736
749
808
736
665
635
629
679
735
754
738
701
778
810
733
746
716
672
764
836
715
633
786
717
777
714
814
672
702
630
834
774
699
673
806
751
737
710
612
818
689
865
745
701
661
724
749
655
816
907
644
682
727
662
822
806
834
682
786
775
619
690
839
729
647
775
608
666
634
686
729
685
734
746
727
906
782
712
767
722
820
875
780
765
767
716
740
751
709
736
769
687
665
736
688
723
727
732
836
747
789
716
844
638
800
577
773
749
808
735
672
693
803
645
787
669
792
736
829
806
774
666
605
780
670
708
688
783
762
737
662
628
821
791
782
766
721
687
664
706
615
798
718
693
763
757
706
757
791
612
785
649
750
781
693
755
744
761
770
656
802
780
716
614
886
657
730
673
665
785
714
713
827
636
773
890
829
690
716
790
761
697
633
769
663
767
716
744
703
746
678
731
687
871
765
762
786
655
770
645
802
800
900
692
702
738
654
684
731
626
810
636
753
618
727
644
692
787
798
835
803
716
719
698
665
730
710
600
751
630
666
674
745
756
751
821
798
739
729
760
733
636
584
788
810
638
781
637
746
663
841
801
799
840
676
758
559
862
712
794
694
820
670
743
788
696
722
706
709
768
787
784
702
846
737
816
676
765
742
690
791
810
735
703
723
698
715
679
642
738
700
804
805
837
711
814
632
817
722
725
720
715
827
684
783
679
736
722
735
718
723
756
633
650
632
693
720
743
651
690
801
860
717
727
696
688
741
769
744
810
759
753
691
671
663
713
599
647
720
774
859
851
732
681
757
687
739
654
641
733
649
729
826
657
763
688
713
826
786
667
628
623
667
639
836
723
686
894
666
757
685
687
850
683
694
738
793
694
740
702
936
722
661
647
639
753
683
735
797
766
658
685
787
660
663
700
650
714
721
718
762
648
686
747
664
682
764
771
796
769
711
829
719
616
755
618
792
739
748
607
696
642
646
733
669
804
660
699
777
705
747
785
678
758
713
719
873
700
785
608
581
627
808
663
666
652
663
764
715
701
688
761
709
590
772
740
773
845
669
678
786
689
624
694
668
753
681
703
705
685
716
754
649
735
818
707
694
690
754
685
745
743
747
713
762
720
784
703
653
647
638
802
726
751
663
670
676
662
630
696
701
808
696
700
838
666
626
769
653
680
691
596
810
778
752
712
764
730
754
610
552
695
758
745
761
670
769
642
812
670
747
813
613
732
718
667
756
698
743
702
721
693
610
669
733
685
629
735
662
819
654
712
785
693
618
724
651
791
796
736
671
663
715
748
687
712
628
661
603
654
657
737
650
598
751
785
786
777
728
680
730
607
738
686
859
599
683
765
733
664
659
656
700
670
663
700
745
686
712
629
619
