6336
7552
6976
7872
6784
8576
7232
6528
7744
7040
6208
6784
6656
6208
7488
7360
6528
7232
7744
6656
6272
7168
7424
7168
6976
7872
6912
6656
6656
7488
7424
7424
7040
7296
7168
6464
6720
6912
6976
7552
7104
7360
6720
7424
6784
6592
7168
6592
7872
6720
7296
6848
6912
6336
7680
6272
7168
6720
6720
8000
7296
6464
6720
6976
6976
6912
7104
6592
6848
8512
7424
7104
6976
7360
7424
6592
6592
7104
6784
7040
7232
6848
6976
6400
7232
7552
7232
7104
5952
7360
6336
7552
7424
7360
7296
6656
7040
6656
7616
7232
6592
8000
7232
6144
7808
7616
7424
6080
7040
6784
7104
7232
6912
7104
8704
6912
6784
6848
6720
6400
7424
8384
6720
7040
7040
6144
6528
6976
7552
7360
6784
7040
7552
7104
7488
7104
6592
7424
7104
6656
7168
7232
7104
6656
7232
7040
7232
6592
7744
7104
6784
6848
6976
6912
6720
7680
7872
7040
7424
6976
7232
7232
7488
7104
7680
7040
6848
7040
6720
7296
7360
7232
7360
6656
7040
7040
7552
7872
7168
6912
7552
6912
6592
7744
7488
7616
6976
7872
7040
7040
7040
7360
7552
7424
7040
6528
7104
7104
6592
7296
7424
6912
7360
6912
7616
6912
6336
7552
7488
6912
7040
6912
8640
7232
8064
8000
6912
6464
6848
7936
7168
6720
7488
7744
7744
6848
7296
6656
7552
6912
7040
6976
7616
7360
6464
6912
7040
6400
7680
6912
7488
7552
6656
7744
8128
6976
7744
7552
7680
7232
8192
7488
7680
7488
6336
6656
6912
6720
7040
7616
7872
6784
7232
6016
5888
7616
7040
7168
7232
6912
6848
8000
6592
6400
7168
6720
7232
8128
7168
7296
6976
7488
8448
7360
6848
6656
7168
6592
7232
7488
7232
7104
7808
7616
6976
7296
7488
6720
8128
7040
6336
7296
7168
6464
7232
6592
7168
6784
7296
7360
7296
7296
6528
7168
7872
6976
6912
7360
7168
6912
7104
8000
7040
7232
6720
6848
6528
6592
7104
6592
7296
7680
7040
6400
6848
7040
7168
7680
7552
7360
7360
7360
7808
6976
7040
8064
6720
7872
8128
7296
8128
7936
7040
7296
7744
7232
6848
7680
6592
6848
6720
6848
8320
8000
7616
8704
7040
6784
6656
7424
7616
6976
7040
6976
7296
7296
7232
7232
7232
7232
6336
6912
6720
6336
6912
7232
8320
6592
6720
7488
8000
6656
6528
7360
7552
7168
7040
7488
7296
6720
6592
7616
7168
7936
6848
7168
7616
7104
6464
7360
7552
7616
7040
6592
6528
7808
6912
7424
8064
7104
7232
7040
7936
6656
7616
7552
6144
6656
7488
7424
7296
7488
7808
6592
8128
7808
7424
6592
7360
8064
7296
7488
6720
7168
7104
7360
7616
6848
6848
7168
7040
8000
7360
6784
7680
6592
6528
6912
6592
7360
6656
7424
7616
6336
7296
6976
7872
6912
8192
6656
7744
6976
7488
7104
6656
6656
7360
7232
7296
7232
6912
7168
8000
7744
7040
7360
6912
7424
7616
7296
6272
7104
6912
7936
7040
8192
6272
6336
6912
6464
6464
7168
7168
7616
7040
7040
7552
6528
7424
6720
6976
7360
7168
7488
7040
6848
7232
7808
7680
7040
6528
7232
7680
7552
7040
6848
7552
7616
7360
7488
8640
6976
7104
7360
7232
7488
7232
6848
7744
6976
8064
7168
6848
6912
6656
7296
7168
6912
6464
7872
7808
8064
7104
7232
7936
7424
7424
6144
7168
7552
6912
7040
7488
7360
6528
6784
6848
6592
7424
6784
6400
7168
7104
6976
6720
6400
6848
7552
7552
7360
7360
6784
6528
6848
7104
6912
7296
6848
7744
7872
6784
6976
7168
6912
7232
6272
7360
7552
6464
7232
6912
7616
7488
7808
7616
6912
7680
7040
7680
6784
7808
6784
7744
7168
8064
7424
6848
6976
7296
7040
7296
7744
7040
6592
7104
6720
6976
6656
7424
7360
7104
7808
6976
7104
7296
6976
7104
6848
6656
7296
6400
6912
7296
7104
7360
7232
6272
7488
7424
7168
7168
7232
7360
6848
7232
7424
6336
7424
7360
7616
7616
7744
6720
7232
7424
7488
7552
7680
8384
7616
6528
7744
7552
6528
6464
7680
7488
7168
7040
7488
7808
6912
7872
7040
7104
7296
7744
7616
6848
6848
7232
7680
6272
6720
7040
8256
7232
7488
7232
6784
7104
7104
7360
6208
7552
7040
7104
7168
7360
7168
6976
8000
6592
7232
6784
6976
8000
7232
7424
6464
7680
7872
7104
7040
6848
6656
6912
7616
6912
7424
6528
7360
7424
7296
7936
7040
6592
7424
7296
7552
7296
7104
6912
6784
7808
7040
7040
7424
6464
6720
6464
7552
7552
6784
8064
7040
7488
7872
7616
6784
7616
6848
6848
7616
7168
7616
6464
7168
7040
6848
7040
7168
7424
6976
6656
7488
7360
7552
7616
7936
7936
6912
6848
6272
6400
7488
6848
6528
6080
7104
7424
7232
7040
7360
6720
6976
7424
6976
7232
7744
7616
7168
6720
7040
7552
7040
7808
7104
6912
7104
7424
7040
7552
7808
6528
6912
7040
7872
7104
6848
6848
6912
6976
7872
6720
7360
7808
7744
7552
6848
6976
7168
7040
6528
7232
7936
7360
7424
7040
8000
6528
6912
7104
7040
6912
7104
6720
7040
6848
7936
7232
6720
7424
6976
7040
7104
6912
6976
7104
7424
6976
7552
7168
6784
6976
8128
7680
7424
7552
7360
6464
6912
7232
7424
6400
7232
7808
6464
7360
6848
7424
7488
6016
6912
6912
7232
7808
7040
8000
7552
7040
6592
7616
7232
6528
7040
7552
7104
7168
7616
6848
6912
7168
7552
7040
7104
7744
6656
7424
7552
6976
6912
6848
7680
7104
6528
7232
6976
6400
7488
6784
6784
7296
7680
6208
6784
7232
7680
7296
7232
8128
6720
7552
6784
6656
7168
7424
7616
7104
7104
7616
7040
6656
6976
7424
7296
6656
7488
7808
6336
7808
7360
7552
7424
7872
7424
6784
7040
6400
7168
7616
8832
6592
7424
7040
7296
7168
8064
6528
6592
8128
7744
6336
6912
6528
5696
7104
7488
7488
7232
7424
7552
7424
7808
7232
7424
6720
7104
8192
6464
6720
7424
6528
7872
7552
8000
7104
8256
7872
7232
