0.306
0.552
0.409
0.360
0.314
0.293
0.319
0.308
0.300
0.310
0.295
0.424
0.416
0.307
0.304
0.478
0.310
0.310
0.292
0.418
0.404
0.827
0.420
0.299
0.318
0.320
0.319
0.298
0.333
0.324
0.412
0.323
0.310
0.325
0.294
0.309
0.635
0.302
0.313
0.318
0.315
0.319
0.295
0.403
0.420
0.327
0.306
0.307
0.310
0.329
0.316
0.370
0.417
0.316
0.304
0.309
0.292
0.304
0.333
0.298
0.429
0.307
0.306
0.306
0.298
0.423
0.420
0.324
0.317
0.305
0.305
0.311
0.565
0.285
0.308
0.306
0.305
0.302
0.287
0.322
0.312
0.427
0.441
0.307
0.297
0.425
0.305
0.434
0.318
0.309
0.293
0.406
0.420
0.305
0.439
0.302
0.313
0.310
0.290
0.331
0.329
0.305
0.327
0.315
0.499
0.297
0.305
0.308
0.307
0.301
0.288
0.306
0.308
0.310
0.332
0.462
0.578
0.450
0.325
0.326
0.312
0.408
0.300
0.308
0.422
0.328
0.308
0.302
0.294
0.302
0.433
0.414
0.331
0.323
0.322
0.431
0.310
0.406
0.294
0.326
0.311
0.360
0.309
0.309
0.491
0.329
0.325
0.296
0.425
0.312
0.308
0.311
0.313
0.315
0.301
0.328
0.318
0.422
0.307
0.318
0.306
0.304
0.326
0.298
0.304
0.429
0.302
0.629
0.321
0.408
0.309
0.309
0.303
0.302
0.306
0.324
0.306
0.335
0.304
0.428
0.313
0.314
0.307
0.305
0.424
0.324
0.306
0.418
0.309
0.294
0.564
0.296
0.309
0.335
0.302
0.301
0.307
0.495
0.438
0.312
0.306
0.416
0.427
0.321
0.300
0.424
0.306
0.314
0.307
0.311
0.400
0.326
0.311
0.402
0.308
0.313
0.321
0.445
0.301
0.339
0.328
0.553
0.449
0.305
0.311
0.321
0.313
0.575
0.306
0.406
0.318
0.308
0.407
0.472
0.413
0.401
0.305
0.426
0.301
0.297
0.422
0.308
0.310
0.300
0.299
0.299
0.292
0.312
0.317
0.308
0.314
0.297
0.443
0.418
0.460
0.299
0.320
0.306
0.421
0.416
0.307
0.320
0.310
0.296
0.335
0.441
0.404
0.355
0.309
0.408
0.403
0.463
0.434
0.306
0.305
0.309
0.402
0.294
0.310
0.311
0.301
0.554
0.307
0.434
0.306
0.307
0.294
0.435
0.297
0.309
0.333
0.305
0.312
0.311
0.293
0.445
0.305
0.314
0.320
0.295
0.366
0.297
0.419
0.421
0.322
0.458
0.626
0.412
0.436
0.342
0.324
0.417
0.297
0.310
0.327
0.314
0.300
0.461
0.612
0.314
0.307
0.437
0.319
0.428
0.364
0.612
0.423
0.415
0.342
0.301
0.311
0.322
0.341
0.314
0.305
0.288
0.309
0.316
0.419
0.307
0.405
0.306
0.297
