841
925
778
868
816
715
688
833
688
664
823
925
834
892
710
648
847
696
842
656
929
801
886
740
891
780
767
751
761
753
735
820
660
762
794
816
715
768
842
935
749
737
769
622
771
859
798
767
817
715
849
730
860
803
789
878
839
722
723
816
707
769
772
647
831
844
664
842
805
897
794
914
699
664
802
681
766
734
772
788
860
753
859
887
708
751
812
648
862
660
761
798
739
882
684
675
779
827
792
646
829
823
770
869
868
832
825
811
658
731
764
796
665
727
810
769
862
727
751
752
707
808
767
782
853
819
704
722
787
675
681
714
734
912
904
770
709
853
774
738
855
697
882
739
702
830
735
699
831
835
799
825
852
712
772
814
959
730
694
864
907
778
768
796
785
697
715
737
769
827
965
807
869
806
797
808
728
705
844
807
720
810
850
773
745
827
796
783
696
646
771
837
854
793
815
794
798
788
826
927
764
741
810
763
877
835
888
699
869
806
782
755
760
911
783
748
791
812
872
732
660
932
805
724
754
760
674
733
738
770
742
657
696
817
794
865
801
754
820
735
744
781
743
785
932
700
721
717
734
763
773
756
770
871
796
816
835
620
819
839
743
798
695
699
767
836
842
817
703
793
863
617
743
711
776
843
793
909
788
624
795
755
829
714
731
815
767
649
749
782
767
560
655
723
836
848
778
839
661
689
845
806
807
808
832
805
760
783
828
762
788
804
957
816
725
848
687
680
754
786
748
820
709
734
850
749
642
833
740
680
684
682
746
748
717
747
883
703
785
741
678
744
893
856
692
782
688
796
764
735
794
737
777
741
765
853
755
765
721
801
716
886
625
778
792
733
794
787
636
876
857
832
772
692
800
625
725
894
884
689
799
745
719
779
650
931
781
651
821
662
846
866
694
690
825
834
781
740
828
672
809
780
750
903
795
818
751
860
803
705
808
730
836
810
805
733
761
762
762
796
687
804
744
960
799
727
756
812
794
741
838
722
921
720
694
875
755
727
798
754
795
763
623
776
745
817
826
763
800
694
787
763
807
772
710
677
850
699
842
798
839
842
829
757
665
831
736
723
612
759
819
803
679
892
771
821
831
766
777
760
780
671
812
775
886
784
700
656
771
850
848
816
703
675
846
742
826
754
692
882
713
872
746
732
670
688
840
905
805
797
870
680
725
708
647
729
833
742
766
788
785
701
706
778
701
649
828
657
798
804
748
735
738
816
834
759
884
722
774
717
750
800
799
813
790
755
811
875
770
976
812
735
964
791
681
824
770
778
762
831
743
731
728
795
807
624
750
670
650
850
801
739
891
746
719
628
745
729
780
844
790
763
789
773
680
703
744
712
745
769
813
767
811
804
807
750
758
730
773
782
696
713
751
749
634
673
695
717
832
894
757
686
839
736
808
713
759
847
835
670
787
809
727
704
820
776
746
767
636
742
779
804
776
683
776
671
744
771
782
783
759
757
705
759
621
748
746
788
740
815
784
587
685
893
837
772
758
730
762
859
740
602
768
664
779
743
657
750
863
756
814
903
690
799
809
764
896
680
791
672
742
737
815
756
762
789
832
707
752
823
717
676
747
650
820
739
727
843
866
778
849
757
974
749
733
721
729
762
741
795
780
748
753
731
653
746
662
686
692
713
804
760
777
731
806
763
828
731
787
746
791
714
730
858
755
577
764
751
648
797
783
890
761
809
752
747
706
768
760
788
663
699
725
702
787
679
908
734
708
772
745
713
699
791
707
727
755
742
794
662
708
777
694
713
779
709
796
635
753
791
764
721
846
718
865
811
762
739
971
761
731
682
759
810
714
775
702
764
640
694
718
781
630
725
753
688
650
728
773
683
797
766
753
712
726
703
654
716
827
660
736
740
814
672
728
812
711
730
729
824
713
689
976
737
755
896
670
642
797
825
660
661
642
586
707
757
643
650
610
670
640
703
718
638
800
796
900
685
842
659
697
835
685
634
709
805
813
741
731
794
761
759
673
740
655
665
700
730
751
711
758
771
781
772
631
668
773
802
687
671
785
719
746
790
755
731
692
787
705
760
648
817
694
667
733
705
699
722
762
808
734
831
813
730
871
720
681
644
746
825
682
754
683
693
809
824
725
769
705
711
688
730
736
794
737
701
682
728
778
796
820
822
724
734
752
797
761
801
781
706
740
668
664
617
711
689
822
779
693
782
778
753
729
765
721
768
791
822
732
713
699
788
780
875
752
682
745
631
766
785
731
636
797
723
658
754
702
803
887
812
765
745
741
648
774
749
680
687
670
618
