1260
1395
1187
1321
1177
1391
1310
1346
1271
1232
1227
1162
1153
1327
1278
1194
1347
1251
1337
1324
1409
1177
1154
1205
1293
1303
1300
1386
1333
1285
1303
1207
1248
1145
1205
1310
1308
1449
1334
1201
1244
1280
1264
1187
1283
1372
1301
1235
1169
1148
1265
1413
1237
1213
1161
1237
1265
1224
1266
1246
1218
1285
1378
1178
1194
1270
1391
1296
1344
1213
1292
1272
1334
1120
1267
1274
1235
1172
1219
1195
1235
1351
1240
1214
1287
1245
1224
1197
1238
1157
1212
1164
1246
1271
1254
1209
1330
1252
1241
1314
1309
1258
1228
1142
1250
1302
1467
1236
1247
1328
1254
1196
1377
1214
1254
1305
1290
1326
1283
1320
1380
1299
1278
1326
1329
1242
1276
1348
1242
1185
1277
1240
1064
1204
1332
1312
1261
1299
1162
1356
1263
1314
1279
1192
1281
1238
1195
1100
1238
1484
1303
1361
1142
1179
1250
1246
1186
1277
1248
1307
1215
1302
1298
1114
1199
1226
1275
1374
1183
1315
1396
1281
1238
1288
1270
1272
1324
1388
1252
1277
1392
1266
1294
1219
1152
1168
1136
1283
1211
1258
1289
1381
1240
1137
1309
1414
1278
1245
1294
1433
1256
1264
1301
1246
1275
1127
1324
1313
1155
1239
1358
1214
1400
1397
1115
1271
1464
1292
1137
1188
1187
1321
1239
1357
1224
1278
1303
1242
1205
1222
1297
1254
1421
1174
1212
1233
1194
1281
1296
1248
1210
1143
1259
1445
1273
1221
1162
1333
1180
1245
1259
1299
1210
1266
1208
1100
1275
1163
1176
1245
1390
1365
1214
1162
1227
1220
1104
1334
1222
1269
1118
1260
1350
1301
1274
1191
1252
1323
1421
1293
1281
1189
1374
1265
1222
1152
1110
1232
1168
1238
1285
1115
1374
1216
1093
1187
1315
1390
1143
1249
1239
1176
1167
1219
1326
1255
1224
1208
1352
1317
1190
1122
1259
1197
1274
1159
1170
1345
1261
1116
1250
1131
1279
1289
1296
1207
1317
1169
1125
1200
1232
1212
1220
1365
1230
1208
1211
1342
1243
1254
1288
1305
1122
1292
1365
1280
1164
1174
1300
1256
1224
1099
1219
1240
1266
1357
1249
1325
1122
1118
1241
1188
1230
1262
1130
1061
1169
1291
1296
1190
1288
1132
1313
1179
1241
1202
1260
1323
1155
1235
1361
1336
1330
1175
1256
1169
1396
1223
1371
1242
1204
1348
1301
1127
1189
1256
1307
1207
1207
1320
1255
1211
1242
1246
1128
1164
1427
1281
1369
1198
1166
1209
1263
1264
1212
1338
1190
1166
1138
1278
1294
1295
1195
1278
1248
1212
1231
1318
1226
1290
1314
1175
1281
1280
1306
1220
1253
1212
1179
1240
1300
1280
1238
1245
1124
1319
1328
1188
1195
1220
1247
1298
1206
1210
1107
1172
1242
1215
1253
1149
1231
1182
1256
1109
1243
1241
1182
1176
1256
1324
1198
1245
1278
1216
1145
1159
1375
1201
1280
1260
1182
1218
1293
1253
1287
1220
1272
1224
1320
1275
1240
1151
1273
1124
1223
1177
1157
1197
1181
1204
1203
1245
1253
1346
1275
1216
1269
1268
1189
1245
1233
1174
1205
1114
1167
1151
1153
1278
1188
1331
1248
1237
1173
1217
1199
1224
1169
1350
1167
1290
1202
1152
1344
1221
1249
1183
1260
1247
1223
1361
1268
1243
1198
1309
1217
1186
1205
1129
1193
1109
1173
1185
1172
1220
1111
1133
1364
1137
1198
1311
1174
1335
1330
1251
1134
1210
1256
1198
1242
1201
1164
1269
1165
1301
1191
1203
1228
1191
1260
1191
1131
1270
1186
1363
1255
1211
1144
1196
1238
1311
1226
1311
1217
1280
1173
1270
1269
1089
1263
1370
1169
1250
1278
1247
1275
1238
1200
1281
1218
1299
1180
1136
1134
1193
1184
1204
1219
1242
1254
1207
1231
1233
1239
1167
1299
1125
1148
1153
1251
1241
1222
1237
1271
1313
1224
1237
1239
1150
1138
1223
1191
1178
1181
1177
1241
1161
1191
1207
1200
1173
1152
1227
1161
1206
1200
1229
1250
1229
1301
1170
1122
1255
1330
1149
1238
1187
1215
1259
1206
1171
1211
1192
1171
1237
1306
1194
1179
1201
1172
1266
1407
1241
1313
1118
1270
1164
1090
1298
1104
1182
1267
1209
1242
1117
1297
1218
1203
1235
1244
1144
1150
1179
1290
1176
1239
1156
1306
1199
1226
1204
1202
1210
1146
1218
1302
1134
1241
1083
1203
1221
1217
1213
1189
1212
1187
1342
1145
1184
1214
1148
1351
1166
1250
1223
1213
1228
1196
1246
1189
1237
1281
1139
1150
1177
1132
1175
1290
1056
1190
1257
1194
1023
1332
1219
1301
1262
1210
1120
1249
1159
1131
1203
1191
1166
1235
1191
1120
1293
1262
1146
1169
1264
1158
1153
1235
1175
1297
1174
1189
1244
1212
1210
1152
1141
1236
1201
1191
1192
1246
1216
1154
1180
1259
1199
1212
1093
1130
1331
1130
1189
1177
1288
1132
1171
1158
1165
1216
1139
1141
1147
1168
1262
1146
1276
1237
1263
1187
1191
1136
1251
1108
1137
1194
1137
1280
1371
1246
1185
1145
1178
1148
1162
1218
1197
1093
1221
1179
1369
1119
1226
1239
1219
1219
1128
1204
1180
1161
1208
1202
1243
1109
1175
1201
1128
1188
1084
1229
1198
1191
1331
1210
1128
1175
1359
1140
1149
1267
1190
1190
1185
1174
1190
1414
1258
1143
1185
1301
1166
1141
1200
1254
1159
1197
1218
1256
1316
1142
1182
1211
1194
1226
1092
1210
1223
1219
1129
1286
1176
1143
1164
1181
1065
1180
1275
1123
1160
1125
1253
1098
1101
1247
1097
1267
1109
1177
1131
1198
1093
1141
1250
1180
1341
1122
1137
1182
1161
1099
1210
1129
1166
1230
1219
1192
1389
1279
1133
1325
1308
1227
1270
1231
1169
1095
1187
1142
1164
1058
1156
1087
1214
1081
1296
1239
1185
1227
1145
1055
1212
1228
1203
1172
1283
1136
1263
1253
1206
1236
1177
1177
1187
1259
1248
1165
1184
1301
1280
1159
1200
1361
1206
1155
1082
1195
1150
1170
1363
1196
1195
1287
1203
1298
1119
1060
1232
1328
1229
1134
1234
1252
1204
