1101
1085
1051
1199
1055
1044
1329
1082
1039
1198
1107
1199
1120
1231
1244
1115
1088
1154
1118
1063
1131
1042
1073
1078
1076
1120
1126
1262
1038
1156
1104
1097
1087
963
931
1059
1144
1122
1136
1110
1191
1077
1106
1266
1039
1157
1103
1080
1250
1119
1213
1144
1091
987
1070
971
1082
1152
953
1153
1022
1149
1041
1153
1139
1268
1200
1118
1144
1178
1060
959
1060
1122
1079
969
1123
1141
1145
1019
1135
1172
1073
1074
1082
1018
1171
1145
1120
1091
1112
1006
1041
1207
1167
1138
1040
1039
990
1187
982
1221
1102
1129
1069
1167
1164
1172
1106
1177
1104
1184
1091
1005
1206
1033
1129
1144
1072
1224
1090
1090
1105
1221
1084
1022
1120
1173
1056
1126
982
1039
1116
1248
1154
1151
1091
1052
1145
1078
1118
1118
1135
1041
1039
1144
1037
1085
1197
1069
1048
1090
1048
1126
1090
1027
1132
1093
1016
1117
958
1026
1132
1178
1036
1166
1065
1017
1113
1136
1241
1075
1085
1070
1060
1073
1072
1099
1169
1173
1107
1070
1148
995
1146
1112
1034
1189
1151
1171
1169
1185
983
1049
1054
1040
1098
1021
1106
1034
1012
1070
1084
1221
1253
1075
1185
1139
1118
1120
1211
1025
1102
1178
1012
1011
1065
1121
1104
1097
1105
1063
1090
1106
939
1114
1096
1137
989
1085
1149
1016
1004
998
1042
1037
1066
1128
1111
1146
1007
1047
1067
1067
1026
1097
1100
1117
1086
1340
1073
1141
1103
1064
1076
1077
1109
925
1038
1000
1067
1181
1140
1082
1077
1152
1111
1010
1245
1105
988
1066
951
1098
1090
997
1047
1105
1208
1043
1089
1045
1085
1161
1052
1041
1168
1051
1276
1110
1076
1062
961
1092
1017
1084
1085
1196
999
1112
1073
1153
1055
987
1082
989
1060
1115
1058
994
1012
1106
1097
1136
1053
986
1126
1047
992
1075
957
1018
1181
1041
1184
1126
1022
1024
1040
1011
1076
1201
1054
1035
1035
1055
1148
957
1096
1042
1055
1052
1055
996
984
1031
988
933
1188
983
1202
1147
1020
1081
1053
1106
1093
1003
1150
1096
1037
1053
1029
962
1040
1144
1096
1095
1057
1063
1053
1039
1015
1191
1008
1038
1166
1157
1062
1080
1075
1021
1186
1047
1039
995
1010
1069
1051
1102
992
1006
1006
1079
967
1056
1103
1035
1083
960
1030
1047
1137
1105
953
1003
1115
975
998
1042
1023
1100
983
1048
1049
999
1025
1035
1089
1082
1059
990
1014
1208
1045
961
1010
1063
1081
1130
1110
1097
1056
1160
1034
1094
1199
1147
1038
1071
1044
1156
1016
1071
1045
1015
1060
1022
1044
1116
1071
1198
1099
1064
1178
1113
1181
1109
972
1025
1029
1024
1172
1054
978
1067
1036
1086
1120
990
1186
1146
990
1182
1125
1097
1031
1122
1010
971
1033
1171
1144
1051
1067
975
983
1103
1077
1138
1063
1086
1127
1084
1068
1068
1146
1054
1162
1052
1031
1123
1053
1136
1086
1043
971
1185
1084
1054
1150
959
1029
1086
1147
1118
984
994
1101
1042
1078
1087
1091
1133
958
1130
1110
1098
981
1089
1175
1072
1145
1033
974
1100
1109
1130
958
1020
1061
1077
985
1089
919
1114
1037
1119
998
1089
1093
1173
1013
1117
987
981
1044
1055
978
979
1027
1087
1069
1008
960
1066
1064
1070
1092
1091
1046
1013
878
1088
1019
1090
1133
1069
988
1018
1124
1166
943
973
1069
1078
1111
938
1128
1008
967
1136
976
973
966
1023
1023
1062
1024
1065
1100
1015
1028
975
1052
968
1021
1058
1103
1021
994
950
1042
996
1145
1084
1018
1128
1036
987
986
969
1041
1127
1102
993
1099
975
1064
1031
1119
1148
1021
956
945
1155
998
988
1079
1031
894
916
990
1013
1168
1043
1126
1093
1009
1024
1104
1076
1028
1099
1172
1075
1026
1005
1015
941
1011
1111
1026
967
1054
951
1105
1088
1003
1037
1072
1034
1021
924
979
1054
1114
1107
1031
1017
983
1008
931
1090
1027
1051
1035
1037
1031
1010
1014
1073
1113
1065
998
960
1034
1119
1035
1014
1105
1039
1068
1146
1017
1027
1029
1050
1017
942
1032
1252
1019
1073
1144
999
944
1051
1085
1055
1166
942
1037
1084
1095
1028
1009
1054
923
1032
946
1080
1035
1003
1052
928
1058
1073
1017
1010
1076
971
1139
953
1152
961
1003
972
979
1107
1047
1016
1078
999
963
1005
1060
1085
1118
997
1065
1034
1140
999
1008
1114
1073
1017
1038
1049
1061
1029
1092
1057
1107
1080
1055
1056
1266
949
981
928
928
983
994
969
968
1091
1072
1010
1057
1044
1073
1141
1102
954
1049
1008
1117
968
1197
971
984
998
1169
1053
1025
1035
1020
1094
970
1043
1015
1083
1021
1082
1066
989
959
1062
878
932
1077
996
981
1059
889
1014
963
927
1116
992
1025
1018
1018
1086
1002
1034
1025
1066
1142
1142
1045
914
911
1032
1024
1080
938
985
1038
1152
1046
1004
1099
1128
979
1048
1157
996
1014
1030
1120
1058
1064
1023
1016
1000
1044
1073
1050
1101
1074
985
958
1051
1036
1021
973
994
1028
1052
1015
1008
1025
1092
1078
1013
966
1005
1109
1052
1026
1007
933
940
1178
1012
1001
1031
956
951
1150
1088
1077
965
1092
1001
1069
986
1049
1053
979
1003
947
915
1022
1158
1030
1005
1029
1017
1032
1056
976
1011
1019
1098
1012
980
1012
1048
1059
1080
1039
1139
1105
958
992
984
984
1069
972
966
1012
1036
1001
1026
1018
1013
1121
981
1064
1041
1016
1012
938
1027
1050
1078
932
1063
1090
1041
1028
1026
891
928
1070
1075
1068
1038
998
976
951
1038
936
1056
1021
1022
1143
947
1115
1137
986
1085
977
1037
1028
937
984
966
1001
984
999
940
1038
897
1059
1044
979
926
1002
973
1042
1076
987
951
1047
981
993
1045
973
984
1051
1111
1148
1072
1085
993
1037
1024
1059
946
1007
1037
1005
1040
1099
999
1042
967
946
1159
1118
893
989
1043
965
1037
1007
1120
986
1121
1017
1045
1064
1037
898
1062
1073
988
1019
1069
941
1044
985
901
935
1077
1041
1041
1004
959
952
1047
1058
1026
987
1130
951
952
945
981
1014
925
996
1063
1014
918
1075
995
1017
1043
937
1111
1009
972
950
1097
985
1011
1055
1049
1018
1051
1044
1066
1105
918
1041
981
1134
991
1069
1019
951
1064
1019
892
981
1063
1028
1102
993
1067
1038
1077
1086
1017
1072
1095
1009
1037
1111
977
953
1057
963
917
1082
955
1007
999
1075
1044
985
1038
1036
999
1056
954
1014
1066
962
986
1022
926
1127
1044
1031
937
1072
1031
988
1108
1085
1038
969
1024
994
1112
1033
933
1044
969
991
952
1030
974
1003
1053
980
1158
982
1037
1005
1039
1000
1026
1035
1075
1119
1048
996
933
997
999
1038
973
987
1071
955
982
1119
1078
990
1094
1034
1118
955
1061
1023
996
982
1016
1093
1097
1041
1020
1086
1075
1146
969
1002
995
1000
989
1120
1067
951
1044
944
1083
963
1087
927
937
933
946
1093
1053
990
967
1072
1070
1058
1055
949
970
1149
877
1080
1097
1076
1024
1036
987
1001
960
1053
965
968
955
1043
1053
1016
991
1036
1009
1010
980
1029
1029
1085
1058
1039
1070
1028
995
928
967
950
966
1065
973
1063
987
1048
1015
1122
946
919
995
928
949
999
1052
969
1045
1009
979
1017
1040
971
980
979
1013
978
968
1026
946
1035
1008
1006
927
1105
1099
997
1024
1076
993
1075
856
1128
1002
945
1039
1082
995
970
1009
966
1023
949
970
1026
1024
1118
939
1042
1010
986
1007
1073
1008
967
997
917
1110
991
980
975
975
980
951
1025
992
1079
1075
1099
1074
997
1119
1088
1206
952
1077
997
981
974
1010
1085
1014
963
1017
1024
1054
967
1024
1100
1013
946
927
1062
1015
1042
968
931
968
1055
942
956
989
962
992
1030
923
1068
953
1035
1054
1001
961
1118
969
917
1021
974
1055
1095
996
1092
1028
952
910
889
956
1010
993
958
1083
1014
1048
1094
1068
973
1051
999
1042
958
999
890
982
1022
1002
1000
1060
944
979
1070
948
1029
1034
1185
985
1039
1044
1030
901
1058
969
1015
940
1028
985
945
942
1013
1049
1024
1030
1033
958
925
946
1066
986
1021
1024
989
953
1035
1015
1034
911
1037
1001
1043
981
970
990
996
924
928
1045
1008
943
914
996
1071
982
967
953
1126
1041
978
1021
1025
973
944
957
982
915
1020
898
1030
995
1073
969
1063
1067
977
1039
980
1001
962
994
993
1046
961
918
998
908
964
992
968
1020
975
1006
1084
1110
988
976
1039
937
915
1015
995
1026
1103
892
963
1005
916
982
940
968
1005
1015
908
1002
935
1028
942
1049
912
1008
984
1007
979
1040
1033
939
990
1007
937
961
1030
966
1042
988
985
1019
996
989
990
955
912
957
993
1027
997
1055
963
1021
1054
976
1135
960
953
1052
984
991
1081
1027
953
1056
988
949
937
1027
940
952
946
1099
1025
947
974
1021
945
1016
930
1104
947
985
942
947
1060
1092
931
932
1020
913
1082
982
957
1029
956
1006
977
995
1078
1023
995
897
1056
1020
994
1056
907
951
915
1017
983
882
1003
1048
1012
1049
957
1025
992
991
1020
1043
1017
1032
1023
1002
956
1056
1026
973
1107
1006
973
960
1086
990
1037
952
963
953
941
976
935
1088
998
1032
985
1058
955
985
980
1092
1097
986
983
1052
1097
991
1002
961
933
990
1094
1012
1028
1015
1075
947
1033
949
1039
990
934
984
1002
975
1069
973
964
963
1032
1001
1007
963
968
902
989
989
930
936
1011
943
978
979
972
973
1007
992
1030
947
1090
959
1049
943
1007
1049
976
993
992
1031
959
974
973
1058
985
975
982
1107
1143
1011
994
965
932
905
997
1003
896
1056
932
963
1032
1006
951
1141
950
965
1018
1103
1004
1045
993
921
1059
963
915
978
984
990
1022
923
1003
1020
926
1091
911
911
1015
1008
982
1104
1031
913
1062
916
910
925
1019
958
1031
985
954
952
965
903
954
976
915
987
1007
982
964
940
901
1030
986
928
920
943
1086
1015
1011
932
984
1031
1019
978
982
1104
962
970
994
915
1057
1017
1007
1000
959
992
963
980
892
1068
1015
1089
956
931
1033
1045
1012
1007
984
1015
999
1017
991
1028
937
1043
1037
985
1058
969
1041
1058
951
1076
988
980
946
973
925
975
1018
1003
973
969
1020
960
948
991
950
949
1010
995
1016
861
999
1066
1016
1067
1042
988
940
945
995
1010
993
920
953
956
1097
951
1005
1076
952
1119
1000
884
1021
933
1002
965
970
1038
985
1011
971
1146
1065
966
1006
959
929
1007
966
991
928
1017
960
990
911
1000
974
1038
990
1026
1076
1077
922
930
994
960
1000
1002
1098
992
973
1007
1045
997
1011
1020
976
1090
887
985
1003
1029
1003
1082
968
916
1042
999
1069
1022
970
1038
1003
1040
1042
1062
950
1031
990
954
947
981
1017
1018
1098
922
953
992
1029
942
854
990
983
1006
939
980
1085
1019
938
969
940
1027
986
989
955
1006
923
969
964
1044
1010
1026
1013
1116
1002
927
937
1005
998
971
971
1024
997
972
914
1037
934
1008
1000
1055
1063
992
938
995
917
994
871
984
916
1026
990
1011
1039
924
1028
971
966
1003
1065
980
1112
999
987
1013
988
1025
952
1032
1032
942
1076
926
1006
1006
967
995
972
970
996
993
863
1029
945
959
1012
1012
966
1024
997
1109
1026
952
984
1067
999
1014
993
971
913
1032
952
964
987
974
948
977
960
953
1023
992
977
1010
999
1047
1050
902
976
1045
1019
1089
975
990
996
974
985
1044
909
963
990
878
988
1026
986
1034
1067
1032
995
1017
1002
938
959
984
961
926
979
1009
1007
943
963
1007
980
1038
1071
1053
990
1020
1030
1057
969
1063
943
973
974
951
964
961
963
954
1024
996
946
1010
1008
987
964
978
927
1067
958
1017
1024
1067
939
1035
904
961
1076
971
981
955
1053
904
1020
983
1045
1000
1048
991
977
1017
940
968
968
1022
997
869
983
972
1049
971
969
1009
1077
990
988
969
921
986
976
1037
982
980
1048
1104
1024
1048
917
1068
1001
935
1038
990
908
961
945
1052
1033
985
959
1076
1084
987
943
1017
1016
978
986
921
1009
911
980
973
985
1039
926
953
928
1018
976
965
984
961
1002
974
984
1039
903
987
1013
939
956
1016
1023
970
1041
1050
912
993
1070
924
975
1076
964
1020
1087
865
912
1008
1133
891
884
1018
1012
994
929
983
943
1003
993
988
886
983
966
1038
968
989
1010
1063
970
914
1014
1014
936
1020
999
995
1068
1064
1001
1033
971
915
990
998
1015
970
999
920
1045
913
939
1045
892
941
988
960
922
930
960
927
1051
958
919
947
1077
996
921
1058
1017
964
962
955
902
961
966
978
1009
894
1043
969
941
936
1042
1036
971
998
967
987
1054
1054
936
1069
1051
965
1000
908
997
1004
998
963
1042
1002
1042
967
1098
1069
935
979
937
1022
966
978
975
1080
1007
1098
880
929
1022
978
957
985
1046
982
1009
1021
899
1045
904
1042
940
938
1058
1072
1042
925
1056
958
900
984
1031
960
1070
950
1025
960
971
928
940
966
987
1034
949
942
1034
958
963
964
1014
941
954
1004
1011
997
969
925
963
943
968
994
860
946
973
990
982
961
1025
1061
976
1082
935
1018
1031
959
1007
986
1035
985
942
995
982
985
989
962
931
1060
939
1022
953
985
913
924
1030
952
977
1055
922
1002
1021
1042
989
1031
958
971
912
916
943
1060
901
1072
1032
964
942
1028
966
856
948
936
1037
1082
1009
950
1001
1009
961
983
978
1002
1110
1058
1031
1117
959
995
1069
989
961
940
980
955
988
1125
929
973
1149
1037
963
1035
1068
992
940
1022
996
997
933
1016
987
910
991
1077
1074
970
986
1058
986
915
920
954
947
1005
1004
1025
966
954
986
976
952
1004
907
967
1043
943
952
1031
987
1070
959
1013
1007
1036
1032
949
995
967
933
967
1037
967
1031
907
931
1019
996
1103
993
963
1031
986
1046
891
1058
950
1022
1017
958
945
994
944
1001
906
1010
1052
994
935
908
884
901
1075
1021
966
978
1010
944
994
937
1013
933
986
1053
915
1019
1005
935
955
964
983
1010
1002
1041
935
942
969
935
977
975
1048
968
998
969
1007
1021
979
988
935
988
978
959
995
923
962
1039
938
1048
1016
964
981
1015
1018
1033
998
1081
954
1037
986
1002
994
1003
983
1030
987
988
1028
992
1051
962
996
983
982
1102
1050
987
879
951
994
995
1006
923
952
1073
990
986
914
951
961
921
1033
979
890
980
954
1007
942
967
946
954
942
987
970
1021
972
922
1023
1020
873
978
1014
887
894
1047
957
1031
983
959
1085
1039
978
977
1000
1025
977
975
1064
960
1012
1083
992
942
1017
981
1055
988
978
961
1034
950
971
997
1060
1086
1003
960
970
1102
996
976
952
984
971
965
1022
936
990
953
1005
979
1018
932
1050
1005
1055
977
1009
997
1077
1021
923
911
1011
1010
967
1012
1061
1009
946
982
1036
921
1038
963
973
979
1034
976
951
926
918
928
951
1070
991
1023
976
1019
941
937
914
1009
905
940
983
1015
977
943
951
925
1001
1121
990
926
918
874
899
981
999
963
925
1036
938
933
1057
989
1030
992
998
982
957
1016
999
991
1123
1018
965
932
1004
1051
1058
999
976
1013
1013
1051
978
943
991
1019
975
1000
1020
979
897
983
1006
1004
998
932
963
975
968
1009
969
898
912
1005
941
984
891
1016
925
966
989
951
1062
977
1048
966
924
1013
902
963
942
959
956
982
950
938
1033
1045
1013
896
1067
1008
919
959
971
957
989
1005
1033
933
1022
931
983
972
897
1042
1042
1082
996
1053
1040
988
962
1055
983
1024
942
1064
972
1005
992
1015
1025
931
926
999
933
964
949
927
1037
963
908
1078
975
888
950
959
1013
1067
942
1005
1003
902
1041
953
981
969
1009
928
1024
1013
1065
999
993
895
1002
1004
946
981
1063
1053
956
912
1005
1008
942
962
1035
1008
1028
995
1034
965
944
1022
941
1017
959
949
895
988
973
992
990
958
1002
1007
971
971
1004
867
972
958
908
1019
975
1081
1005
986
1041
1033
1054
992
999
950
961
924
963
965
1030
889
1040
925
942
968
967
877
983
995
1033
1075
936
1032
978
968
1000
1044
998
1029
915
943
996
946
965
973
885
1046
918
898
927
912
930
965
1012
998
1019
932
958
950
1025
968
985
949
985
957
980
924
1028
995
999
1022
1010
926
972
926
907
962
926
905
991
974
937
937
991
955
908
988
944
948
1014
929
969
1027
1021
997
947
949
886
993
924
930
966
1036
931
1058
912
911
980
971
1017
988
1021
971
1017
948
927
918
1001
898
1102
906
1016
910
1037
908
973
953
1017
986
1011
953
953
979
916
1073
978
928
1058
1020
981
1007
1000
1016
981
996
968
992
961
997
994
1023
1036
960
956
989
1042
984
1012
956
864
957
921
917
994
955
1021
968
897
973
891
973
885
1001
947
964
996
1064
1056
1018
1024
988
1009
1020
995
1147
1002
973
961
991
923
951
941
894
956
1021
1012
964
988
1046
1013
1042
908
975
969
984
984
1112
973
978
974
921
990
958
885
952
964
1038
880
890
981
1020
1087
1018
1033
942
1038
926
1017
965
948
1030
1015
968
975
975
942
974
914
944
1009
975
957
988
989
1032
1018
1040
929
1058
988
961
965
1037
990
1097
994
936
961
1053
937
1099
917
985
994
1134
986
1037
961
1026
938
970
931
1025
1009
1013
916
875
1016
980
958
868
940
940
911
970
1003
1018
918
964
997
978
980
1025
1011
951
1013
1003
892
1025
915
965
1034
1001
1062
957
1059
1006
999
1027
943
948
1008
1003
986
1003
972
967
1044
990
1025
1030
1030
978
1058
886
992
968
1064
959
914
896
994
947
947
972
999
961
974
937
964
983
956
1015
922
963
1013
899
901
974
984
1050
977
987
974
1035
942
945
1022
954
944
917
958
1048
980
984
1013
1034
901
990
886
947
1016
1013
1019
987
1038
997
958
978
895
966
1008
1013
983
956
952
971
981
1004
989
906
1030
987
934
1020
1017
1015
958
1020
940
977
917
969
910
1012
995
943
1032
923
921
961
911
1014
947
1014
937
1025
992
1028
952
986
991
964
907
976
1005
963
1033
952
984
953
968
1016
1021
925
1053
924
991
1035
1008
885
1037
1016
956
1049
984
938
972
1016
1033
1048
970
1024
1090
993
975
943
950
1013
1019
1018
914
1041
878
975
940
1023
981
948
967
1096
964
954
995
963
915
951
956
990
951
1012
954
1033
953
1031
975
968
1036
997
911
963
931
1038
1009
1018
854
972
974
951
978
1027
947
981
946
996
989
971
1018
920
917
942
1073
1001
1005
944
972
867
966
937
970
1066
937
961
988
1113
1099
910
960
945
1016
917
1039
910
1020
972
943
927
940
1052
979
1003
951
926
1008
959
937
967
1035
944
1008
973
926
1067
1001
903
1058
937
948
938
1004
1043
997
884
1029
975
1028
938
954
842
968
1017
988
978
1076
961
906
1087
1013
980
953
956
942
1001
1039
957
956
1021
965
1040
1048
1025
1012
985
1022
1026
869
1054
894
1003
966
990
1082
895
1019
1055
973
936
907
969
989
969
957
904
989
998
888
932
997
1054
946
970
925
1025
995
983
933
1002
958
967
1112
933
945
998
1110
1006
908
926
983
910
987
946
948
1014
956
1073
974
962
1018
1010
963
979
959
977
1030
1018
981
934
999
987
1010
977
1034
976
970
1007
961
1034
961
961
996
1005
931
978
1003
968
994
953
951
955
991
997
941
878
1037
971
971
942
1086
1028
961
952
1011
1003
942
917
1001
1031
922
922
1023
969
984
1032
959
905
1035
1027
988
932
990
1057
959
897
972
980
963
898
991
1020
997
924
965
993
991
1019
956
945
963
956
1084
934
987
978
957
961
972
991
972
975
953
950
1007
902
961
989
1044
913
945
988
989
993
991
933
959
939
1093
959
995
965
924
946
906
951
950
950
921
967
984
980
951
960
947
1030
1044
1035
1065
1060
1012
1090
955
945
1037
1021
912
1056
990
1029
969
997
938
1003
933
879
1003
1090
915
912
962
1047
952
1012
990
934
1060
996
1012
1005
950
942
969
1025
1003
976
925
904
908
934
859
903
978
1019
967
919
975
1023
1020
964
1008
966
960
935
938
971
1034
999
954
968
991
1025
978
931
976
978
934
988
956
937
974
1077
980
998
893
980
938
1067
971
923
917
1036
918
996
963
834
985
980
1038
947
941
1033
1025
999
1034
1012
986
1013
975
931
869
960
989
1028
976
1034
978
992
997
954
984
971
962
1018
1004
962
980
989
1002
1135
973
1017
1001
994
990
948
1013
1020
956
1053
1018
931
921
1011
950
986
992
996
1009
899
928
1020
973
986
922
905
961
940
949
989
1002
947
1035
1033
974
931
976
921
977
989
1046
884
991
886
1008
999
1042
1057
926
935
974
983
976
940
949
1037
1038
967
1004
1031
922
1006
922
951
979
977
956
984
1009
999
980
934
1011
986
935
972
1025
956
967
1001
967
917
1051
945
968
988
962
932
969
990
986
971
948
1001
948
981
1019
967
907
1009
884
961
1111
969
920
1009
1031
925
882
1023
935
942
1010
931
980
1030
972
992
956
885
1037
924
1096
990
1065
1006
981
891
955
1019
918
1003
993
925
994
1036
962
973
1061
981
980
1026
948
1055
995
1020
982
1038
947
1121
944
960
1058
929
961
919
1037
932
1045
1003
974
909
871
991
1043
1007
947
982
937
973
937
887
1006
962
1002
924
985
988
976
896
973
1064
933
938
1052
931
993
1100
1013
962
981
855
963
940
975
988
983
980
994
937
1068
925
951
989
908
1000
968
992
946
992
950
975
977
997
972
1065
898
996
965
956
1026
1003
963
949
941
910
1006
936
973
994
898
916
983
915
970
936
935
987
1036
936
981
935
947
894
1067
897
960
998
984
941
975
961
978
992
995
896
1003
968
987
908
938
970
1022
935
966
1030
1004
991
991
1066
977
885
960
868
977
978
958
975
991
973
1000
951
954
900
1096
920
950
1027
985
984
969
1052
985
1049
929
983
962
967
970
980
1063
987
971
1010
996
1065
974
922
943
973
1027
915
965
865
884
987
1030
1051
989
1026
931
1048
969
893
1017
964
1059
967
844
865
1059
1054
957
980
996
977
958
936
896
1110
1013
942
1015
990
1015
1002
959
1062
960
933
975
1042
1029
976
911
968
1014
974
988
936
1084
926
941
979
919
1015
987
914
952
927
1054
929
1113
923
987
973
972
938
982
890
1137
1109
919
1049
1041
991
1048
968
1011
965
976
992
918
979
951
951
1009
887
971
1032
976
983
970
960
1022
937
946
982
908
953
1029
919
964
946
953
1030
962
995
954
1003
957
1039
1057
941
949
943
888
991
958
1026
913
984
977
940
1000
1022
943
984
933
945
970
988
1056
968
902
1059
991
978
1017
991
954
915
917
988
937
936
963
1006
966
994
955
1070
965
945
930
954
907
963
998
968
1023
1076
984
964
1032
967
1003
976
941
930
1044
1002
970
910
1003
1013
973
946
1084
997
930
989
940
880
985
984
962
1100
991
983
943
898
920
1027
988
1000
1022
953
938
915
972
951
992
988
962
1088
991
923
999
997
999
941
967
951
894
1024
994
946
928
1085
1045
1045
954
1027
968
939
943
962
989
1030
970
832
949
994
909
977
1004
1002
937
963
1003
1011
977
999
956
907
944
908
952
966
967
879
973
930
993
965
964
978
965
989
960
1017
937
941
961
952
923
962
920
880
938
897
972
944
988
1025
1012
933
973
937
943
1078
988
1001
894
898
1007
907
925
1034
1006
1046
972
987
1003
1018
1061
885
956
1002
1029
949
999
877
959
1081
954
938
938
892
960
998
1016
1012
896
1072
967
1052
993
979
941
905
964
968
1035
912
944
1016
1003
960
925
948
995
943
1022
905
958
945
919
981
818
993
993
902
938
1007
1021
1057
952
1020
966
932
1034
948
1013
942
986
915
949
1027
1044
977
944
954
982
892
958
1017
917
964
1033
895
882
972
951
969
999
961
1020
946
981
873
918
1055
988
1011
1044
879
1067
966
964
975
1066
923
999
964
993
977
976
1023
980
1052
993
905
1015
1000
976
995
1027
967
980
944
981
936
1017
984
927
922
949
920
966
1016
953
1018
966
987
1014
959
966
912
981
948
918
903
1028
986
965
981
994
980
939
977
970
1050
857
1001
945
1014
1056
884
1006
995
915
1064
993
950
1033
993
916
964
974
937
909
986
985
1017
966
1012
1033
971
1025
979
1024
972
982
957
944
924
902
983
985
897
948
953
895
953
964
942
931
952
992
941
984
967
926
978
971
996
966
961
959
993
1011
1016
1024
929
1030
966
953
940
935
983
1030
1034
949
970
1023
991
1071
944
985
1028
924
940
977
993
866
984
948
924
1034
984
997
896
975
984
969
1134
943
953
970
1004
1000
929
859
973
990
950
1011
969
1022
1007
871
1015
983
893
963
1030
980
999
994
930
823
962
964
907
992
897
1020
1092
958
947
976
980
960
964
972
919
1025
954
977
943
909
958
974
902
991
898
1010
960
998
945
946
1010
1043
967
971
987
1028
932
912
1051
1030
932
990
963
944
1094
978
975
955
1002
913
986
1039
908
963
957
968
1050
1077
962
946
988
916
936
930
1019
997
1040
887
1060
975
1023
1026
897
945
986
974
1076
992
998
813
1021
940
911
873
1041
962
891
1049
944
975
979
1037
1026
1007
911
954
937
1009
880
1035
943
955
1018
972
943
1047
895
920
970
953
972
975
870
968
965
946
955
947
896
959
947
912
925
955
880
975
918
975
995
1031
928
970
948
977
946
1064
996
909
978
899
1026
924
964
983
1028
888
928
977
934
977
917
967
1017
1002
980
898
969
987
941
938
957
1025
990
1012
938
1024
986
925
943
1019
1068
1031
944
961
952
972
1042
1003
1036
909
958
948
999
912
1081
1017
961
935
990
977
975
969
932
1055
971
1001
1041
988
1024
1010
980
991
940
1059
994
1004
1043
938
945
1032
923
901
991
985
992
982
939
944
919
989
962
956
909
993
1027
1053
976
960
870
1017
998
977
984
939
1049
1021
987
937
1028
874
909
976
972
929
973
1028
993
1075
894
1019
984
1028
1019
989
1023
936
1043
1025
1082
1001
997
991
985
1077
951
958
1024
995
1010
984
1022
944
1015
985
937
966
1068
932
996
964
911
959
1014
931
1032
1029
968
1015
1036
933
1089
865
987
933
927
972
982
987
960
1003
971
844
958
992
1059
1021
950
1031
945
978
989
975
989
976
1004
900
1005
996
958
981
963
1001
904
960
958
959
932
1009
912
964
983
964
999
943
979
1016
994
974
902
960
1034
917
1017
926
1039
1012
918
977
866
1003
994
1051
954
1044
1003
958
1028
922
990
992
939
1098
929
936
1004
914
955
913
979
965
1046
911
938
1061
1023
959
833
1034
927
935
963
915
971
1002
993
924
1007
1006
994
918
1027
992
983
973
913
960
889
932
965
968
1025
866
915
961
941
973
934
978
1026
1005
1002
936
950
968
933
980
915
915
997
1092
976
986
896
997
1013
1019
894
944
908
977
1014
928
1019
874
1007
1005
958
972
958
922
919
993
983
1007
1009
953
976
1002
1018
1050
953
955
965
900
949
969
1090
969
999
994
956
960
975
952
971
890
954
1015
939
910
942
962
953
940
930
885
982
986
904
930
1032
975
999
935
966
895
951
1006
921
977
1047
961
1046
956
1069
1040
960
964
1019
1029
1007
1019
1009
971
1017
932
913
1014
932
1043
966
940
987
981
966
914
974
888
895
978
1051
996
1005
933
1000
984
957
971
940
994
1104
986
958
976
948
952
958
1017
927
1007
968
938
923
936
976
989
914
1016
982
928
952
944
1042
892
952
1044
950
1031
899
961
1009
981
1023
980
925
932
1017
981
985
981
927
983
1026
955
1048
930
1011
990
969
978
890
1027
923
955
967
891
938
972
1019
967
949
1027
1009
917
929
1019
992
892
920
1010
950
961
952
978
986
1011
924
878
1010
919
945
978
935
919
884
979
922
963
982
976
1040
941
910
954
1012
1043
940
869
882
953
939
952
993
1031
1017
1041
990
1050
960
978
934
1095
947
1002
883
1068
1072
993
968
1025
1052
942
946
969
989
970
976
1046
959
998
930
1044
969
986
995
907
986
980
961
907
989
951
960
968
979
929
1010
925
953
994
1092
930
938
975
924
977
991
975
983
943
1024
931
938
1004
960
957
985
1019
983
981
957
1025
998
914
953
963
916
941
983
969
1002
958
941
954
999
1012
926
1064
1017
1005
996
996
968
1007
970
996
1010
980
1002
989
1056
1026
1016
992
992
911
959
1012
956
964
985
1115
902
921
922
985
1000
1028
960
977
922
1042
1016
971
880
949
1054
1086
1051
950
948
953
978
928
1014
990
948
929
996
970
872
986
938
983
940
942
988
1123
1051
922
1002
998
879
991
988
906
966
965
954
955
979
988
1000
1020
975
943
1029
1030
931
1025
1041
999
936
965
1020
999
1028
1039
1046
1020
940
944
975
957
905
1013
925
958
959
974
991
1031
1022
889
961
917
999
1041
991
1110
1015
977
910
901
905
968
964
973
993
1020
1064
1014
1047
1059
1030
978
951
979
1023
1028
955
1002
1011
886
1032
1000
990
1004
1017
1067
951
928
857
957
933
991
895
960
1031
898
977
904
1033
945
1005
912
939
963
1003
948
962
957
967
975
994
974
978
920
1016
958
971
933
1076
984
997
924
1019
928
979
948
914
904
967
1000
1038
998
955
1014
970
939
1074
1031
997
1043
934
1019
1017
930
1034
946
1007
900
963
1046
1017
1000
1008
976
917
1033
981
1017
943
985
967
957
939
961
960
946
923
992
943
918
1009
979
926
1009
910
921
999
979
998
963
1012
1013
994
940
948
1037
1032
904
1014
966
917
915
949
987
953
1109
961
954
995
967
923
921
896
1034
1039
950
991
972
990
931
1050
933
999
1003
986
941
932
1008
997
997
964
953
978
1017
899
918
951
962
1026
1038
1042
975
900
966
951
965
1067
1012
935
986
940
965
948
990
1049
1031
1018
998
1012
1113
991
1050
1026
1020
960
1039
978
963
958
927
1013
931
945
1031
918
999
973
999
971
933
985
927
971
1040
1048
1029
955
958
932
961
871
1073
919
923
972
920
970
932
1002
978
923
967
970
945
947
963
986
971
912
934
962
942
990
989
1013
1016
970
1027
1067
993
947
976
1008
921
959
952
1054
936
960
974
975
1037
981
958
908
1035
910
983
1080
1048
993
1057
992
937
982
998
962
914
907
966
943
929
921
976
1000
974
910
962
916
989
985
994
980
952
965
983
1000
999
1021
972
920
1025
955
951
978
986
1035
908
928
921
983
939
954
979
906
967
1003
1040
990
1034
999
903
923
1008
968
935
986
1035
978
1062
1057
955
1008
971
943
952
898
1066
917
948
982
1015
979
1004
972
931
943
966
945
1047
893
1013
941
961
927
995
989
1004
928
937
1027
964
935
933
1009
949
957
963
999
1002
911
941
1043
1017
1001
979
977
1042
981
934
994
951
942
1006
1018
941
985
1002
968
954
1073
981
1018
958
998
929
965
894
979
1069
966
893
959
877
906
974
988
855
923
1103
974
951
959
939
927
923
937
904
963
864
1004
998
1008
1037
1043
1024
971
883
981
946
1045
992
952
963
1067
1020
923
954
970
892
876
971
943
991
992
988
1010
997
893
908
980
991
950
922
984
987
1013
1068
1043
956
1051
972
949
964
1030
984
932
1014
947
893
978
911
980
1005
946
944
969
1018
947
975
974
1041
1008
967
1020
906
999
1015
988
1008
950
956
1007
928
919
1041
1044
1047
1000
921
993
1045
1023
980
983
979
937
1009
975
1027
967
1007
983
1006
992
1018
1000
923
941
976
988
987
1010
944
914
921
999
940
981
1045
960
977
938
980
913
921
905
862
996
963
987
1020
964
973
949
1009
942
996
958
842
975
884
959
1050
989
989
990
996
978
865
934
967
952
962
934
1012
972
1025
967
943
966
941
952
996
1025
966
988
1109
959
966
942
980
1029
911
1016
969
971
968
963
998
992
928
924
1008
1129
933
1097
1040
1041
969
899
906
1017
950
925
1000
928
931
1003
922
944
1066
987
1010
977
1025
1006
1050
953
1026
999
979
995
941
980
1004
956
972
969
952
1020
1040
1000
1038
1004
999
946
964
1000
911
1038
989
988
943
961
948
979
988
987
948
967
947
1047
957
982
976
934
1021
1004
942
1015
912
1042
1010
980
969
922
1016
978
1007
910
973
989
955
978
940
941
990
939
939
956
962
978
1049
939
1000
1091
1006
910
1058
1037
1041
976
891
993
1004
980
973
987
1030
947
1039
991
1003
1025
944
1022
1053
981
1012
973
1034
1025
937
885
1039
1018
913
952
970
865
896
898
968
1008
917
977
930
996
961
1037
984
972
1011
988
938
942
973
1072
1006
911
1014
901
984
940
978
1134
931
1015
992
983
981
1032
940
919
1022
932
938
958
959
926
1014
1055
1014
1001
962
943
928
937
1035
861
965
985
947
883
985
1014
1039
920
981
1008
989
1063
1093
1009
905
955
950
1032
1043
1080
1012
1010
970
962
976
965
1015
1011
1004
965
1015
1040
1025
994
979
961
952
1010
899
996
940
942
929
1011
983
930
1024
1003
1025
976
998
941
908
930
986
976
928
1033
961
913
951
984
946
976
915
943
996
927
934
961
934
917
1032
955
925
978
998
967
931
998
907
951
933
948
979
950
1003
1003
941
1030
1044
937
957
1023
945
923
997
1007
1046
1018
985
955
966
965
1031
999
932
892
997
1099
922
934
991
967
1006
1081
1056
991
1056
1049
973
954
1038
998
988
958
1056
964
919
957
1043
955
969
979
960
960
912
910
1048
1060
1026
988
973
1020
923
1025
994
1000
966
929
988
980
1035
1038
923
982
990
1047
967
925
967
956
997
947
948
990
1024
935
947
921
988
978
975
979
940
979
955
1073
1045
982
893
931
975
991
932
1000
1023
915
905
1009
1022
957
1001
931
964
936
1025
971
883
930
947
1004
874
917
1000
886
911
1061
955
969
1046
918
944
1009
939
1012
999
1001
963
978
967
995
1037
961
934
987
935
1006
963
1021
991
1042
873
930
966
939
1027
1023
1024
1011
991
1031
942
895
937
1009
1014
1065
909
1034
920
942
989
977
1034
996
1024
1037
1052
909
992
930
954
904
1054
924
922
997
954
983
998
1059
1002
1026
942
898
982
1056
976
1028
965
1015
980
948
970
961
870
1008
975
988
989
965
961
961
991
898
974
904
936
866
920
981
950
958
948
942
1097
972
978
1065
946
1002
996
982
973
1019
953
1023
907
973
1003
935
992
913
1032
910
981
923
909
967
1031
878
973
977
959
959
942
1006
968
915
984
1016
1053
995
982
961
1019
980
1006
1050
1014
967
953
922
884
965
946
983
1001
1023
1001
917
958
977
904
981
1040
979
980
1003
1033
874
974
1025
864
1010
937
996
1050
920
958
954
954
1013
1007
886
969
1019
1010
900
923
1017
998
1045
958
967
976
950
948
959
1004
1024
986
912
931
1011
898
937
905
1079
929
939
914
979
1041
904
939
888
963
975
953
979
948
948
1010
976
957
1047
944
988
980
892
943
972
1001
925
976
1018
970
911
943
1042
1007
1000
928
937
1012
950
933
987
916
1026
1000
1003
945
955
911
979
988
924
906
987
965
994
934
923
883
1037
983
968
910
1016
938
956
907
961
973
997
961
941
1054
990
1003
998
952
979
994
936
1033
903
968
962
981
996
913
988
1072
956
1031
1013
958
1020
943
922
918
928
1026
1002
977
974
946
1007
950
1002
974
1021
954
936
933
1004
942
1008
1016
935
997
930
916
919
1077
967
967
966
973
921
970
943
948
969
1007
992
964
965
962
990
950
980
991
926
989
951
1045
979
998
983
986
892
964
1055
971
925
939
911
1032
925
981
1078
987
963
966
979
914
1001
939
898
957
1010
959
1028
1016
971
1087
916
952
948
994
954
1067
1019
949
958
1032
970
931
1040
917
890
991
953
1001
864
1031
965
966
913
990
1025
997
1002
948
957
983
954
840
1054
1014
936
898
928
1030
883
1032
941
999
972
964
976
880
883
1095
1005
985
1013
974
935
960
1020
1024
978
1025
973
977
1013
900
934
996
958
979
930
926
993
1020
964
878
1004
984
980
1048
1007
1002
861
978
988
1025
993
988
938
931
944
911
1025
953
973
962
850
964
1006
1084
951
940
972
942
977
970
999
883
971
1028
917
953
1044
1028
951
885
1040
983
960
993
926
961
987
927
994
994
909
947
1048
935
969
955
917
961
1054
1005
987
949
955
1007
891
1035
1002
943
955
952
922
915
917
977
925
1012
950
933
919
927
1012
939
973
820
1076
904
1060
906
1015
991
937
953
934
993
993
934
951
911
956
1040
1139
892
934
1003
986
980
1029
884
961
1045
905
1006
1067
970
955
1082
938
992
1070
981
969
922
1044
950
956
909
991
908
966
986
998
998
864
1075
964
930
905
963
949
962
1043
980
981
908
980
1039
1000
980
915
1006
946
864
1018
954
979
1024
960
951
998
958
895
1078
957
885
1045
1022
903
973
1028
924
1027
981
974
997
1015
925
1071
978
930
1024
1069
943
983
945
934
1019
924
942
998
976
1000
957
924
963
952
958
886
1008
955
920
915
1005
957
977
979
976
932
1011
930
964
942
913
1007
928
921
921
944
985
956
932
972
985
942
961
877
963
1005
938
898
1070
991
883
989
881
1023
965
990
951
958
970
974
981
957
1035
893
970
926
989
935
1054
974
954
1048
1020
959
1023
943
1024
976
1056
1030
976
1017
945
984
890
1052
938
1044
987
938
1046
937
890
919
934
1012
1002
959
977
1058
960
982
1065
912
1014
935
978
1016
959
1018
1040
1051
1036
1009
970
951
983
940
984
989
954
938
1030
970
988
1067
973
1038
929
972
999
1013
1007
980
897
995
954
1028
986
930
957
950
961
920
959
1034
979
908
947
969
1005
989
1052
973
1010
967
956
1043
1004
985
949
946
1054
950
961
928
982
977
997
941
938
982
969
1095
904
925
969
1018
968
1003
1022
1051
913
1007
925
828
958
1042
919
928
881
940
948
981
961
1009
944
1011
1000
964
1011
1072
977
979
996
977
1021
964
997
943
976
976
1027
1007
1008
997
974
974
894
989
991
992
981
1028
1033
1066
1035
953
954
878
975
983
931
1016
988
970
986
929
973
905
977
913
992
965
1007
1044
1006
948
960
970
1101
907
964
1004
1020
949
991
1026
899
918
963
992
1051
941
959
961
896
1020
849
992
1036
911
939
970
944
971
982
916
1009
968
1022
957
936
998
942
962
941
910
975
988
1036
925
941
981
914
927
958
1088
898
893
986
960
879
1008
924
985
907
938
955
1021
1069
983
894
979
976
955
1075
907
922
986
1005
982
933
965
916
1028
936
946
969
969
932
956
940
957
973
950
953
958
981
993
1013
1003
874
909
971
931
975
1032
959
921
928
938
883
995
997
969
1052
956
1010
991
919
961
1005
972
976
953
954
959
1012
964
942
928
977
991
952
976
992
940
987
995
987
993
977
957
970
1055
894
983
1023
853
940
928
1068
1008
1024
980
1009
971
902
1016
1002
971
940
963
934
1012
1035
986
1006
958
932
981
971
1012
920
1021
965
1031
915
977
1038
956
891
1015
1003
926
1038
1014
993
1025
960
941
950
918
917
1011
929
1011
907
960
945
995
981
939
976
974
975
1051
1032
994
979
892
971
948
1008
872
956
978
991
981
967
902
929
974
1021
997
972
863
1005
980
942
947
845
1000
973
916
983
998
925
980
999
940
1026
899
973
1001
883
1029
936
979
893
961
974
978
959
1026
854
1055
940
891
994
924
917
909
1002
952
999
963
985
891
872
910
985
890
840
1075
867
970
892
1094
992
1032
985
959
1032
992
1008
1115
977
997
991
967
913
899
945
962
954
993
927
965
984
924
1015
1067
1002
966
901
909
984
989
1013
928
931
921
884
1011
978
929
883
919
1031
981
942
1048
942
1000
1009
965
947
1056
933
1046
1064
944
1016
936
1000
989
926
1060
911
969
996
947
942
1040
1040
1035
1042
1000
949
950
999
998
982
968
997
890
965
996
995
1061
889
954
990
1024
951
946
997
922
907
967
1009
954
945
928
911
1103
903
951
989
930
941
970
1021
913
970
1023
961
934
952
978
957
962
1048
895
880
937
976
974
1004
942
989
1073
951
1029
919
963
1006
1035
990
1058
1062
902
1001
926
921
960
972
975
967
952
998
1026
983
949
937
1136
914
987
927
913
950
962
944
1030
1116
944
942
986
1014
1018
937
938
909
884
1015
943
980
993
911
935
943
932
929
912
955
952
1010
1008
1006
1003
1003
964
973
1033
933
932
986
1012
977
972
934
1053
1044
1003
928
950
1015
879
977
943
955
1002
1038
1031
1104
961
932
949
934
897
940
890
981
1024
921
949
948
1036
906
875
967
984
968
979
939
990
985
942
921
974
914
984
976
962
1012
1014
918
1013
997
987
1037
949
988
1020
932
959
932
923
1014
958
955
995
1011
1010
921
966
965
1067
1009
992
941
904
945
895
953
944
931
1002
992
957
903
865
971
953
952
922
951
928
960
977
1015
914
930
947
922
963
882
976
928
926
1030
997
966
1010
951
971
949
963
986
904
911
1012
961
1013
918
1001
967
975
1119
983
955
1078
964
1018
1021
921
972
912
953
1059
971
940
951
953
976
963
928
974
1022
1008
945
1003
949
935
1027
1058
1082
1020
969
1016
980
974
1017
1009
1002
930
969
928
991
914
1061
976
954
935
996
1069
976
1014
936
985
975
910
1003
938
953
951
1025
941
874
937
908
981
962
1022
910
936
950
927
907
938
1014
897
977
988
992
931
919
923
982
869
932
969
900
995
947
1082
948
899
1020
1004
980
1009
930
899
990
999
986
1006
1101
933
914
922
907
918
1024
926
984
947
991
1019
1007
934
969
921
974
949
1002
976
960
1047
1007
947
1012
919
882
926
933
895
893
938
1028
934
930
943
1005
987
928
968
1016
908
922
932
976
973
1003
984
1014
976
1067
1010
1069
1031
960
968
923
960
942
1040
935
924
1037
995
993
950
991
1038
1030
981
900
1034
897
869
968
984
907
972
1025
894
866
972
953
969
931
927
998
873
1005
988
996
954
1062
913
945
883
917
947
945
985
966
950
1004
935
996
946
1046
1019
915
961
1006
1016
1019
1008
980
971
925
1044
932
943
887
921
984
929
1022
983
979
924
991
1019
985
966
941
948
947
989
997
1000
963
987
1005
1074
936
950
968
905
1003
927
951
936
994
920
1019
954
968
942
897
981
937
1083
1064
981
974
950
968
949
913
848
1046
995
941
1008
941
996
1009
943
968
1023
889
1017
993
918
988
891
947
1002
1003
910
984
958
929
989
936
962
927
971
945
913
964
993
963
959
973
981
986
972
939
982
969
1005
942
976
959
1047
925
1014
936
959
953
960
1011
988
1022
944
1022
985
1018
1058
950
986
973
1019
934
996
987
947
976
1093
948
988
989
1009
927
982
981
951
988
989
920
941
878
926
977
1031
954
990
971
987
1082
979
1033
916
954
913
916
949
932
932
1043
874
1034
959
940
872
951
991
962
1019
954
946
1065
923
962
1024
1001
1001
879
1006
976
1018
975
874
954
901
1009
915
927
919
969
1026
978
931
1030
938
1017
965
966
1004
945
952
956
1051
1029
1045
969
992
1006
1021
926
998
872
975
960
1014
944
949
976
981
929
927
917
949
923
1028
1003
989
973
945
955
967
952
956
1039
1070
990
963
988
980
980
924
943
959
1010
963
939
980
971
970
1032
988
978
955
912
1060
1099
956
1081
911
966
903
960
1019
1056
928
926
979
1014
1007
961
1006
926
1026
979
1039
985
934
876
1030
961
975
938
853
965
996
925
928
1011
1003
1013
993
1025
977
1002
950
1054
928
900
982
958
981
898
950
981
964
926
994
971
985
929
1003
1006
975
995
964
955
1050
997
936
985
987
972
978
951
991
1060
958
927
842
981
961
990
949
1010
954
979
1054
914
1000
973
983
1022
1010
945
980
1019
975
892
972
890
886
946
962
997
1008
952
1012
968
963
956
934
963
931
990
979
929
927
1044
904
986
995
974
896
992
992
1026
974
934
912
1046
932
993
891
1023
989
1011
943
888
863
930
982
972
979
878
951
932
938
953
983
981
1058
1009
993
904
969
969
903
962
969
989
958
963
874
989
1066
888
931
966
994
923
899
950
980
911
942
947
1000
933
1000
912
999
949
935
1015
973
962
969
975
1009
1016
1014
931
1003
899
935
875
987
972
976
948
906
1078
981
952
998
1007
975
962
951
938
870
1043
950
898
1035
988
951
928
921
950
941
929
1012
952
1085
992
911
992
969
1007
1007
997
1006
1010
989
904
1003
927
951
924
1003
941
897
930
975
968
1025
898
913
891
1022
997
1006
981
1062
914
1027
964
976
993
946
890
1116
1002
1020
906
970
1016
929
909
975
1072
990
948
988
1000
1002
934
954
943
1068
946
980
971
962
929
1004
995
882
958
947
920
951
936
966
955
908
961
1056
989
967
1060
971
976
895
1008
1000
1006
968
950
980
921
992
979
944
1011
953
1071
966
958
983
894
1031
995
999
1038
922
1012
985
960
972
1051
856
991
931
977
953
995
985
893
951
873
1084
983
939
927
915
950
1010
991
1009
974
997
909
1001
987
960
956
950
1032
900
948
938
997
1002
975
953
973
925
979
911
960
973
989
892
949
907
938
966
956
956
965
969
988
995
959
1035
977
942
1007
943
958
953
982
1004
967
987
979
1033
984
1023
979
985
981
964
1038
1001
910
951
958
1044
964
879
1019
961
948
957
952
999
944
914
992
1010
1020
995
899
1048
1019
1125
970
985
932
998
934
1022
993
1005
1058
905
1098
903
927
975
1010
1055
980
1009
887
887
970
995
942
982
932
1055
994
1054
960
954
977
959
924
1039
997
902
926
967
937
1010
957
1017
981
977
956
965
902
1026
1044
959
1080
914
1004
946
917
932
902
919
987
933
945
981
1061
977
1002
970
1027
982
1035
1021
904
968
1016
1042
955
1022
989
981
1074
953
1020
994
971
901
941
993
960
970
997
947
919
948
954
994
1027
959
924
953
923
873
935
1025
980
954
1043
945
991
1033
956
1007
1057
939
947
926
942
1018
923
958
1046
955
1021
992
974
1018
912
940
961
975
971
967
965
1003
1012
899
999
944
899
1007
928
989
1030
1006
984
1023
989
1012
893
981
944
976
962
961
967
959
981
848
940
974
948
1002
965
999
963
1067
996
990
943
984
1021
922
969
1025
950
993
944
931
1043
1011
1046
935
979
955
925
929
961
904
954
1046
997
957
989
954
989
1012
1007
962
1006
985
1008
990
956
976
1016
989
948
968
933
999
1003
976
991
1075
915
979
1021
999
966
1049
970
976
975
1010
940
969
977
941
957
923
985
987
1059
1034
951
974
967
932
921
938
1036
996
940
1036
1015
1026
971
978
993
942
973
988
991
1030
992
943
1055
994
894
909
970
968
951
995
1005
912
1042
883
967
1067
987
933
1097
920
927
959
986
1051
1036
972
904
994
1030
916
924
1029
930
1033
992
994
1095
996
1011
885
872
985
980
925
937
892
958
955
958
992
980
917
989
895
1000
969
989
978
992
920
974
972
987
993
1007
980
989
968
974
999
925
930
910
935
928
1074
963
1002
1006
915
966
962
1029
952
1005
1008
1013
1011
1001
895
898
1026
930
960
929
965
980
967
1004
1035
1018
985
1028
965
949
1013
919
1011
928
980
1076
987
1001
983
970
1058
1055
953
924
918
1013
1032
1056
959
951
939
953
957
1081
969
931
969
980
961
1022
918
1011
981
979
937
1041
1001
1019
954
999
918
991
999
885
1002
1003
1003
919
1020
978
1007
923
1070
1001
988
1003
996
1006
908
970
895
971
916
963
921
1038
972
960
1002
1020
975
953
944
1006
858
1037
944
904
990
977
997
992
959
933
913
1015
956
934
929
1021
1007
1032
989
998
944
989
1024
1056
999
969
1024
943
1021
1038
975
971
941
1023
977
1000
1021
1036
948
975
952
944
1005
1064
946
964
877
984
1001
1009
864
986
1020
883
972
1018
1023
940
988
1010
982
992
961
988
1007
950
1018
978
986
856
961
1040
1012
1036
992
989
955
966
975
920
995
952
979
1004
958
952
977
970
976
927
1025
954
952
984
1029
907
1038
972
957
1049
937
1000
1029
974
971
925
971
960
936
997
952
926
941
957
903
974
956
1016
989
958
919
961
988
961
945
981
946
919
1047
933
1003
979
918
937
925
1035
1032
1008
978
858
985
894
908
979
993
992
890
990
997
1044
907
958
975
997
952
948
1018
971
1025
1007
985
958
999
994
934
1085
951
1015
923
1010
927
1024
1028
980
1013
929
937
945
875
962
1031
907
923
950
946
939
976
940
948
898
958
1052
1002
1002
953
992
1028
966
914
983
929
1032
981
959
995
956
969
1013
991
1008
975
990
962
937
1001
910
1034
1085
918
992
939
1030
996
898
901
1023
928
933
910
955
1001
1002
974
926
1020
938
994
1079
972
1003
964
904
1016
1027
979
977
940
958
951
965
985
1022
958
979
967
920
979
960
1004
1017
936
862
1030
942
996
1044
1072
1037
1005
1035
1019
996
935
1027
940
1041
984
977
970
922
977
917
948
986
953
974
891
964
994
966
951
920
961
969
947
983
887
1005
979
958
1037
1074
976
963
940
961
847
937
980
914
983
981
1038
1047
959
946
934
933
1001
1027
982
965
987
1073
986
1011
1059
976
1040
994
1013
953
908
977
1024
1070
934
1005
934
1020
1016
927
1026
943
989
865
1013
991
973
1060
1055
993
883
935
918
969
1036
947
968
942
979
947
1008
951
1041
890
919
992
1024
979
915
1039
984
1025
977
922
883
861
930
970
969
970
944
957
1025
1037
998
934
924
960
986
981
933
970
999
953
899
1006
1023
992
968
924
900
960
1073
955
1011
939
937
929
943
952
955
965
952
1037
941
1011
929
1000
962
897
994
1009
931
946
1031
941
983
906
1041
946
873
942
980
875
1001
1035
1097
1009
962
1049
975
962
979
917
970
1015
907
959
952
917
1046
1003
963
902
970
1002
934
944
895
915
1029
958
1007
972
910
970
982
990
961
984
1002
951
899
1012
903
994
955
912
942
942
860
1032
916
1031
963
951
963
1039
994
985
999
938
926
924
912
976
957
966
1039
949
1027
1058
990
953
998
909
952
906
910
1006
943
982
888
986
919
1005
918
986
1073
1010
1048
1142
1025
924
959
912
914
1007
959
983
933
991
1006
1003
948
1003
925
944
997
972
919
979
921
984
904
996
891
983
905
972
942
962
1011
935
954
956
1022
978
961
1028
1034
981
925
989
975
972
953
937
971
978
1003
1009
1072
996
965
1028
948
948
891
960
992
916
982
943
1002
935
963
991
913
913
974
1020
1011
983
902
918
909
932
918
941
990
970
988
898
936
1015
1025
965
967
943
924
1036
1009
984
975
983
950
861
942
973
920
977
999
909
1023
1045
1013
1028
944
973
969
1032
945
947
960
950
976
925
1045
947
953
1014
1027
932
962
955
988
999
1025
935
