1524
810
1002
780
810
576
522
576
678
822
1044
1596
1446
948
1368
1452
1668
1464
1572
1260
1446
1056
1194
978
804
1050
1062
804
942
930
828
738
1056
960
900
978
738
810
792
1236
1272
1440
1464
1632
2154
1674
1488
1746
1620
1278
1194
1392
1392
1536
1404
1464
1434
1332
1194
1668
1704
1590
1494
1146
1032
1458
1638
1218
984
1050
972
798
600
636
378
378
768
684
930
1056
1092
966
1266
1290
1686
1422
1536
1818
1092
984
960
846
900
1152
642
726
702
744
1278
1560
1110
1518
1848
1650
1854
2244
2370
2196
1902
2664
2160
2286
2394
2226
2166
2142
1842
1662
1710
2094
2112
2388
2130
1902
1746
2628
2688
2688
1980
2766
2022
1836
2712
2100
1680
2034
1854
1974
1692
1758
1362
1506
2430
1458
1578
1326
1176
1146
1158
1422
846
1182
972
1170
1218
864
1236
1248
1440
1218
1854
1986
2166
1572
1368
1548
1140
1050
822
528
276
546
984
660
786
1218
1488
1716
1566
2316
1392
1344
1254
1062
1080
804
408
516
432
750
702
816
588
318
594
648
384
444
192
204
174
96
270
216
420
318
270
558
786
792
882
1032
564
516
426
690
582
630
558
378
468
366
786
594
360
216
114
108
198
114
210
432
726
540
762
468
462
270
408
540
684
762
948
846
744
642
636
672
420
510
594
702
738
642
564
588
636
912
864
948
1128
1062
858
474
570
276
228
402
300
192
462
468
690
972
1020
1338
900
858
1014
1452
1968
2046
2238
1806
2004
1878
1416
1434
1242
1710
2322
2082
2472
2088
1902
2322
2040
1770
1590
1956
2262
2442
2064
2742
2142
1812
1800
1734
1944
2346
1944
2106
1608
1596
2142
2004
2604
2274
2226
2382
2046
2994
2352
1890
2448
2442
1950
2460
2220
1902
2454
2382
2100
1842
2004
1134
1428
1416
1194
1020
630
804
978
1146
1710
1644
1500
1770
1608
2910
1350
1212
1578
1638
2208
1302
1218
1332
1254
816
1116
966
726
462
294
264
522
210
120
108
120
138
162
648
702
726
426
588
696
678
750
402
282
594
912
1290
1404
1542
1356
1038
798
726
834
786
720
618
732
648
696
516
456
546
624
450
582
918
1116
1422
1098
1566
1824
1218
1434
1386
1194
990
1098
1116
960
1140
1710
1254
1278
1440
1080
1314
1704
2034
2022
1536
1926
2856
2040
2232
2172
2406
2346
2334
2094
1662
2148
2322
2148
2142
2172
1896
1968
2154
2004
2226
2016
2028
1944
2292
2220
1860
2286
2094
2046
2748
2220
1980
2250
2706
2556
2100
1878
2202
2358
2094
1302
1518
1398
1128
1122
1020
1188
966
678
768
486
696
858
804
1398
1464
1452
1668
1806
1578
1170
1032
1146
672
408
732
744
504
480
192
126
234
540
306
420
324
234
108
366
522
492
744
528
234
432
642
936
774
684
618
756
840
1140
1506
1188
678
1284
1044
978
672
294
102
234
624
414
426
570
564
480
294
180
246
252
204
498
198
288
432
552
558
606
624
426
414
696
882
1104
930
546
516
852
672
942
1452
1854
1986
1452
1626
1896
1542
1872
1578
1920
1614
1716
1980
1896
1806
1932
2058
1800
2052
1968
2988
2136
2484
2172
2352
2238
2454
2352
2328
2070
2442
2292
2082
2364
2256
2082
2448
2022
2694
2490
2148
2304
2550
2190
1932
1644
1692
2142
1908
1848
1524
1482
1122
1122
1338
642
846
900
1152
984
828
1326
1338
1542
2028
1842
1632
1398
1146
1056
1140
1968
1770
1626
1446
1554
1422
2352
2466
2664
3180
2430
2058
2226
1872
1614
1464
1842
1506
1434
1572
1212
1656
1614
1452
1410
1146
1392
1740
1806
1638
1566
1392
1788
1704
1746
1686
1950
1278
1800
1452
1422
1890
1482
1656
1692
2100
2244
2148
1932
1944
2886
1830
1896
2106
1896
2244
1890
1974
2244
2238
2526
2424
2100
2922
1926
2574
2268
1914
1566
1914
1488
1200
1260
1212
1356
1734
1674
2178
1602
1260
1344
1788
1122
1332
846
792
600
444
666
1086
978
1164
822
1116
1020
894
1212
1302
1734
2106
1770
1812
2064
2772
1878
2484
2484
1560
2412
2280
2562
2004
1530
1296
1326
1572
1530
2190
1782
2196
2154
2142
1992
2274
2034
1680
1938
2490
2196
2898
1944
2508
2184
2304
2562
2850
2262
2658
2142
2172
2208
2346
2832
2202
2478
2238
1668
1614
1692
1572
1236
936
1320
1284
1326
1188
744
810
1098
564
534
354
414
450
1230
1428
1332
1542
1698
1548
1812
2004
1914
1824
1926
1914
2040
1500
1914
2064
2334
2004
2574
2016
2106
2232
1686
2154
1758
1788
2226
2184
1818
1602
1458
1614
1500
1236
1260
1158
1230
1128
2142
2280
2538
2244
2400
2292
2604
2196
2844
2802
2808
2064
2388
2508
2052
2166
1920
2082
1860
1242
1500
1884
2430
2364
2376
2328
3042
2058
2400
1986
2544
2238
2022
2496
2310
1638
2304
1992
2022
1788
2178
2400
1914
1794
1926
1728
1500
1398
2148
1752
1728
1914
1284
1800
1356
804
864
840
420
444
774
570
186
294
210
108
360
402
252
252
234
498
528
192
210
210
108
252
114
252
492
924
480
354
366
822
756
396
426
456
510
798
1386
960
750
1164
1584
1434
1458
1002
1038
1140
780
702
606
684
888
1632
1788
1428
1164
798
582
588
906
792
540
492
156
108
90
138
306
504
414
594
612
558
1056
666
936
1014
1266
1140
1614
1026
1188
1698
2094
1440
1272
1140
1266
1200
1350
1554
1698
1074
1026
810
864
780
510
714
960
1152
1140
1224
1146
1302
1314
1080
750
684
522
774
714
858
1050
942
618
654
816
1014
1440
1404
1452
1566
1650
2292
2202
1872
2460
2160
2628
2844
2442
2292
2406
2262
1608
2394
1542
2322
2322
1674
1548
1608
972
1302
1410
846
876
588
378
258
276
180
528
522
360
444
264
450
702
972
678
780
492
168
96
126
540
738
564
168
114
186
114
132
240
594
390
408
216
486
246
102
162
108
108
126
144
264
522
1038
858
708
1380
864
750
732
420
420
660
336
432
348
510
642
894
786
942
708
834
978
450
90
96
384
498
822
930
1458
990
1080
1560
1332
1464
1392
2016
1470
2004
2226
2214
1392
1626
2070
2538
1824
1248
1236
996
1128
1122
1050
870
570
558
690
534
210
174
204
516
732
786
504
210
252
342
276
138
210
312
276
342
252
96
126
522
552
774
906
570
714
1134
1320
1152
1644
2256
2022
2160
2712
1998
1878
1668
1302
1320
1428
1608
1710
1422
2172
2190
1566
1938
2016
2610
2634
2424
2526
2430
2262
2088
2712
2598
1632
1668
1362
1680
1464
2010
2142
2310
2358
1668
2790
2346
2046
1674
912
402
138
162
414
666
468
150
156
186
168
204
222
438
498
744
534
474
708
732
768
726
474
462
600
726
684
720
780
612
1026
1362
1074
1200
1338
1032
1068
1890
1824
1758
1224
1656
1566
1344
1596
1152
1404
1518
1524
1356
1728
1236
1530
1848
2076
2088
1896
1710
2376
2070
2736
2262
2538
1884
1386
1566
1128
1302
1218
1572
1632
1500
1920
1404
990
1026
1134
990
768
1362
1428
1500
1140
1458
1092
1614
1218
1098
1104
1212
1434
1062
1272
1074
852
642
972
1038
912
918
744
696
858
636
426
402
750
834
726
636
390
318
132
354
336
624
558
534
462
366
378
300
192
174
156
138
402
660
774
696
678
852
582
870
774
558
708
912
1308
1482
1698
1752
1242
1074
1422
1272
1602
1410
1188
984
1128
1302
1392
1590
1440
1356
1278
918
1164
978
636
810
936
900
936
750
822
588
330
258
354
198
120
150
342
408
708
762
678
966
846
1302
1020
1098
786
528
576
582
1200
702
624
720
858
492
630
150
72
462
462
408
546
126
168
222
204
210
486
456
252
162
390
300
804
432
522
570
822
810
744
936
966
1086
1020
834
546
486
306
216
180
312
450
486
534
720
852
732
372
474
324
138
240
168
276
264
426
516
480
366
216
120
144
96
108
306
192
270
108
234
426
588
570
450
690
948
1026
1506
1422
2100
1752
2142
1536
1572
1662
984
378
366
372
420
504
336
402
570
444
390
660
414
192
216
210
396
186
114
258
