1081
1566
874
1768
1072
981
1285
1016
537
576
567
1551
1015
1085
1100
1098
933
1166
1071
1196
559
785
1085
522
548
488
880
979
977
976
1025
771
896
1039
1309
1029
914
868
1542
1012
1394
1432
1065
1029
1646
918
761
569
528
744
626
1156
1270
1591
1077
1581
623
538
584
951
612
548
874
1017
528
515
970
554
658
861
1056
486
947
1527
1038
1494
971
1529
731
819
528
479
1175
1785
1410
917
1064
582
695
1359
912
1240
2023
1397
902
915
610
601
1222
1042
524
1524
1257
560
563
512
923
782
1478
1374
821
1181
982
940
1038
530
543
1237
950
924
815
960
1584
1159
1471
761
920
1217
917
1034
494
1062
537
1113
650
563
893
511
543
784
794
577
556
791
600
985
907
603
637
885
986
1095
1142
543
484
585
869
1332
1080
982
1155
1001
594
563
801
1021
1181
1056
975
1851
1243
1197
1185
1170
1037
1221
513
563
638
995
1574
1342
939
1050
484
608
802
755
1694
963
1220
817
988
943
1051
1133
757
758
634
896
701
742
555
586
1211
589
447
537
704
889
661
561
521
824
884
1150
1336
1203
1194
1098
615
559
516
587
1018
630
1050
977
1101
1222
771
889
1424
551
492
480
740
980
1507
1069
1271
490
509
533
630
455
548
683
1437
710
1105
906
1885
984
568
980
998
647
578
981
745
732
549
556
554
766
1041
2131
1250
1074
819
641
490
452
1265
584
623
931
688
897
703
716
845
511
966
630
917
1330
1198
642
894
545
528
806
1157
565
473
545
578
1125
1224
547
493
525
820
601
527
651
911
1124
605
536
600
1143
1000
969
1166
1190
990
599
513
572
1365
1044
763
1071
622
553
1066
1075
843
1189
895
542
463
602
582
1054
1147
1017
529
959
1108
1190
1041
597
639
1316
731
1131
1172
1479
893
1381
682
863
1215
1197
948
803
914
1165
1356
1171
786
982
705
625
642
779
514
1210
883
865
1368
1461
1250
902
800
875
1342
780
473
518
585
588
929
572
610
1108
986
1327
912
1153
1462
1248
1167
1066
874
712
1121
533
696
1081
590
1223
545
748
611
1634
1180
918
1522
865
1365
989
495
1140
918
587
1149
1006
582
567
595
840
637
862
1151
831
919
576
539
928
904
860
1181
656
539
609
475
1133
491
620
1095
1136
605
852
528
571
1522
1328
653
507
1004
981
1457
1213
810
615
878
1022
948
1169
1247
708
767
1303
1309
1834
919
1338
1169
1137
931
954
532
592
974
509
1089
853
887
604
779
1103
852
627
492
715
584
977
1404
694
585
909
1018
1397
610
1016
1193
1209
1365
1164
1124
1522
588
685
748
2193
939
1220
636
830
636
1222
566
484
528
512
863
602
981
965
1591
1441
1060
899
939
728
606
545
924
1071
1923
891
778
548
476
961
672
798
1155
586
815
1261
927
1011
1047
642
530
1132
769
588
549
497
557
560
1268
741
966
619
529
894
1566
1267
1185
999
472
1466
1319
1502
933
1128
754
1161
1025
940
943
581
509
489
785
769
910
739
905
741
775
1205
721
1452
1636
1158
484
620
1057
755
589
775
1124
783
1146
962
511
1900
872
876
558
504
1194
1139
595
1002
647
826
972
1477
682
738
442
519
1302
1430
895
652
987
535
523
587
535
1414
1224
678
1276
1031
1390
1151
851
1104
1018
900
1043
1253
1064
1246
555
1051
1689
1248
1055
868
761
551
593
995
776
741
725
556
611
766
1022
629
819
958
1169
902
1432
876
764
729
958
901
918
640
919
1282
1340
641
541
822
1084
826
504
741
555
841
534
734
908
1101
980
680
671
1235
1315
570
526
933
1021
1043
518
488
491
727
902
1367
572
695
786
1128
766
915
1202
922
586
582
1049
2137
783
652
623
662
835
561
922
1047
1865
575
542
937
1161
854
639
1622
1282
1056
1075
1010
1033
866
1623
958
1001
892
985
1597
1233
1234
1827
891
763
1016
761
589
766
741
605
827
1121
1000
1152
1404
1069
1008
564
519
612
774
934
1133
995
581
820
1040
1006
755
1049
968
976
1634
540
933
982
1140
987
1022
1104
1111
755
920
1028
971
1057
1200
1030
582
557
533
540
522
860
1560
633
964
482
787
1185
548
634
1127
625
548
1011
746
630
502
558
692
751
956
1254
1006
957
640
439
593
550
895
1262
592
529
970
551
687
518
1144
885
1527
602
624
868
1157
564
772
1021
978
1184
1064
1020
1113
1124
539
719
1508
1594
1348
1213
1008
1311
1037
1261
963
755
570
546
540
1164
903
667
553
1358
660
997
727
525
736
585
749
973
1039
1168
1396
769
977
1198
1089
504
573
545
690
644
890
1502
1066
964
989
615
524
922
1145
609
1110
1550
1002
561
707
811
1442
1204
1025
768
828
975
1309
523
581
1234
955
1315
888
930
530
517
615
788
595
509
1406
842
1340
983
599
939
1042
602
464
992
833
893
1025
652
517
575
687
1131
1219
1155
708
946
932
793
773
729
944
1250
654
567
583
707
624
932
1364
1127
587
483
521
705
735
604
1161
563
508
741
1066
912
1030
993
906
905
833
1311
859
1160
609
553
995
835
1072
1322
629
578
812
1367
1589
1396
1193
1181
1588
