4062
3070
3037
4042
3072
3038
2779
3584
3230
2797
3580
3539
3348
5037
3574
3071
2558
3070
5622
3070
2538
2398
2522
3306
3022
3554
2544
3527
2545
4007
3027
4346
3044
3329
3581
2548
3540
2530
2880
3538
3527
4061
4020
3544
2532
2520
3305
2850
2361
3342
3235
3031
2838
2380
4030
5096
3234
3217
3244
3539
3373
2555
3012
2875
2806
3582
3036
2557
4540
4571
3022
3289
3270
2374
2547
3062
3579
3022
2380
3329
3385
3060
4009
2855
3570
3583
3053
2363
3710
2046
3538
3250
2450
4993
3025
4708
2547
3290
3403
3242
3567
3057
2558
3579
3551
3068
2501
3531
2365
3060
3818
3553
3023
2828
3043
3338
2364
4089
2032
3557
4005
2361
3575
3990
3061
2556
3569
3507
3538
3004
3397
3037
3566
3348
2360
3778
3043
3548
4531
4592
2812
4550
3052
3686
3563
3001
3253
3518
3010
4537
3295
2342
2343
2793
4567
3008
2893
4438
2530
3774
3551
2821
4056
3566
3065
3543
2554
4518
3041
5469
3519
3362
3538
2551
3781
2841
2849
3537
2515
3852
2873
3573
3551
2552
3061
2548
3731
3296
2826
3272
3061
2380
5013
2042
3974
3064
3505
2541
3512
3002
3530
2840
4059
2816
2805
3301
3047
3714
2554
3516
2803
1901
3047
3059
4585
3037
2801
3047
2795
3601
2526
3507
4096
3071
3062
4125
2822
3069
3061
3036
2372
2543
2558
4051
2555
3070
2555
3571
2552
5151
3042
2554
2550
4042
5028
3919
3225
3048
3316
2556
4087
3037
2805
2336
3615
3287
2893
2874
4043
3028
1952
3534
2551
3047
3045
3668
5049
4568
3047
7115
4092
4553
4080
3060
3513
2807
3974
3067
3549
2554
3048
3528
3035
2559
3563
3063
3026
4043
4470
3235
4921
2839
2364
3332
2557
3546
3028
3519
3252
2890
2556
3565
4882
3870
4030
3258
5233
4525
2754
3767
3056
2538
3063
2534
2836
3021
3717
2855
3040
2510
3494
2807
2811
3300
3573
3962
3299
3312
2342
2382
3219
3530
2921
3043
2818
2547
4434
2047
3535
3028
3047
2536
3313
3315
3054
3033
4031
4044
2835
2807
3501
5566
3546
4068
3051
3069
3067
3059
5013
4113
3069
4538
5031
3042
2416
3338
4049
3264
3029
3012
3501
3809
3068
3559
3060
3295
3054
3054
3068
2547
3375
3296
3355
3025
4560
3542
2842
4524
3064
4092
3064
2758
3344
4576
3016
2770
2878
3230
3504
3202
2543
2823
2384
3051
3522
3071
4081
2529
3304
3050
2520
2527
3054
4086
5026
2558
3044
3051
3063
2877
3551
3063
2550
3035
4568
2544
3542
4567
3527
3216
3070
4067
2535
2843
2028
3565
3579
3069
3039
3553
3030
3072
3535
2537
3297
3064
4048
3542
2850
2519
3338
3334
2851
2870
3991
3794
3573
7040
2809
2342
3374
4383
2867
3314
3040
4087
2536
3529
3299
2392
3565
4553
2776
3778
3040
3569
3067
3558
2544
2830
4635
3040
3265
3545
2830
2540
2365
2996
4960
3677
3725
2553
2870
3389
3042
4194
3023
3182
3301
3288
3048
3049
3270
3556
3549
3057
3572
3565
3525
3062
3211
3070
3550
2849
3542
4020
3554
4092
3873
3300
3021
2401
3009
2381
2531
2371
3063
3479
3561
2806
3519
2834
4549
3025
4183
4079
3574
3010
3676
2557
2558
3023
3063
3032
3533
2774
3059
2542
2822
2779
2834
4549
3540
4128
2831
2379
4024
3537
4042
2401
4029
3584
3041
3059
3049
3233
2792
4038
3009
3550
3048
2852
2798
3321
3264
3364
3039
3050
4488
2351
3324
2988
2891
3048
2841
3055
3977
3545
2517
3481
3676
3235
2358
3228
2842
4056
3214
3583
2044
3557
3522
2428
2539
3307
4943
3063
2782
2858
3766
3069
2538
2368
3864
3537
3068
2557
3068
3511
3060
4000
3244
4059
3063
4090
3059
2555
3067
4042
2327
3287
3957
3065
3539
3557
3044
4538
2343
2840
3506
2798
4754
3541
3912
3062
2855
4502
3017
3540
2537
3049
2777
2553
2540
3043
2538
2880
3043
3566
5029
3574
3959
2880
3999
4559
3062
3547
3340
3295
3303
4552
3638
3058
3519
2343
2535
2036
3497
3011
2925
3548
3036
3005
2818
2378
3049
2877
3999
2774
3576
3578
2549
4061
2540
3357
2846
2045
3566
4028
3298
3004
3044
4089
3072
3037
3489
3183
3244
2836
3055
3548
4068
4529
2816
3752
3021
2036
2915
3821
6490
2786
3259
2820
2900
3546
3038
3265
2558
3037
3040
3049
4041
3062
2559
3546
3061
3189
2343
2357
4696
4544
2555
2872
3561
2386
2357
3501
3041
3746
2790
2554
4536
3031
2803
3057
4993
2338
2818
2876
2509
3328
3018
2868
2553
2532
3058
4064
2393
3555
3052
2557
3062
3556
3532
2345
4702
3056
3554
3493
2533
2873
3550
2380
4013
2815
2360
2439
3783
3526
3034
2542
3556
2558
3019
3976
3539
3066
2545
3828
4545
3066
3038
3508
4013
2809
3301
3800
6834
3263
2832
3018
2546
3540
3038
4039
3063
3555
2800
2851
4053
2766
2779
2385
2884
2548
3707
3068
2524
3028
3237
5007
3070
4571
4134
3058
3533
3040
3068
3510
4000
3577
3069
4486
2339
3640
3578
2550
3062
4448
3032
2804
2814
3068
4073
3061
3058
2550
3496
3233
2768
2358
2839
3007
3052
3061
2556
4490
4478
3494
2816
3058
3503
2824
2823
2394
3780
4122
3293
3542
2996
2821
2838
2554
3041
3828
2846
3212
3514
2931
2528
2537
3544
4065
2559
3057
3493
2797
2551
3045
2860
3521
3052
3065
3048
3574
4525
3018
4032
3516
3334
4468
2793
3554
3032
2550
3541
2880
3044
3515
4024
3228
3345
3507
3566
2807
2046
3061
3062
4545
2802
3580
4066
3575
4075
2991
3057
3567
3576
3066
3044
3069
5044
2343
2539
3696
3397
2523
3048
2791
3274
2800
3063
3020
3290
2558
3069
3534
3041
3038
2525
3725
3047
3059
3975
2810
3794
3364
2421
3059
3306
4075
3579
3520
3289
3525
3765
3054
3058
3034
3305
3565
2824
2380
3322
3528
3060
2560
3036
3529
3059
3052
3763
3033
3544
5472
3014
2786
4300
3841
4032
5015
