540
697
784
802
1058
756
352
504
488
381
411
554
483
494
665
299
205
299
457
391
407
385
729
748
254
413
409
603
554
404
567
536
573
521
464
469
416
387
337
506
660
334
515
497
580
936
618
377
464
286
269
431
702
265
304
308
447
615
410
408
320
384
464
257
271
356
584
713
636
640
619
879
632
262
265
304
307
336
575
407
640
617
462
627
463
821
476
519
244
382
419
267
335
437
287
233
232
471
385
289
481
236
297
837
294
224
263
282
298
415
327
437
384
282
260
346
257
406
334
386
416
239
268
293
386
686
529
337
477
561
779
640
674
626
360
389
733
266
265
606
296
322
269
433
320
340
337
274
410
220
340
260
516
489
507
748
474
828
421
407
396
480
767
587
402
274
284
460
437
399
259
189
235
452
496
513
315
288
264
342
282
971
327
314
317
383
386
749
462
546
799
595
469
291
228
201
829
363
377
275
230
468
546
260
530
471
400
350
282
449
323
556
464
231
374
431
205
396
301
298
336
364
454
271
349
193
266
318
330
386
341
705
303
221
446
359
398
301
465
234
422
322
364
415
444
403
750
325
341
257
229
378
598
653
738
513
229
462
460
467
407
617
952
774
517
944
453
330
316
285
226
252
333
468
369
510
310
378
368
336
359
279
286
471
292
461
505
236
255
527
678
515
281
440
226
185
355
233
354
295
315
453
266
239
290
343
580
563
996
739
272
261
228
212
234
290
447
505
341
1115
481
761
438
186
550
342
416
525
457
615
576
385
449
317
387
278
188
228
435
592
393
360
398
465
736
554
432
382
483
393
330
366
490
633
816
431
393
273
631
376
786
714
427
353
642
1142
532
222
265
329
485
320
535
341
453
240
305
250
605
702
515
554
417
298
468
919
272
219
329
192
257
305
325
764
616
651
461
637
677
368
815
279
274
374
917
284
223
325
338
314
476
391
507
535
442
217
328
277
467
575
400
480
326
263
300
403
316
328
444
345
316
392
535
265
222
339
327
682
527
627
313
324
532
320
213
190
545
796
449
347
300
537
351
486
393
374
218
307
220
230
725
368
320
537
380
314
322
294
518
376
364
316
279
669
644
374
463
755
655
642
782
772
191
219
269
655
600
400
367
765
430
613
322
223
226
416
426
468
305
219
236
202
231
379
485
313
262
337
354
528
453
458
533
1431
433
437
312
493
377
372
203
267
269
548
546
391
768
368
372
356
320
325
416
263
261
225
486
241
220
230
385
247
257
429
476
247
236
337
798
294
260
202
233
319
624
396
310
273
304
260
314
410
396
304
214
299
407
287
277
474
607
238
253
385
279
406
867
819
429
361
447
518
387
581
461
239
234
230
376
370
369
349
392
565
297
191
262
277
282
416
654
270
195
293
397
599
346
404
321
288
336
262
221
305
345
266
425
523
408
627
457
269
461
581
584
994
413
218
286
311
402
506
656
592
232
185
241
525
1119
533
381
254
278
542
377
388
392
375
276
227
297
363
199
405
181
251
193
304
466
593
380
375
439
231
216
262
307
217
312
254
223
337
511
243
359
423
260
362
300
346
300
581
236
281
502
392
413
261
360
366
496
232
282
338
448
606
770
366
449
388
327
489
401
317
406
556
583
741
782
524
240
283
283
412
331
496
493
572
254
204
297
373
261
327
334
431
389
573
348
256
229
393
310
329
469
555
487
409
563
308
296
562
479
240
313
228
312
421
233
229
406
622
265
574
492
627
822
331
548
418
403
369
395
261
387
419
624
299
305
478
210
290
794
304
347
554
241
257
280
316
388
437
370
528
564
207
259
314
618
487
253
293
603
562
323
305
556
433
394
336
322
262
319
393
466
457
805
590
360
515
519
808
523
596
660
382
375
229
299
298
371
272
626
544
756
297
334
353
478
357
506
624
343
918
385
471
446
406
299
261
230
233
592
276
314
247
285
225
457
302
376
222
232
228
254
442
235
463
284
229
389
309
437
722
268
533
390
497
428
245
464
232
238
490
565
328
231
296
487
218
318
270
306
229
584
339
256
539
503
476
400
245
289
182
409
442
972
225
187
251
484
347
340
401
515
569
463
483
709
442
444
348
229
466
437
595
624
618
493
495
766
518
642
860
644
598
510
782
390
446
456
381
339
589
494
413
578
564
326
321
721
452
396
718
270
321
247
395
574
692
334
354
384
419
602
426
320
221
357
532
368
603
219
285
281
240
399
393
412
676
336
203
256
521
470
261
258
234
465
455
392
397
455
240
325
396
286
385
389
568
317
466
420
284
344
436
276
295
483
266
