875
870
878
901
884
930
1110
847
940
879
995
918
898
871
915
922
997
1042
945
875
809
861
930
815
910
903
1020
883
932
948
870
864
841
972
923
854
863
906
947
849
892
908
956
961
931
903
885
915
844
947
840
953
1081
828
897
897
909
914
976
997
865
867
1049
944
836
908
890
880
864
983
892
855
956
967
890
813
863
898
868
859
1091
984
918
874
828
801
970
991
953
980
761
922
903
845
866
935
937
868
886
860
903
914
912
781
907
833
821
954
879
928
998
931
980
919
750
893
909
896
895
958
846
879
990
902
836
861
887
1006
913
1049
909
985
893
916
979
833
894
942
816
915
868
852
864
895
875
828
798
968
921
860
979
770
808
817
897
819
882
901
872
824
848
958
968
926
1032
937
967
861
865
967
779
950
891
915
1106
941
911
936
896
947
960
850
886
889
831
910
936
865
1006
900
940
887
902
1029
924
1004
908
873
831
945
987
879
1016
936
912
811
906
912
1006
847
1067
840
944
903
1003
895
877
869
895
832
845
835
926
919
884
837
908
886
893
889
880
876
850
879
831
939
712
950
848
741
878
843
901
931
992
909
930
886
1005
961
856
819
942
918
924
858
929
911
888
1042
882
893
980
769
874
795
892
805
906
982
949
928
886
884
846
891
883
936
851
868
880
937
923
1018
925
849
953
813
956
864
836
899
944
887
872
921
940
865
848
826
879
958
831
861
861
886
842
853
923
821
875
887
822
833
1041
874
927
852
868
896
1050
905
972
1043
828
890
877
868
1000
827
936
977
845
942
871
795
936
872
953
943
873
821
894
863
842
964
979
902
921
858
851
917
850
996
876
975
892
860
893
866
948
831
951
921
849
798
908
805
962
904
876
880
855
895
834
851
946
881
902
852
809
851
838
836
911
868
878
952
872
905
852
901
898
828
829
942
929
970
897
855
905
992
895
908
903
956
957
887
856
839
918
851
991
985
786
1007
864
970
839
846
1028
860
936
851
901
854
884
917
887
867
872
953
899
938
829
812
770
860
908
939
960
1012
821
853
853
894
903
1027
845
822
863
943
864
803
847
929
853
799
895
861
870
795
844
967
787
897
848
883
941
945
980
870
828
935
979
1036
833
984
949
888
909
812
900
851
843
911
912
852
913
847
865
846
939
913
890
791
922
858
871
837
917
867
835
842
832
947
922
914
932
766
998
1053
869
967
883
912
913
989
784
821
838
1012
826
939
793
721
883
796
859
917
827
894
842
937
778
800
935
887
873
901
859
790
922
894
909
826
849
957
874
810
907
778
952
890
888
962
882
831
819
847
824
797
855
955
902
940
866
858
813
797
817
855
763
960
813
1012
848
880
808
959
872
837
877
1036
931
886
850
943
918
929
853
707
866
958
912
847
845
774
843
825
861
982
896
810
824
837
831
871
822
891
802
877
940
855
934
930
875
863
893
840
934
835
850
917
902
910
826
983
845
870
822
805
865
904
897
990
873
905
914
912
840
871
949
863
870
916
874
811
982
1023
988
931
860
839
813
918
917
822
861
864
983
829
821
909
861
829
814
840
905
778
861
892
949
858
869
872
1080
828
953
948
937
977
872
847
899
929
777
933
770
918
928
890
880
815
802
793
804
810
804
814
836
914
825
854
1054
769
888
877
920
922
796
886
951
1006
805
868
809
906
833
883
954
867
969
934
904
905
878
828
919
839
818
979
819
875
825
892
873
948
860
937
839
807
881
894
811
925
888
835
844
846
870
902
891
817
921
901
716
935
907
925
772
859
730
885
967
887
861
887
899
791
828
875
819
969
840
851
859
965
803
795
768
860
830
837
903
913
919
845
977
848
812
791
831
808
942
828
922
903
819
805
826
984
821
916
948
820
915
978
934
866
895
861
879
827
814
862
904
968
929
899
755
916
805
833
800
821
787
837
891
827
825
936
818
865
942
844
871
775
856
871
864
823
861
808
787
811
846
858
829
799
833
892
963
813
798
808
1073
843
958
814
837
843
870
796
891
959
800
800
788
801
850
911
899
862
843
827
967
898
845
814
817
908
798
892
799
868
779
863
853
864
879
766
795
819
882
866
860
972
738
846
928
937
849
942
770
853
837
1017
936
897
928
862
900
851
877
861
756
832
850
771
917
787
824
886
797
868
756
982
823
732
930
879
921
860
823
954
900
924
810
879
999
781
992
884
832
807
920
908
807
894
872
851
900
889
822
876
753
806
809
904
820
888
909
874
917
828
871
748
764
778
908
907
857
944
819
849
832
858
845
750
700
845
753
837
838
815
821
895
823
772
725
814
931
832
809
873
846
847
851
917
