0.765
0.699
0.676
0.674
0.852
0.666
0.738
0.790
0.719
0.754
0.848
0.902
0.773
0.785
0.620
0.747
0.653
0.753
0.697
0.713
0.838
0.685
0.707
0.749
0.757
0.789
0.920
0.674
0.735
0.660
0.700
0.818
0.751
0.707
0.711
0.708
0.763
0.704
0.710
0.686
0.683
0.822
0.817
0.707
0.813
0.667
0.665
0.697
0.679
0.768
0.796
0.709
0.834
0.787
0.656
0.714
0.672
0.765
0.737
0.864
0.695
0.649
0.796
0.797
0.674
0.705
0.851
0.807
0.858
0.760
0.754
0.718
0.997
0.660
0.679
0.765
0.870
0.820
0.727
0.793
0.756
0.609
0.752
0.864
0.827
0.752
0.685
0.602
0.655
0.892
0.653
0.997
0.653
0.754
0.728
0.665
0.857
0.765
0.839
0.753
0.771
0.746
0.771
0.601
0.723
0.753
0.751
0.938
1.003
0.752
0.811
0.751
0.864
0.765
0.714
0.712
0.664
0.850
0.708
0.721
0.706
0.982
0.708
0.931
0.780
0.748
0.647
0.823
0.660
0.819
0.705
0.757
0.798
0.699
0.738
0.673
0.626
0.679
0.719
0.665
0.732
0.695
0.885
0.739
0.810
0.727
0.861
0.759
0.722
0.872
0.737
0.618
0.764
0.720
0.818
0.889
0.656
0.729
0.791
0.899
0.705
0.809
0.764
0.768
0.733
0.748
0.710
0.706
0.702
0.748
0.659
0.857
0.653
0.812
0.893
0.695
0.720
0.686
1.076
0.776
0.629
0.829
0.828
0.679
0.840
0.780
0.728
0.894
0.730
0.715
0.640
0.763
0.827
0.617
0.720
0.836
0.735
0.704
0.715
0.757
0.660
0.751
0.930
0.663
0.760
0.673
0.728
0.892
0.775
0.720
0.770
0.892
0.799
0.750
0.655
0.892
0.799
0.981
0.760
0.824
0.741
0.605
0.686
0.813
0.847
0.705
0.650
0.714
0.817
0.625
0.709
0.693
0.709
0.631
1.139
0.789
0.818
0.669
0.695
0.778
0.793
0.948
0.715
0.787
0.781
0.656
0.770
0.676
0.656
0.804
0.752
0.708
0.893
0.575
0.714
0.719
0.720
0.630
0.902
0.704
0.766
0.689
0.804
0.848
0.934
0.907
0.852
1.062
0.780
0.799
0.973
0.758
0.663
0.614
0.670
0.618
0.757
0.708
0.755
0.624
0.768
0.659
0.752
0.783
0.905
0.711
0.790
0.764
0.625
0.837
0.698
0.831
0.877
0.734
0.934
0.618
0.691
0.764
0.901
0.771
0.933
0.720
0.850
0.875
0.675
0.731
0.735
0.766
0.873
0.621
0.820
0.704
0.712
0.854
0.914
0.884
0.772
0.793
0.716
0.720
1.029
0.829
0.678
0.910
0.661
0.833
0.754
1.015
0.892
0.611
0.720
0.947
0.934
0.674
0.796
0.898
0.780
0.982
0.765
0.679
0.691
0.658
0.726
0.692
0.795
0.761
0.709
0.718
0.798
0.633
0.765
0.710
0.726
0.795
0.704
0.814
0.788
0.654
0.683
0.770
0.710
0.777
0.806
0.803
0.669
0.685
0.629
0.578
0.808
0.713
0.802
0.693
0.655
0.616
0.803
0.632
0.684
0.666
0.811
0.716
0.668
0.656
0.763
0.742
0.683
0.786
0.758
0.756
0.678
0.665
0.856
0.704
0.703
0.728
0.726
0.669
0.671
0.706
0.655
0.669
0.768
0.949
0.680
0.717
0.851
0.682
0.728
0.713
0.668
0.726
0.799
0.724
1.128
0.714
0.806
0.651
0.687
0.854
0.756
0.825
0.703
0.569
0.668
0.715
0.732
0.726
0.850
0.710
0.645
0.764
0.641
0.800
0.870
0.716
0.766
0.759
0.711
0.709
0.904
1.030
0.706
0.683
0.685
0.793
0.762
0.880
0.887
0.972
0.682
0.763
0.816
0.730
0.724
0.613
0.702
0.623
0.781
0.897
0.752
0.770
0.717
0.750
0.690
0.762
0.675
0.678
1.016
0.799
0.715
0.783
0.726
0.696
0.619
0.751
0.846
0.767
0.715
0.999
0.810
0.969
0.897
0.766
0.622
0.737
0.844
0.721
0.704
0.908
0.723
0.897
0.803
0.707
0.671
0.703
0.762
0.625
0.710
0.763
0.847
0.709
0.803
0.725
0.616
0.678
0.765
0.856
0.686
0.685
0.715
0.906
0.610
0.712
0.768
0.663
0.798
0.801
0.884
0.672
0.840
0.919
0.678
0.750
0.928
0.763
0.610
0.751
0.798
0.644
0.809
0.711
0.718
0.724
0.756
0.656
0.726
0.688
0.699
0.855
0.783
0.715
0.676
0.624
0.721
0.735
0.745
0.806
0.809
0.723
0.720
0.665
0.773
0.713
0.764
0.719
0.729
0.766
0.761
0.690
0.632
0.680
0.623
0.815
0.811
0.770
0.963
0.763
1.077
0.735
0.870
0.703
0.688
0.971
0.726
0.902
0.722
0.728
0.768
0.733
0.685
0.893
0.773
0.683
0.727
1.007
0.848
0.674
0.758
0.661
0.711
0.901
0.820
0.806
0.804
0.942
0.851
0.629
0.828
0.772
0.757
0.797
0.785
0.707
0.715
0.734
0.847
0.764
0.897
0.711
0.666
0.680
0.664
0.748
0.756
0.612
0.733
0.811
0.769
0.814
0.726
1.154
0.621
0.862
0.812
0.765
0.723
1.069
0.720
0.803
0.867
0.671
0.702
0.812
0.882
0.796
0.729
0.841
0.807
0.807
0.722
0.719
0.771
0.772
0.665
0.719
0.842
0.718
0.738
0.686
0.655
0.855
0.816
0.678
0.768
0.775
0.945
0.799
0.781
0.588
0.669
0.760
0.759
0.706
0.714
0.670
0.762
1.047
0.776
0.712
0.883
0.666
0.776
0.718
0.714
0.712
0.627
0.762
0.707
0.617
0.679
0.656
0.716
0.708
0.671
0.711
0.779
0.672
0.627
1.233
0.671
0.810
0.957
0.709
0.718
0.801
0.628
0.661
0.764
0.943
0.919
0.691
0.685
0.655
0.699
0.998
1.036
0.902
0.716
0.814
0.655
0.633
0.696
0.911
0.814
0.931
0.910
0.717
0.660
0.802
0.680
0.685
0.753
0.964
0.676
0.686
0.733
0.814
0.667
0.664
0.674
0.664
0.815
0.726
0.789
0.713
0.676
0.631
0.634
0.765
0.704
0.643
0.712
0.643
0.722
0.749
0.661
0.718
0.796
0.621
0.679
0.704
0.631
0.783
0.805
0.669
0.718
0.673
0.725
0.870
0.707
0.729
0.715
0.919
0.673
0.710
0.774
0.732
0.628
0.806
0.797
0.786
0.674
0.888
0.824
0.839
1.001
0.661
1.069
0.764
0.862
0.805
0.844
0.768
0.771
0.748
0.771
0.800
0.807
0.727
0.726
0.860
0.919
0.731
0.802
0.721
0.756
0.817
0.662
0.834
0.763
0.808
0.723
0.715
0.680
0.816
0.677
0.718
0.733
0.754
0.707
0.677
0.756
0.619
1.042
0.611
0.717
0.775
0.822
0.867
0.656
0.666
0.718
0.666
0.795
0.991
0.746
0.746
0.855
1.021
0.720
0.756
0.677
0.688
0.799
0.759
0.751
0.890
0.633
0.700
0.662
0.760
0.853
0.984
0.809
0.643
0.765
0.775
0.636
0.764
0.707
0.669
0.775
0.883
0.789
0.775
0.813
0.758
0.803
0.633
0.717
0.708
0.858
0.668
0.801
0.746
0.714
0.810
0.622
0.737
0.731
0.810
0.958
0.708
0.701
0.877
0.659
0.715
0.838
0.719
0.753
0.711
0.721
0.755
0.771
0.680
0.889
0.661
0.776
0.631
0.723
0.809
0.843
0.658
0.754
0.679
0.705
0.714
0.719
0.842
0.685
0.682
0.723
0.711
0.709
0.705
0.903
0.767
0.609
0.701
0.753
0.834
0.855
0.739
0.687
0.854
0.754
0.623
0.671
0.751
0.804
0.671
0.674
0.663
0.710
0.809
0.829
0.661
0.891
0.614
0.813
0.711
0.813
0.809
0.811
0.617
0.778
0.707
0.764
0.807
0.722
1.040
0.751
0.664
0.675
0.931
0.924
1.042
0.887
0.801
0.709
1.245
0.693
0.764
0.701
1.024
0.708
0.807
0.779
0.721
0.718
0.744
0.675
0.764
0.845
0.709
0.934
0.951
0.768
0.719
0.699
0.811
0.859
0.851
0.885
0.799
0.756
0.773
0.754
0.886
0.798
0.888
0.797
0.756
0.734
0.838
0.726
0.765
0.845
0.799
0.810
0.804
0.708
0.687
0.677
0.673
0.772
0.753
0.807
0.769
0.786
0.761
