9.775368993751346
9.847516698987281
8.972017116870061
8.058399061378934
7.680147058823528
8.888579291365666
8.680080102216321
8.921472563384327
7.363020295837632
8.248039215686273
8.089950980392155
8.674999999999997
8.787254901960784
8.39362745098039
8.697163865546218
9.128579508726567
8.69940230478156
7.926159762150471
10.949476748741448
7.641494668042652
7.9545868347338935
8.728638763197585
7.5597111651678155
9.469186205950916
9.025128998968004
8.426646886824901
9.153151260504199
7.673774509803921
9.669526143790845
7.624509803921566
8.05763305322129
8.104411764705882
9.035539215686272
6.723731510147914
7.757946336429305
7.957843137254899
9.55661764705882
9.357875457875457
9.764198056845117
9.074509803921567
8.890301120448175
10.289330767271942
7.40988562091503
9.721005709976295
8.627252567693741
8.831862745098034
9.047408963585433
8.413235294117644
8.616560890090303
8.231746646026833
10.154913795354968
8.174055236129535
8.240286377708975
7.798028442146088
9.167463908640377
8.788175094599238
7.752627274686098
9.505643865937987
8.094358445132436
8.571241830065357
9.137000254647315
8.299253034547151
8.464215686274507
8.084083370190179
9.227696078431372
8.418242296918768
8.483928571428569
8.102556022408962
7.539000687994494
8.371254729962159
8.043782249742002
8.326578323637145
8.152334267040152
8.72690242763772
8.172119023047811
8.227959604894584
8.47957516339869
8.705882352941178
7.961597007223937
9.540196078431372
9.73011669702846
9.742708272120037
7.785617843628673
7.608298319327731
8.478147574819399
8.442156862745096
8.222303921568626
9.809929776106246
8.522268907563022
9.071918767507002
7.727115583075333
7.409614723082212
8.953513071895422
7.83094255245958
8.985360717713661
8.304266794437071
9.936637382225614
8.802588343029516
8.401202147525675
9.77749856352797
9.491536649624884
9.143352725705663
7.904167895228263
9.153177674578599
8.90231410746117
8.04079131652661
8.688725490196077
9.53594322344322
7.2950992677772835
9.35980857377916
8.589047987616096
8.197312521499825
9.851335918982974
9.862408424908423
7.829575163398689
8.537499999999998
8.145222738218092
8.73698953265516
8.318382352941175
8.048879551820727
9.335947712418296
8.91013986013986
8.509840778416626
9.37815395388925
8.998692810457515
8.011365187100477
8.443171654626756
9.945365908601204
9.414713391183982
9.000152788388085
8.028048675610595
7.985377045555058
7.880749054007564
8.00756056808688
7.775245098039216
8.067395839454662
8.64264705882353
9.049673202614374
8.733015513897865
7.854166666666666
9.810576923076923
9.533905228758169
7.673284313725489
8.548039215686273
7.885609243697477
7.402943633593784
8.97599434878847
7.364818910020143
9.396837231396056
10.181306112188464
8.488686790505673
8.205938252493974
9.756967787114842
8.081290849673202
9.777779573367804
7.93130374957
9.68888097196921
8.927941176470586
8.436979704162365
8.779688191065897
8.155252100840336
7.4388888888888856
8.722690918472649
8.205252100840335
9.021277741865978
9.789509265244556
7.985117819057443
7.720395965403702
8.46267507002801
7.362272101823182
8.440965772273822
10.099102368220013
8.10585003232062
8.568837535014003
9.569607843137254
8.698599439775911
8.499999999999996
7.546203130374951
8.78613445378151
8.748366013071891
9.285731670290495
9.008217517776343
9.929765822412877
8.553641456582632
8.865263413057528
8.927579365079362
8.333300162170127
9.52771150418209
9.327182131593899
9.779952400540637
9.290462723550956
8.290441176470587
8.213830532212885
9.076221327691922
9.049509803921566
8.97254901960784
9.912105296664118
9.009378856437683
8.604843604108309
8.422493120055035
8.099148606811143
8.985904046933463
8.427143934496877
8.948202614379083
8.3828818369453
8.663258636788045
9.447255440637793
8.347806850012732
8.779306722689077
8.169870141038865
8.528917268661846
6.886102511179904
9.324509803921568
9.560999213205097
8.069852941176471
9.151375585199114
9.570418552036198
8.746560547295838
8.879017061370005
7.7207645338837265
7.7844510881275575
8.607060543515649
9.873812217194565
9.07300689506572
8.511437908496731
9.183847769877184
9.772072290454643
7.722523219814235
7.259911420708629
8.479072398190045
9.652638782785838
8.267647058823528
8.637578627942402
7.875980392156862
8.530228758169931
7.802124183006534
7.461708806329543
9.466631652661059
8.79722775074942
7.804084967320259
9.075399896800821
9.552854988149106
8.376995184038526
8.71282679738562
9.080655374037725
9.384307604160545
9.589131456778516
9.108543417366946
8.989153003858885
8.085539215686273
8.188725490196077
7.383184063098921
9.285660907719734
8.336192810457517
8.225748194014447
7.9737014103887125
9.819861021331608
9.044925662572721
9.094143846349729
8.295751633986926
7.887990196078428
7.900735294117646
9.90689359659948
9.641281512605037
8.682304460245637
9.964371657754013
8.412781954887217
9.825983085541907
8.42878151260504
9.913525281907631
7.5874441004471915
8.329984888692318
9.074325184619305
8.481611525729175
8.18756733462616
8.475081699346402
8.177661064425767
8.119586343309253
8.584313725490196
7.892296918767506
9.255019735166794
9.737717429629194
10.47621471665589
8.215479876160988
8.578676470588233
8.742609351432877
10.17140433096315
9.39367323852618
9.825904977375563
8.423435143288087
8.931087050204695
8.89632010146716
8.707023613641264
7.589493955476922
8.363725490196078
7.272058823529411
7.845833333333334
9.314950980392156
7.318468352253177
7.394981940144472
8.219261620732208
9.589660094807153
9.304783451842273
7.846883753501401
7.497369649614229
9.79096491743551
10.527778838808246
8.049100409394526
9.308343372313965
8.482576539387685
8.655882352941175
8.462727898176809
8.773200084229499
10.566068000626826
9.161239495798323
9.199391294979527
7.965441176470587
8.826380288957681
8.7281512605042
9.184653092006036
9.787383449883448
8.029901960784313
8.663157185951306
8.77646198830409
9.266584967320258
7.799923829180794
10.036242678889739
9.281548108753995
9.035539215686274
8.165303577571377
8.712254901960783
8.805491077549906
7.287358101135186
9.655211700064635
8.504621848739495
7.444852941176469
8.679411764705879
8.613970588235293
7.809429210280598
8.11980176686059
9.69965108420991
8.895296615149563
9.635578718666954
8.756640989729224
8.513715047422476
7.914215686274508
8.233814538574597
8.849082779965139
8.659068627450978
8.30403934300993
8.52165204076969
9.601715686274508
8.19346405228758
8.45580065359477
9.293872549019609
8.798202614379083
7.774104992874335
7.502180082559334
8.535049019607843
9.900718888954183
8.686296056884293
9.021224630202951
8.820278637770897
9.386516914458092
9.061153307476836
7.472841417268659
7.900355432321373
9.576801140036435
8.96044959942019
9.528579508726567
7.968314782053168
8.827205882352942
9.593471234647703
9.741319219995688
9.677547942253822
9.974687567334621
7.920366479925303
8.111111111111109
8.138356496444734
9.587809739280326
8.25098039215686
8.62116404836993
9.18929308565531
7.63850619195046
8.84191176470588
8.972861452273214
8.172058823529412
9.28266806722689
9.424065395388919
7.834620771385477
8.536334709322322
8.64583333333333
8.56621883018942
8.415301120448177
8.242174062607493
8.468872549019606
8.65904095904096
10.085908209437617
9.267717086834729
7.907920536635703
8.097579119367044
9.100081699346402
7.9857026143790835
8.10049019607843
9.893582887700532
8.412556561085973
7.403398201385812
8.903192150986273
9.194617882117882
9.538177998472113
7.752450980392156
9.609326457855873
8.630012389571217
9.16957282913165
8.128676470588236
9.071486928104573
8.59955289808231
8.345252837977295
7.82992346061231
8.270343137254901
7.838600791193666
8.688693169575524
10.568559381794673
8.397211775152948
9.767507002801116
8.983785822021115
9.011624649859941
9.486627669715906
10.28433502771738
8.848529411764705
7.910143618851045
9.032775802628747
10.251912303382884
9.923697625903511
8.922905770699888
7.688480392156863
7.892737358101129
8.293304244774832
7.535380116959059
9.217711700064642
8.70458929185709
8.198524024994612
9.021341485312071
9.585993663199545
8.153110125168947
9.269922969187673
7.651960784313724
8.956526956875251
8.637424585218701
8.51693142169148
8.71029411764706
7.568627450980392
9.052801120448176
9.075487502693383
8.999609459168283
8.127756277949773
9.075105042016803
7.224303405572751
8.922894997159705
8.335375816993462
8.379575163398693
8.14250700280112
8.623316634346043
9.969465093729795
8.029435107376282
9.547388640770993
8.529850361197107
8.473593911248708
8.09528254683053
10.306847809053691
8.821039731682143
7.494091847265216
9.37953835380306
9.481990721696604
9.500715705862763
7.728863211951446
9.705235695676876
7.375666494668038
7.264705882352939
7.662990196078429
8.080053688141918
8.214817681458547
9.6453603371173
7.682090643274851
9.830223697870757
8.89912734324499
10.344310836222597
9.269704804998922
8.180415499533146
8.323125404007758
9.193331178625296
7.718257653938761
8.46437908496732
8.701210554151732
9.238921372744905
9.03424922600619
8.268020541549953
9.84744667097608
8.911029411764703
7.691688166494666
7.596191459039752
9.100105042016809
9.923821521615642
9.940583925878041
8.296590127278977
10.154771943742531
7.946577227382176
7.755252100840335
8.032851737186098
9.144607843137255
9.081372549019607
8.538683620301267
10.134461127108182
8.368102240896357
8.814546238075652
7.779901960784312
7.854446164430682
8.789828738512945
7.939705882352939
8.687529627235508
9.466330483242244
9.618595130359834
10.314904621522269
7.781862745098038
9.647053436759316
10.529535415564828
9.855850930115635
9.408593857123268
8.378753869969037
9.576389541830723
9.562370717517771
7.996658926728584
8.733648459383753
8.331862745098038
7.6615712074303355
8.445076539387681
8.06939407341884
7.995033539731679
8.8453818369453
10.187304770393006
9.733347289964936
7.55149638802889
8.331836331023638
9.128973782495454
8.699428104575164
9.121732026143789
7.294453044375641
8.04656862745098
8.250594623814436
8.298611111111109
8.729516806722689
8.299509803921566
8.735692004074359
9.43901025445143
9.69968413939002
8.93488562091503
8.71927244582043
7.79299719887955
8.367401960784312
8.23086515307877
8.389773216979098
8.92923865350336
9.885703512174098
10.520787545787545
10.226326369708719
9.103549881491057
9.483088235294115
8.799918300653593
8.911123680241328
9.546616373822257
10.021951088127556
7.801186790505671
7.684803921568626
8.475163398692809
9.143253353973163
7.816773551525868
8.632229535170714
8.063672520290163
8.599733354880414
8.935212418300653
8.896183473389355
9.186938448548355
7.61463316095669
7.7414129686962445
8.059313725490195
7.008784829721358
9.384151877534237
9.213326869209219
8.62843137254902
8.642771757825937
8.432352941176468
8.321813725490195
9.219012605042016
9.293821374703725
8.456570961718016
8.231582633053222
7.72286291709666
8.45328519519696
8.133169934640522
8.17156862745098
7.75352167182662
8.114950980392155
8.120467836257308
8.258193277310927
9.642764098646454
7.769852941176469
9.348801443654386
9.315136823960353
7.679514963880281
8.12098383212934
8.338997225684533
8.118476952184379
7.645472136222907
8.828060909678559
9.270366643160761
8.317647058823528
9.179876740906158
8.10408742444346
9.39562324929972
10.80443306693307
9.19693492781728
8.249679487179487
8.953247487806317
7.484963020295831
8.575736522679243
8.363050395596833
8.927491522924958
8.933928571428568
9.93751542575072
8.016981792717088
7.7941176470588225
8.418939883645768
9.302411803882395
8.066666666666666
8.382951864956501
8.816526610644255
9.442320261437905
8.675945378151258
7.451101594483945
8.377893876848983
8.074019607843137
8.306845545235637
8.684919737125622
9.308823529411764
8.426470588235293
7.787917852701131
7.858381861516534
8.77205882352941
9.919885016943839
9.774691484985603
8.902205882352938
8.751506091947274
8.344941088323441
7.183733230134153
7.748421912624694
7.891683866529066
8.726225490196077
8.340301120448178
8.908823529411762
8.714787581699344
8.536740465416935
8.505470265029087
7.558085163890111
9.950990431137493
8.377220010811337
9.07117196528961
9.66508760846996
9.26896681749623
8.701984126984126
8.757931284401874
10.494578705608117
9.47485994397759
8.358475232198138
8.22941176470588
8.977594954065546
9.76508956729545
9.506544925662572
9.21101863822452
9.270143826761473
7.184791021671823
7.359619023047811
7.64022617819057
8.347869532428357
7.324999999999999
8.987128312863607
8.548657796451913
7.9369195046439565
8.801866515837105
9.506830424477485
9.399342079489138
7.895502235982109
7.7207356626861205
7.4312116074499945
9.033317173023056
7.681059880092384
7.7813879060396065
9.67098342833637
9.345380273321453
7.511872205022357
8.820603661044839
9.31833583083583
8.47975472240178
8.417488149105795
8.399780701754382
7.945765762445323
8.62265406162465
8.98912876339347
9.260636177547942
8.361624649859941
7.928912968696249
7.349535603715167
8.744140989729223
7.810367217062261
8.628203474372201
7.966965821416284
10.333615404203638
8.482460440316473
7.7894362130817205
9.47205882352941
8.94992727860375
9.707695001077354
9.285540439952204
7.895448179271709
7.94870202466951
8.091296869625038
7.215664774681798
8.33235294117647
9.60968051556287
8.81280900472077
9.324035768153415
7.267843628679535
8.691645609292673
9.307880844645547
8.822899159663864
8.63417905623788
9.385714285714283
9.637728203169381
8.54378366731308
8.195453093518106
6.978921568627449
9.423460608019434
9.682541478129712
8.493457767722475
9.390827554798141
8.223552754435104
8.932072829131652
8.263235294117646
9.642972223854574
9.384852402499456
7.889974323062557
8.391199813258636
10.148247830600774
9.931684981684983
9.821969207263322
7.9938381492948025
8.546078431372546
7.5992647058823515
8.767436974789915
8.253676470588236
9.104478801436665
10.096352585323173
8.881264079058202
10.117581683022854
8.860294117647056
9.339839082486142
8.384021327829375
7.650382460676578
8.514810924369748
9.730229819200408
8.271961127108185
8.545650183150183
9.022136033900736
8.269607843137253
8.574041154923504
8.488541820236863
8.155228758169933
8.056781045751634
7.9116089792560365
7.45408496732026
8.274264705882352
8.618249054007563
8.97791962939022
8.588221827192415
9.84828700711053
9.964816311139842
8.830860805860805
7.9773926237161525
8.898184658478778
8.78112745098039
8.502941176470587
8.341666666666665
8.822549019607841
9.87232399952988
8.502016069585727
8.274118507051941
7.552529608334557
9.61000772103713
8.892872568607865
9.313691700456411
7.934803921568626
9.056375242404654
9.013838612368021
7.9500902992775995
9.409304910775498
9.023873409012728
8.66470588235294
10.011532340208811
9.619241542770954
9.644278515602043
8.049931200550391
8.556045751633986
8.233169934640522
8.153431372549019
9.49583333333333
7.437774725274726
9.333317173023055
8.882352941176467
8.324288048552752
8.629430618401207
9.162297996121524
8.548039215686273
7.6977210182318485
7.664250085999306
8.40598739495798
9.215441176470586
7.715301120448178
9.06914996767938
7.87083763329893
8.051046120202463
8.785104846134258
8.993344645550525
8.264950980392157
8.612042124542123
9.215934065934068
8.06113282142694
9.485991704374056
9.671789485024778
8.743242296918767
8.167978770455546
9.456716546267629
7.725696594427241
9.503049401578817
8.543319670525554
8.450064499484
7.980568455452354
9.744410328233853
8.026656715317703
7.861919504643958
8.233780529755759
7.613927588579285
8.554766556972444
9.26670486376369
7.38740970072239
8.904166666666667
9.24656862745098
8.584803921568627
8.66064425770308
10.015196078431373
8.066534596294655
8.137659098727207
9.314075630252098
7.730188215637129
9.710847485847491
9.370016339869279
8.70443510737628
8.295852187028657
7.733157034743719
8.403113175094594
8.777714506855371
7.394981940144474
8.53921568627451
7.358738758661355
8.266220084525035
7.9411764705882355
9.120207381198089
8.974673202614378
7.828831269349844
7.555065359477121
9.303056257468022
9.871732189379244
8.951556776556776
7.829738562091501
8.06150524312289
8.565137721755367
7.557125042999653
9.757062055591465
8.655935322847087
8.711535033593856
9.023284313725489
9.932089887236943
9.46334033613445
8.10800653594771
8.267086834733892
8.532107843137254
8.284068627450978
9.139705882352942
9.695085796556384
8.941770076328902
8.57650143973674
9.264993339993339
8.35331465919701
8.464180672268906
10.142269984917043
8.842180205415499
8.430742296918767
9.157977806507219
7.578289473684206
8.047815617475056
7.758683473389356
8.60018674136321
7.717364253393664
10.07827638048226
8.433011351393706
8.075008599931198
8.449019607843137
7.819607843137254
10.04131113984055
7.761632635510339
9.714240416446302
8.145448179271707
8.184816821465429
8.2125472996216
8.661047840188704
8.062349501203988
9.030228758169935
8.091855865153079
9.391082202111614
8.113110595115234
9.266106442577032
9.081577246283128
8.017507002801121
8.304901960784314
9.298867880485524
7.820653963339718
7.916696766425867
8.962745098039212
9.183061301443654
7.672807017543852
7.109515823873402
8.465828173374609
7.555393385424338
7.840441176470589
9.881857358327943
8.668021194491784
8.7494760141819
8.783158263305321
7.9399509803921555
9.747083063994825
9.526647617088795
10.051935809288748
9.906997414350357
8.152870413899825
8.132481940144475
7.771418128654966
8.012082903336772
7.279880460956311
8.819328345373231
8.65359477124183
8.039656125608133
7.574286205710347
7.595507150228508
8.102191517632692
9.442057207498383
8.734908963585431
9.549509803921568
9.752745783628137
9.64172249319308
8.513802889576878
8.584975920192637
9.24626354038119
8.35315395388925
8.369504025386382
7.455972652218779
8.229756517991813
9.416769015298424
9.254899267399265
9.948809523809519
9.35356873518638
9.32255097843333
9.37274416759711
7.610728414172682
8.15906862745098
8.955634561516918
8.560595042212697
7.774964985994399
7.713230994152042
8.76936274509804
8.200305297557616
8.401960784313724
10.197273559773558
8.707166363048717
7.286592707258339
8.64192896456828
9.15441176470588
7.749079807361537
8.199346405228756
8.699320605435153
9.399754901960781
8.370098039215685
8.89226459814695
