50.415
49.993
49.018
41.634
51.023
49.931
39.017
47.464
50.130
40.938
51.170
42.027
48.007
39.558
49.603
40.701
50.153
40.765
40.127
40.607
52.207
39.529
40.624
51.060
40.104
40.621
50.549
49.046
38.213
40.802
39.933
40.622
39.527
49.723
41.335
39.985
41.862
39.721
40.908
38.035
49.805
51.608
50.072
50.802
50.584
39.277
50.435
39.856
40.547
48.136
50.806
40.371
49.744
48.396
41.741
40.376
40.185
40.417
39.718
41.486
52.359
39.498
39.497
48.910
48.935
51.700
40.747
50.754
40.743
39.586
51.656
50.291
51.404
40.834
39.995
40.397
49.117
50.239
48.143
39.993
38.367
39.362
39.973
40.575
51.182
52.578
40.690
40.249
39.527
52.075
49.906
48.023
39.036
48.653
50.900
49.194
38.944
39.559
40.182
49.652
40.712
50.171
49.517
40.852
39.856
39.052
40.480
48.837
49.893
50.450
51.525
40.246
59.771
41.765
60.320
39.831
50.777
39.596
38.957
50.032
49.972
39.685
49.396
38.647
41.053
39.998
40.147
40.099
40.514
49.765
50.675
60.235
40.112
41.516
40.818
51.602
40.485
49.818
37.982
49.621
40.166
59.280
49.271
40.503
50.208
50.129
40.875
40.505
39.444
39.757
40.753
49.890
52.264
39.466
38.043
49.919
39.039
48.636
40.536
38.735
40.820
40.434
40.132
48.723
48.789
40.677
40.814
50.364
40.417
40.499
38.351
40.122
39.378
50.486
47.695
50.141
41.051
48.865
49.640
47.750
49.887
41.638
39.784
51.805
49.921
39.462
39.715
48.653
39.414
50.687
50.025
49.336
40.815
40.720
49.732
60.284
41.459
40.237
59.833
41.183
39.118
50.988
37.691
51.095
42.119
50.869
40.845
40.159
40.429
50.825
50.847
49.350
50.115
50.753
50.283
39.393
50.195
39.144
39.460
51.114
38.399
51.727
50.105
50.572
49.886
49.742
49.817
49.645
50.406
49.286
41.444
50.022
39.849
40.370
39.473
41.534
39.956
41.617
50.868
40.772
39.939
41.298
48.969
40.096
38.689
49.557
48.789
40.092
41.211
50.866
50.232
39.810
40.355
50.788
40.265
39.666
51.651
40.276
39.015
39.588
52.695
49.813
48.603
40.631
50.921
49.958
40.264
49.058
40.818
40.117
39.740
38.972
40.783
47.736
39.246
50.081
49.278
38.092
40.303
40.506
50.264
41.000
50.411
49.699
40.087
49.684
50.422
51.573
37.991
52.004
38.945
49.904
49.422
39.878
51.487
39.364
40.156
40.234
49.358
39.344
39.212
39.910
51.498
39.819
41.199
41.358
41.682
50.385
49.773
49.890
49.020
48.892
50.119
39.539
40.933
49.850
40.434
39.827
39.694
49.212
40.867
40.952
39.340
39.864
40.448
39.085
49.794
49.872
40.434
49.630
51.168
42.023
50.952
40.144
50.601
41.693
39.941
40.092
51.696
39.479
50.350
39.684
40.589
38.163
39.979
50.165
40.232
50.326
51.415
49.409
48.156
38.063
49.428
38.968
39.699
42.059
50.334
50.649
49.426
49.389
39.786
40.583
50.251
40.867
39.053
48.977
40.885
40.043
41.214
50.588
49.501
61.376
41.182
39.548
39.285
48.503
38.588
41.802
39.072
40.952
49.057
58.918
41.691
52.325
39.657
51.089
50.637
51.097
49.414
49.235
41.213
60.154
49.764
39.124
50.715
40.069
49.682
50.321
50.720
49.988
40.735
41.505
50.995
39.904
40.921
50.789
41.110
41.441
39.423
51.448
39.937
52.351
41.242
51.313
50.640
51.233
39.229
41.092
51.279
49.971
38.604
50.734
51.372
41.086
51.698
40.487
40.638
51.030
40.166
51.112
39.761
40.398
48.963
40.791
40.951
39.982
38.598
49.730
40.658
38.756
50.659
39.371
39.460
39.664
39.551
49.776
50.469
50.078
40.519
40.518
38.752
41.010
50.770
40.095
52.068
40.118
50.767
38.726
40.024
40.058
40.163
40.520
42.663
40.893
40.178
41.224
40.686
40.508
39.898
40.996
49.093
40.690
42.791
39.802
51.222
39.168
50.904
49.495
39.551
41.343
51.001
38.742
41.325
40.239
40.662
52.239
39.941
49.987
52.692
49.585
40.632
51.283
39.974
40.351
50.854
40.317
49.566
52.986
38.711
51.382
40.458
40.257
40.654
41.110
39.739
40.723
40.581
39.921
50.333
41.812
31.367
51.201
40.425
51.391
52.251
52.051
50.950
50.875
49.846
50.307
51.323
49.650
50.058
48.738
49.413
39.398
40.651
39.433
40.768
51.307
59.645
51.831
51.278
41.001
38.974
39.566
40.414
41.365
48.532
50.712
48.993
40.165
38.776
40.058
41.775
40.549
39.945
51.024
49.541
41.066
41.265
40.169
60.238
40.427
40.704
48.794
49.798
40.075
51.052
50.310
39.412
40.141
40.954
40.533
40.274
49.234
39.107
49.813
40.483
39.653
41.310
39.774
40.230
39.226
50.867
39.618
50.120
41.804
49.094
39.963
50.722
49.901
52.034
52.394
49.795
51.790
52.584
50.125
47.751
51.100
40.948
50.563
39.631
50.585
40.258
41.518
50.870
60.178
50.281
41.263
50.822
40.985
50.573
38.789
40.470
40.169
50.386
40.829
50.350
41.085
40.113
41.387
49.226
40.623
40.790
39.109
39.306
41.479
39.727
39.815
41.296
40.827
40.454
51.429
40.292
50.780
39.982
40.865
61.577
41.700
40.114
50.816
39.408
52.547
39.884
42.467
39.496
49.701
50.038
50.524
51.823
40.621
50.387
50.324
51.223
38.704
51.546
51.267
48.405
40.266
40.577
39.416
51.753
49.457
49.873
50.287
41.182
50.107
40.791
50.963
50.881
41.272
40.005
49.870
48.886
50.499
40.382
48.947
50.664
40.872
49.755
48.441
60.445
40.071
40.341
39.799
49.563
40.376
39.384
39.824
40.268
39.126
40.748
51.562
39.373
40.672
50.026
39.542
39.610
40.409
61.124
61.736
40.334
49.876
40.280
60.564
52.450
41.670
49.381
51.427
40.336
49.519
60.061
40.389
38.947
50.158
40.121
39.675
48.077
40.160
40.709
41.237
51.177
38.350
51.773
49.877
50.998
41.161
40.276
50.524
39.506
40.036
61.443
51.927
40.548
39.677
51.551
49.832
40.251
51.517
42.065
39.572
50.068
41.194
40.001
51.177
49.656
50.132
40.114
50.741
49.358
39.787
40.160
51.313
50.091
49.551
40.095
40.611
40.618
51.182
40.952
51.153
59.933
49.499
50.596
39.859
50.538
50.509
49.330
60.564
38.736
38.804
40.645
49.171
41.945
50.153
49.928
41.301
38.349
41.520
50.948
40.183
50.325
51.667
40.723
39.912
41.199
41.558
42.016
51.460
39.082
52.984
50.282
39.337
41.501
41.324
49.711
41.345
40.307
51.472
51.189
49.807
38.598
50.520
50.999
40.031
50.948
51.275
40.268
39.356
52.514
50.593
41.212
40.242
49.696
51.419
50.387
41.434
50.322
50.348
50.245
39.679
40.646
39.503
51.876
50.885
39.532
52.319
49.049
39.014
39.730
40.391
40.139
50.239
40.932
51.782
39.993
40.623
51.833
51.362
39.991
40.280
40.613
51.145
49.912
51.101
40.615
40.498
49.719
49.290
39.860
50.063
49.808
41.453
51.336
40.329
50.604
39.711
51.116
41.496
39.534
41.559
38.868
51.149
40.841
50.616
51.154
40.766
40.592
50.052
41.374
39.600
40.481
40.349
50.582
39.863
60.552
52.397
49.592
48.558
40.700
49.773
49.602
40.358
40.289
49.516
41.598
40.434
50.137
41.273
39.418
40.434
38.855
50.626
29.944
39.594
49.873
40.395
48.825
51.634
39.075
39.580
39.607
38.560
38.671
49.638
41.096
50.716
38.701
40.026
49.940
60.653
40.927
41.628
49.416
40.835
40.603
40.134
38.819
40.460
40.173
40.291
40.717
59.837
49.237
48.651
40.508
50.119
40.926
48.546
50.722
50.280
39.823
40.946
51.344
51.146
39.581
50.537
49.169
51.015
50.743
39.517
41.065
38.537
50.930
40.610
50.916
59.211
48.347
49.623
51.861
40.202
40.979
39.491
49.849
41.025
48.821
50.906
41.328
51.199
51.163
51.517
39.009
39.783
39.878
41.003
49.507
62.096
41.421
39.528
49.299
52.051
52.367
52.081
40.794
40.385
39.592
49.368
49.110
50.787
50.311
41.579
49.962
50.897
50.725
39.386
50.120
50.799
40.466
50.926
49.350
62.329
50.641
50.990
39.495
50.152
39.749
50.854
41.390
40.898
40.307
50.195
40.183
41.027
50.438
50.260
40.623
39.459
50.463
42.612
