1.270000000000000000e+04
1.069000000000000000e+04
1.532000000000000000e+04
2.089000000000000000e+04
1.297000000000000000e+04
2.111000000000000000e+04
2.763000000000000000e+04
1.552000000000000000e+04
1.733000000000000000e+04
1.490000000000000000e+04
3.185000000000000000e+04
1.522000000000000000e+04
2.092000000000000000e+04
1.025000000000000000e+04
1.455000000000000000e+04
1.252000000000000000e+04
1.456000000000000000e+04
1.680000000000000000e+04
1.309000000000000000e+04
1.428000000000000000e+04
1.556000000000000000e+04
2.038000000000000000e+04
1.757000000000000000e+04
1.253000000000000000e+04
1.468000000000000000e+04
2.059000000000000000e+04
1.503000000000000000e+04
1.550000000000000000e+04
2.190000000000000000e+04
1.026000000000000000e+04
1.236000000000000000e+04
1.039000000000000000e+04
1.479000000000000000e+04
1.758000000000000000e+04
2.291000000000000000e+04
2.092000000000000000e+04
1.946000000000000000e+04
1.496000000000000000e+04
1.637000000000000000e+04
1.312000000000000000e+04
2.224000000000000000e+04
1.104000000000000000e+04
1.571000000000000000e+04
1.512000000000000000e+04
1.519000000000000000e+04
1.043000000000000000e+04
1.488000000000000000e+04
1.272000000000000000e+04
1.371000000000000000e+04
1.499000000000000000e+04
2.169000000000000000e+04
2.079000000000000000e+04
2.003000000000000000e+04
1.101000000000000000e+04
1.125000000000000000e+04
1.985000000000000000e+04
1.259000000000000000e+04
1.495000000000000000e+04
1.744000000000000000e+04
1.293000000000000000e+04
1.446000000000000000e+04
1.768000000000000000e+04
1.564000000000000000e+04
2.495000000000000000e+04
2.003000000000000000e+04
1.631000000000000000e+04
1.741000000000000000e+04
1.548000000000000000e+04
1.473000000000000000e+04
1.144000000000000000e+04
1.438000000000000000e+04
1.559000000000000000e+04
1.765000000000000000e+04
1.785000000000000000e+04
1.438000000000000000e+04
2.103000000000000000e+04
1.573000000000000000e+04
2.048000000000000000e+04
1.490000000000000000e+04
1.280000000000000000e+04
1.454000000000000000e+04
3.021000000000000000e+04
1.786000000000000000e+04
1.979000000000000000e+04
2.079000000000000000e+04
1.564000000000000000e+04
1.556000000000000000e+04
1.435000000000000000e+04
1.259000000000000000e+04
1.295000000000000000e+04
1.464000000000000000e+04
1.710000000000000000e+04
1.593000000000000000e+04
2.074000000000000000e+04
1.309000000000000000e+04
1.410000000000000000e+04
2.057000000000000000e+04
1.198000000000000000e+04
2.028000000000000000e+04
1.351000000000000000e+04
1.283000000000000000e+04
1.632000000000000000e+04
1.672000000000000000e+04
1.675000000000000000e+04
1.441000000000000000e+04
1.538000000000000000e+04
2.132000000000000000e+04
1.452000000000000000e+04
1.792000000000000000e+04
1.691000000000000000e+04
1.464000000000000000e+04
1.701000000000000000e+04
1.078000000000000000e+04
1.440000000000000000e+04
1.763000000000000000e+04
2.184000000000000000e+04
2.076000000000000000e+04
1.752000000000000000e+04
2.545000000000000000e+04
1.499000000000000000e+04
1.521000000000000000e+04
1.529000000000000000e+04
2.364000000000000000e+04
1.313000000000000000e+04
1.542000000000000000e+04
1.532000000000000000e+04
2.012000000000000000e+04
1.262000000000000000e+04
1.478000000000000000e+04
1.321000000000000000e+04
1.772000000000000000e+04
2.389000000000000000e+04
1.793000000000000000e+04
1.479000000000000000e+04
1.529000000000000000e+04
1.104000000000000000e+04
1.563000000000000000e+04
1.857000000000000000e+04
1.756000000000000000e+04
1.853000000000000000e+04
9.020000000000000000e+03
1.336000000000000000e+04
1.545000000000000000e+04
1.832000000000000000e+04
1.727000000000000000e+04
2.052000000000000000e+04
1.734000000000000000e+04
1.454000000000000000e+04
1.264000000000000000e+04
1.355000000000000000e+04
1.704000000000000000e+04
2.030000000000000000e+04
1.520000000000000000e+04
1.554000000000000000e+04
1.601000000000000000e+04
1.456000000000000000e+04
1.257000000000000000e+04
1.559000000000000000e+04
1.778000000000000000e+04
1.783000000000000000e+04
2.839000000000000000e+04
1.303000000000000000e+04
1.753000000000000000e+04
1.241000000000000000e+04
1.327000000000000000e+04
1.197000000000000000e+04
1.899000000000000000e+04
1.728000000000000000e+04
1.741000000000000000e+04
1.472000000000000000e+04
1.773000000000000000e+04
1.405000000000000000e+04
1.063000000000000000e+04
1.513000000000000000e+04
1.829000000000000000e+04
1.779000000000000000e+04
1.262000000000000000e+04
2.617000000000000000e+04
1.499000000000000000e+04
1.608000000000000000e+04
1.849000000000000000e+04
1.088000000000000000e+04
1.101000000000000000e+04
1.704000000000000000e+04
1.715000000000000000e+04
1.503000000000000000e+04
1.729000000000000000e+04
1.096000000000000000e+04
1.421000000000000000e+04
1.291000000000000000e+04
1.977000000000000000e+04
1.784000000000000000e+04
1.504000000000000000e+04
1.272000000000000000e+04
1.266000000000000000e+04
1.282000000000000000e+04
1.571000000000000000e+04
1.434000000000000000e+04
1.779000000000000000e+04
1.436000000000000000e+04
1.766000000000000000e+04
1.245000000000000000e+04
1.819000000000000000e+04
1.315000000000000000e+04
1.948000000000000000e+04
1.518000000000000000e+04
1.253000000000000000e+04
1.471000000000000000e+04
1.498000000000000000e+04
1.771000000000000000e+04
1.447000000000000000e+04
2.028000000000000000e+04
1.739000000000000000e+04
1.553000000000000000e+04
1.552000000000000000e+04
1.075000000000000000e+04
1.263000000000000000e+04
1.452000000000000000e+04
1.078000000000000000e+04
1.448000000000000000e+04
1.485000000000000000e+04
1.341000000000000000e+04
1.298000000000000000e+04
1.284000000000000000e+04
1.566000000000000000e+04
1.498000000000000000e+04
1.444000000000000000e+04
1.424000000000000000e+04
1.739000000000000000e+04
1.093000000000000000e+04
1.665000000000000000e+04
1.755000000000000000e+04
1.742000000000000000e+04
1.989000000000000000e+04
1.315000000000000000e+04
1.534000000000000000e+04
1.724000000000000000e+04
1.141000000000000000e+04
1.469000000000000000e+04
1.582000000000000000e+04
1.982000000000000000e+04
1.078000000000000000e+04
2.197000000000000000e+04
1.527000000000000000e+04
1.830000000000000000e+04
1.481000000000000000e+04
1.859000000000000000e+04
1.512000000000000000e+04
1.223000000000000000e+04
1.531000000000000000e+04
2.138000000000000000e+04
2.135000000000000000e+04
1.804000000000000000e+04
1.880000000000000000e+04
2.103000000000000000e+04
1.775000000000000000e+04
1.073000000000000000e+04
1.668000000000000000e+04
1.313000000000000000e+04
1.904000000000000000e+04
2.049000000000000000e+04
2.047000000000000000e+04
1.240000000000000000e+04
1.425000000000000000e+04
1.258000000000000000e+04
1.937000000000000000e+04
2.310000000000000000e+04
1.498000000000000000e+04
1.749000000000000000e+04
1.628000000000000000e+04
1.779000000000000000e+04
2.123000000000000000e+04
1.250000000000000000e+04
1.442000000000000000e+04
1.479000000000000000e+04
1.611000000000000000e+04
1.759000000000000000e+04
1.819000000000000000e+04
1.274000000000000000e+04
1.465000000000000000e+04
1.278000000000000000e+04
1.870000000000000000e+04
1.530000000000000000e+04
1.709000000000000000e+04
1.557000000000000000e+04
1.765000000000000000e+04
1.316000000000000000e+04
1.587000000000000000e+04
1.072000000000000000e+04
1.096000000000000000e+04
1.741000000000000000e+04
2.343000000000000000e+04
1.497000000000000000e+04
1.678000000000000000e+04
1.029000000000000000e+04
1.026000000000000000e+04
1.265000000000000000e+04
1.535000000000000000e+04
1.662000000000000000e+04
2.322000000000000000e+04
1.260000000000000000e+04
1.244000000000000000e+04
1.266000000000000000e+04
1.311000000000000000e+04
1.999000000000000000e+04
1.071000000000000000e+04
1.240000000000000000e+04
1.087000000000000000e+04
1.695000000000000000e+04
2.107000000000000000e+04
1.571000000000000000e+04
2.044000000000000000e+04
1.066000000000000000e+04
1.772000000000000000e+04
1.670000000000000000e+04
1.524000000000000000e+04
2.735000000000000000e+04
1.425000000000000000e+04
1.697000000000000000e+04
1.546000000000000000e+04
1.092000000000000000e+04
1.784000000000000000e+04
1.494000000000000000e+04
1.440000000000000000e+04
1.530000000000000000e+04
1.779000000000000000e+04
1.292000000000000000e+04
1.704000000000000000e+04
1.281000000000000000e+04
1.713000000000000000e+04
1.776000000000000000e+04
1.318000000000000000e+04
2.266000000000000000e+04
1.471000000000000000e+04
1.482000000000000000e+04
1.032000000000000000e+04
1.308000000000000000e+04
1.564000000000000000e+04
1.687000000000000000e+04
1.896000000000000000e+04
1.473000000000000000e+04
1.480000000000000000e+04
1.776000000000000000e+04
2.078000000000000000e+04
2.483000000000000000e+04
1.290000000000000000e+04
2.409000000000000000e+04
1.262000000000000000e+04
1.962000000000000000e+04
1.980000000000000000e+04
2.056000000000000000e+04
1.539000000000000000e+04
1.890000000000000000e+04
1.784000000000000000e+04
1.567000000000000000e+04
1.591000000000000000e+04
1.774000000000000000e+04
1.695000000000000000e+04
1.771000000000000000e+04
1.395000000000000000e+04
1.523000000000000000e+04
1.472000000000000000e+04
1.844000000000000000e+04
1.261000000000000000e+04
1.531000000000000000e+04
1.493000000000000000e+04
2.642000000000000000e+04
1.252000000000000000e+04
1.285000000000000000e+04
1.278000000000000000e+04
1.684000000000000000e+04
1.809000000000000000e+04
1.309000000000000000e+04
1.577000000000000000e+04
9.000000000000000000e+03
1.329000000000000000e+04
1.801000000000000000e+04
1.857000000000000000e+04
1.259000000000000000e+04
1.757000000000000000e+04
1.814000000000000000e+04
1.865000000000000000e+04
1.465000000000000000e+04
1.448000000000000000e+04
1.286000000000000000e+04
1.274000000000000000e+04
1.277000000000000000e+04
1.494000000000000000e+04
1.089000000000000000e+04
1.804000000000000000e+04
1.725000000000000000e+04
2.237000000000000000e+04
1.093000000000000000e+04
1.535000000000000000e+04
1.120000000000000000e+04
1.521000000000000000e+04
1.238000000000000000e+04
1.097000000000000000e+04
1.301000000000000000e+04
1.713000000000000000e+04
1.470000000000000000e+04
2.192000000000000000e+04
1.575000000000000000e+04
1.514000000000000000e+04
1.256000000000000000e+04
1.326000000000000000e+04
1.455000000000000000e+04
1.395000000000000000e+04
1.448000000000000000e+04
1.422000000000000000e+04
1.281000000000000000e+04
1.640000000000000000e+04
1.081000000000000000e+04
1.250000000000000000e+04
1.790000000000000000e+04
1.781000000000000000e+04
1.931000000000000000e+04
1.430000000000000000e+04
2.094000000000000000e+04
1.538000000000000000e+04
1.652000000000000000e+04
1.452000000000000000e+04
1.447000000000000000e+04
2.208000000000000000e+04
1.764000000000000000e+04
2.268000000000000000e+04
1.956000000000000000e+04
1.518000000000000000e+04
1.281000000000000000e+04
1.557000000000000000e+04
2.003000000000000000e+04
1.077000000000000000e+04
1.277000000000000000e+04
1.741000000000000000e+04
1.460000000000000000e+04
1.033000000000000000e+04
1.989000000000000000e+04
1.551000000000000000e+04
1.154000000000000000e+04
8.850000000000000000e+03
2.071000000000000000e+04
1.725000000000000000e+04
1.758000000000000000e+04
1.425000000000000000e+04
1.733000000000000000e+04
1.484000000000000000e+04
1.301000000000000000e+04
1.773000000000000000e+04
1.684000000000000000e+04
1.795000000000000000e+04
1.280000000000000000e+04
1.285000000000000000e+04
1.453000000000000000e+04
1.525000000000000000e+04
1.133000000000000000e+04
2.347000000000000000e+04
1.366000000000000000e+04
1.714000000000000000e+04
1.393000000000000000e+04
1.625000000000000000e+04
1.287000000000000000e+04
1.720000000000000000e+04
1.155000000000000000e+04
1.573000000000000000e+04
1.560000000000000000e+04
2.163000000000000000e+04
1.694000000000000000e+04
1.475000000000000000e+04
1.761000000000000000e+04
1.875000000000000000e+04
1.804000000000000000e+04
1.453000000000000000e+04
1.110000000000000000e+04
1.392000000000000000e+04
1.113000000000000000e+04
1.521000000000000000e+04
1.603000000000000000e+04
1.775000000000000000e+04
1.294000000000000000e+04
1.871000000000000000e+04
2.200000000000000000e+04
1.471000000000000000e+04
1.616000000000000000e+04
3.602000000000000000e+04
1.260000000000000000e+04
1.247000000000000000e+04
1.281000000000000000e+04
1.622000000000000000e+04
1.547000000000000000e+04
1.337000000000000000e+04
1.368000000000000000e+04
1.996000000000000000e+04
1.780000000000000000e+04
1.235000000000000000e+04
1.491000000000000000e+04
1.576000000000000000e+04
1.233000000000000000e+04
1.292000000000000000e+04
1.566000000000000000e+04
2.114000000000000000e+04
1.757000000000000000e+04
1.321000000000000000e+04
1.427000000000000000e+04
1.939000000000000000e+04
1.742000000000000000e+04
1.457000000000000000e+04
1.435000000000000000e+04
1.499000000000000000e+04
1.431000000000000000e+04
1.262000000000000000e+04
1.790000000000000000e+04
1.281000000000000000e+04
1.494000000000000000e+04
1.727000000000000000e+04
1.270000000000000000e+04
1.542000000000000000e+04
2.644000000000000000e+04
2.133000000000000000e+04
1.579000000000000000e+04
1.253000000000000000e+04
1.088000000000000000e+04
1.099000000000000000e+04
1.548000000000000000e+04
2.115000000000000000e+04
1.476000000000000000e+04
1.242000000000000000e+04
1.111000000000000000e+04
1.278000000000000000e+04
1.703000000000000000e+04
1.385000000000000000e+04
1.783000000000000000e+04
1.465000000000000000e+04
1.226000000000000000e+04
1.796000000000000000e+04
2.092000000000000000e+04
2.343000000000000000e+04
2.145000000000000000e+04
1.333000000000000000e+04
1.386000000000000000e+04
1.604000000000000000e+04
1.409000000000000000e+04
2.559000000000000000e+04
2.390000000000000000e+04
1.791000000000000000e+04
1.303000000000000000e+04
1.590000000000000000e+04
1.432000000000000000e+04
1.553000000000000000e+04
2.115000000000000000e+04
1.291000000000000000e+04
1.802000000000000000e+04
1.488000000000000000e+04
1.070000000000000000e+04
1.073000000000000000e+04
1.253000000000000000e+04
1.142000000000000000e+04
1.419000000000000000e+04
1.992000000000000000e+04
1.599000000000000000e+04
1.765000000000000000e+04
1.477000000000000000e+04
1.396000000000000000e+04
1.282000000000000000e+04
1.683000000000000000e+04
1.693000000000000000e+04
1.701000000000000000e+04
1.560000000000000000e+04
1.868000000000000000e+04
1.366000000000000000e+04
2.090000000000000000e+04
1.144000000000000000e+04
1.740000000000000000e+04
1.289000000000000000e+04
1.847000000000000000e+04
1.395000000000000000e+04
1.769000000000000000e+04
1.227000000000000000e+04
1.396000000000000000e+04
1.298000000000000000e+04
1.571000000000000000e+04
1.499000000000000000e+04
1.623000000000000000e+04
2.031000000000000000e+04
1.718000000000000000e+04
1.320000000000000000e+04
1.702000000000000000e+04
1.238000000000000000e+04
1.409000000000000000e+04
1.285000000000000000e+04
1.699000000000000000e+04
1.618000000000000000e+04
2.105000000000000000e+04
1.096000000000000000e+04
1.346000000000000000e+04
1.755000000000000000e+04
1.788000000000000000e+04
1.747000000000000000e+04
1.672000000000000000e+04
1.294000000000000000e+04
1.523000000000000000e+04
1.133000000000000000e+04
1.573000000000000000e+04
1.995000000000000000e+04
1.962000000000000000e+04
1.256000000000000000e+04
1.019000000000000000e+04
1.272000000000000000e+04
1.981000000000000000e+04
2.019000000000000000e+04
1.485000000000000000e+04
2.153000000000000000e+04
1.812000000000000000e+04
1.493000000000000000e+04
1.073000000000000000e+04
1.887000000000000000e+04
2.026000000000000000e+04
1.601000000000000000e+04
1.828000000000000000e+04
1.103000000000000000e+04
1.420000000000000000e+04
1.075000000000000000e+04
8.800000000000000000e+03
1.619000000000000000e+04
1.768000000000000000e+04
1.737000000000000000e+04
2.092000000000000000e+04
1.876000000000000000e+04
1.269000000000000000e+04
1.452000000000000000e+04
1.251000000000000000e+04
1.285000000000000000e+04
1.262000000000000000e+04
1.924000000000000000e+04
1.552000000000000000e+04
2.256000000000000000e+04
1.736000000000000000e+04
1.545000000000000000e+04
1.483000000000000000e+04
1.291000000000000000e+04
2.139000000000000000e+04
1.558000000000000000e+04
1.816000000000000000e+04
1.290000000000000000e+04
3.101000000000000000e+04
1.581000000000000000e+04
1.689000000000000000e+04
1.423000000000000000e+04
1.527000000000000000e+04
1.598000000000000000e+04
1.275000000000000000e+04
1.693000000000000000e+04
1.433000000000000000e+04
1.304000000000000000e+04
2.012000000000000000e+04
1.739000000000000000e+04
1.892000000000000000e+04
1.783000000000000000e+04
1.284000000000000000e+04
1.554000000000000000e+04
1.554000000000000000e+04
1.096000000000000000e+04
1.129000000000000000e+04
1.943000000000000000e+04
1.624000000000000000e+04
1.424000000000000000e+04
1.251000000000000000e+04
1.092000000000000000e+04
1.307000000000000000e+04
2.393000000000000000e+04
1.273000000000000000e+04
1.380000000000000000e+04
1.728000000000000000e+04
1.770000000000000000e+04
1.835000000000000000e+04
1.239000000000000000e+04
1.078000000000000000e+04
1.231000000000000000e+04
1.084000000000000000e+04
1.370000000000000000e+04
1.713000000000000000e+04
1.496000000000000000e+04
1.436000000000000000e+04
1.333000000000000000e+04
1.506000000000000000e+04
1.309000000000000000e+04
1.874000000000000000e+04
2.006000000000000000e+04
1.085000000000000000e+04
1.582000000000000000e+04
1.860000000000000000e+04
1.439000000000000000e+04
2.103000000000000000e+04
1.789000000000000000e+04
1.988000000000000000e+04
2.079000000000000000e+04
2.046000000000000000e+04
1.249000000000000000e+04
1.827000000000000000e+04
1.722000000000000000e+04
1.062000000000000000e+04
1.681000000000000000e+04
1.558000000000000000e+04
1.539000000000000000e+04
1.471000000000000000e+04
1.745000000000000000e+04
1.257000000000000000e+04
1.082000000000000000e+04
1.257000000000000000e+04
2.625000000000000000e+04
1.669000000000000000e+04
1.398000000000000000e+04
1.547000000000000000e+04
1.467000000000000000e+04
1.878000000000000000e+04
2.162000000000000000e+04
1.451000000000000000e+04
2.320000000000000000e+04
1.460000000000000000e+04
1.266000000000000000e+04
1.148000000000000000e+04
1.086000000000000000e+04
1.551000000000000000e+04
1.561000000000000000e+04
1.431000000000000000e+04
1.760000000000000000e+04
1.787000000000000000e+04
1.556000000000000000e+04
1.463000000000000000e+04
1.361000000000000000e+04
1.615000000000000000e+04
2.536000000000000000e+04
1.446000000000000000e+04
1.121000000000000000e+04
1.282000000000000000e+04
1.484000000000000000e+04
1.814000000000000000e+04
1.301000000000000000e+04
2.237000000000000000e+04
1.773000000000000000e+04
1.813000000000000000e+04
1.246000000000000000e+04
1.581000000000000000e+04
1.248000000000000000e+04
1.429000000000000000e+04
1.320000000000000000e+04
2.177000000000000000e+04
1.552000000000000000e+04
1.310000000000000000e+04
2.022000000000000000e+04
1.970000000000000000e+04
2.066000000000000000e+04
1.531000000000000000e+04
1.079000000000000000e+04
1.629000000000000000e+04
2.065000000000000000e+04
2.034000000000000000e+04
1.515000000000000000e+04
1.493000000000000000e+04
1.528000000000000000e+04
3.258000000000000000e+04
1.664000000000000000e+04
1.262000000000000000e+04
1.469000000000000000e+04
1.982000000000000000e+04
1.623000000000000000e+04
2.396000000000000000e+04
1.924000000000000000e+04
1.755000000000000000e+04
1.095000000000000000e+04
1.302000000000000000e+04
1.136000000000000000e+04
1.410000000000000000e+04
1.261000000000000000e+04
1.123000000000000000e+04
2.276000000000000000e+04
1.586000000000000000e+04
1.548000000000000000e+04
1.637000000000000000e+04
1.573000000000000000e+04
1.544000000000000000e+04
2.527000000000000000e+04
8.850000000000000000e+03
1.300000000000000000e+04
1.082000000000000000e+04
1.278000000000000000e+04
1.091000000000000000e+04
1.713000000000000000e+04
2.224000000000000000e+04
1.040000000000000000e+04
1.759000000000000000e+04
1.261000000000000000e+04
2.056000000000000000e+04
1.437000000000000000e+04
1.418000000000000000e+04
1.439000000000000000e+04
1.694000000000000000e+04
1.147000000000000000e+04
1.662000000000000000e+04
1.605000000000000000e+04
1.531000000000000000e+04
1.067000000000000000e+04
1.537000000000000000e+04
2.279000000000000000e+04
1.506000000000000000e+04
1.618000000000000000e+04
1.515000000000000000e+04
1.263000000000000000e+04
1.102000000000000000e+04
1.549000000000000000e+04
1.431000000000000000e+04
1.309000000000000000e+04
1.595000000000000000e+04
1.016000000000000000e+04
1.538000000000000000e+04
1.666000000000000000e+04
1.432000000000000000e+04
1.514000000000000000e+04
1.273000000000000000e+04
1.076000000000000000e+04
1.504000000000000000e+04
1.295000000000000000e+04
1.438000000000000000e+04
1.939000000000000000e+04
1.925000000000000000e+04
1.253000000000000000e+04
1.255000000000000000e+04
1.143000000000000000e+04
1.757000000000000000e+04
2.007000000000000000e+04
1.276000000000000000e+04
1.749000000000000000e+04
1.283000000000000000e+04
1.894000000000000000e+04
1.084000000000000000e+04
1.246000000000000000e+04
1.080000000000000000e+04
1.287000000000000000e+04
2.086000000000000000e+04
1.380000000000000000e+04
1.567000000000000000e+04
2.039000000000000000e+04
1.389000000000000000e+04
1.429000000000000000e+04
1.749000000000000000e+04
1.978000000000000000e+04
1.681000000000000000e+04
2.938000000000000000e+04
1.778000000000000000e+04
1.891000000000000000e+04
2.244000000000000000e+04
1.558000000000000000e+04
1.286000000000000000e+04
1.718000000000000000e+04
1.558000000000000000e+04
1.305000000000000000e+04
1.022000000000000000e+04
2.046000000000000000e+04
1.776000000000000000e+04
1.794000000000000000e+04
1.790000000000000000e+04
1.970000000000000000e+04
2.082000000000000000e+04
1.699000000000000000e+04
1.271000000000000000e+04
2.276000000000000000e+04
1.391000000000000000e+04
1.387000000000000000e+04
2.298000000000000000e+04
2.078000000000000000e+04
2.122000000000000000e+04
2.508000000000000000e+04
1.816000000000000000e+04
2.136000000000000000e+04
1.542000000000000000e+04
2.300000000000000000e+04
1.862000000000000000e+04
1.436000000000000000e+04
2.085000000000000000e+04
1.266000000000000000e+04
1.541000000000000000e+04
1.316000000000000000e+04
1.595000000000000000e+04
1.906000000000000000e+04
1.297000000000000000e+04
1.850000000000000000e+04
1.087000000000000000e+04
1.670000000000000000e+04
2.037000000000000000e+04
1.749000000000000000e+04
1.551000000000000000e+04
1.477000000000000000e+04
2.031000000000000000e+04
1.843000000000000000e+04
1.552000000000000000e+04
1.562000000000000000e+04
2.373000000000000000e+04
1.269000000000000000e+04
1.559000000000000000e+04
1.282000000000000000e+04
1.665000000000000000e+04
1.568000000000000000e+04
1.249000000000000000e+04
1.139000000000000000e+04
1.794000000000000000e+04
1.492000000000000000e+04
2.169000000000000000e+04
1.465000000000000000e+04
2.509000000000000000e+04
1.759000000000000000e+04
1.527000000000000000e+04
1.742000000000000000e+04
1.253000000000000000e+04
1.092000000000000000e+04
1.666000000000000000e+04
1.299000000000000000e+04
1.789000000000000000e+04
1.657000000000000000e+04
1.796000000000000000e+04
1.238000000000000000e+04
2.354000000000000000e+04
1.483000000000000000e+04
2.051000000000000000e+04
1.789000000000000000e+04
2.013000000000000000e+04
2.459000000000000000e+04
1.439000000000000000e+04
1.083000000000000000e+04
1.732000000000000000e+04
1.311000000000000000e+04
1.436000000000000000e+04
1.235000000000000000e+04
1.254000000000000000e+04
1.740000000000000000e+04
2.396000000000000000e+04
1.472000000000000000e+04
2.082000000000000000e+04
1.546000000000000000e+04
1.154000000000000000e+04
1.693000000000000000e+04
2.001000000000000000e+04
1.718000000000000000e+04
1.268000000000000000e+04
8.900000000000000000e+03
1.254000000000000000e+04
1.489000000000000000e+04
1.458000000000000000e+04
1.278000000000000000e+04
1.858000000000000000e+04
1.426000000000000000e+04
1.254000000000000000e+04
1.628000000000000000e+04
1.297000000000000000e+04
1.780000000000000000e+04
2.940000000000000000e+04
2.261000000000000000e+04
1.785000000000000000e+04
2.110000000000000000e+04
1.994000000000000000e+04
1.727000000000000000e+04
2.209000000000000000e+04
2.125000000000000000e+04
1.347000000000000000e+04
1.109000000000000000e+04
2.041000000000000000e+04
1.087000000000000000e+04
1.277000000000000000e+04
1.273000000000000000e+04
1.755000000000000000e+04
2.270000000000000000e+04
1.774000000000000000e+04
1.086000000000000000e+04
1.576000000000000000e+04
1.448000000000000000e+04
1.224000000000000000e+04
1.100000000000000000e+04
1.405000000000000000e+04
1.118000000000000000e+04
1.570000000000000000e+04
1.302000000000000000e+04
1.795000000000000000e+04
2.347000000000000000e+04
1.898000000000000000e+04
1.457000000000000000e+04
1.264000000000000000e+04
1.247000000000000000e+04
2.006000000000000000e+04
1.833000000000000000e+04
2.099000000000000000e+04
1.273000000000000000e+04
1.518000000000000000e+04
1.120000000000000000e+04
2.040000000000000000e+04
2.136000000000000000e+04
1.552000000000000000e+04
2.044000000000000000e+04
1.339000000000000000e+04
1.710000000000000000e+04
1.285000000000000000e+04
1.558000000000000000e+04
1.124000000000000000e+04
