699
692
725
545
662
657
635
790
676
529
680
505
781
618
701
562
648
541
611
569
622
592
535
690
612
536
665
747
654
573
586
584
620
766
551
604
511
606
556
708
695
639
686
661
686
602
703
570
546
815
667
567
747
840
506
564
571
566
600
518
584
589
648
736
740
636
576
671
551
603
605
709
641
556
573
545
737
683
770
567
618
620
583
543
611
611
549
580
620
649
688
849
638
711
636
731
674
598
568
675
550
670
740
543
575
625
576
762
671
652
619
595
779
518
791
615
657
614
648
709
702
607
713
657
551
600
600
592
550
666
671
773
567
521
534
611
570
733
699
682
592
817
686
552
690
688
533
587
610
575
553
699
589
609
681
658
608
748
549
666
576
601
582
718
744
534
561
682
563
556
655
568
601
680
769
714
580
747
707
827
724
539
602
604
727
583
579
751
596
657
723
728
539
540
695
835
493
563
802
558
640
670
688
659
529
623
564
580
535
678
654
699
675
690
687
627
716
646
613
639
664
620
697
644
694
687
693
723
676
731
519
719
593
571
598
514
589
530
650
544
594
520
717
535
662
705
766
546
548
659
708
576
565
629
577
620
630
557
649
625
538
688
747
554
641
688
573
726
539
576
567
628
563
787
667
682
699
683
546
562
707
536
687
755
568
730
656
626
705
615
644
740
695
596
625
613
570
551
725
609
627
559
612
580
542
554
520
663
699
676
740
758
680
599
540
690
570
608
621
730
550
549
594
599
611
631
683
659
564
674
631
517
636
612
678
493
582
608
663
605
662
602
540
690
620
654
557
669
653
699
762
684
709
633
603
519
700
647
746
724
585
556
676
515
609
731
531
581
512
658
724
723
526
622
607
765
651
496
606
534
723
825
515
609
597
648
648
632
737
739
509
762
754
623
671
571
691
653
646
709
558
511
606
625
571
674
526
506
640
630
574
598
538
623
689
631
620
513
651
733
642
636
651
520
626
544
562
636
579
642
592
541
766
560
544
593
654
709
523
682
661
613
604
613
619
727
637
675
574
587
653
525
619
606
583
594
690
622
597
612
567
553
481
545
573
544
555
528
590
552
725
566
496
579
631
598
640
720
620
503
673
657
521
564
560
593
586
710
558
735
582
629
568
592
606
579
699
557
657
630
540
560
558
515
602
525
557
608
664
506
415
620
571
636
590
586
658
628
682
648
626
689
699
731
688
602
611
591
531
638
833
581
601
540
599
585
548
529
738
634
722
592
637
597
504
554
600
658
688
527
532
558
815
556
549
751
687
560
635
693
629
589
527
573
538
718
626
744
536
599
525
571
587
612
654
589
698
498
700
583
642
661
604
579
691
637
606
707
832
613
533
690
607
695
568
513
674
770
671
516
677
542
654
629
549
577
658
546
666
554
582
508
706
557
547
625
622
535
592
592
528
551
546
635
549
677
571
541
720
508
612
649
594
589
613
477
619
717
699
667
612
560
665
646
636
608
588
629
750
566
547
592
616
691
662
653
524
684
540
661
622
509
606
747
723
637
545
727
631
556
702
753
761
567
552
578
725
535
616
577
570
642
558
626
614
524
681
598
607
554
690
741
556
691
571
765
590
528
721
644
559
717
782
615
614
681
561
603
755
576
521
523
622
691
575
682
623
517
576
635
608
577
724
584
570
609
610
687
586
592
496
597
673
543
596
655
682
671
545
655
699
575
588
647
683
719
594
554
553
623
534
628
794
684
661
599
652
679
715
740
645
640
557
684
475
656
689
515
658
493
663
549
689
597
543
565
515
523
525
625
598
538
689
647
526
521
721
534
575
623
645
700
638
665
653
613
625
625
565
625
579
664
532
566
727
648
676
499
653
679
693
594
547
590
583
640
626
605
741
615
566
565
560
667
546
627
579
540
590
604
594
547
589
643
701
642
534
558
712
687
604
691
708
496
625
573
652
599
646
546
580
524
648
636
516
671
606
563
576
677
523
580
545
587
644
580
788
590
682
786
535
704
676
566
555
696
530
545
661
545
587
562
641
651
455
591
679
553
727
614
644
596
600
606
648
710
530
645
669
563
696
735
505
487
741
559
574
548
655
571
574
541
547
805
700
759
562
667
556
773
677
706
599
530
600
641
590
654
700
644
658
603
509
666
663
543
610
824
735
701
604
606
553
597
700
556
711
615
476
619
631
637
605
590
603
539
723
642
515
590
720
619
616
604
573
560
601
693
728
676
661
498
685
647
657
591
673
652
571
650
720
671
641
623
590
674
569
620
512
521
552
669
596
535
669
662
568
610
660
468
