0.489
0.451
0.617
0.643
0.786
0.794
0.845
0.703
0.688
0.785
0.781
0.669
0.780
0.607
0.697
0.753
0.731
0.812
0.535
0.757
0.606
0.761
0.605
0.702
0.653
0.707
0.777
0.750
0.800
0.731
0.688
0.700
0.917
0.877
0.642
0.821
0.722
0.644
0.640
0.874
0.809
0.754
0.709
0.726
0.744
0.763
0.642
0.930
1.099
1.010
0.977
0.922
0.771
0.723
0.709
0.808
0.710
0.606
0.612
0.759
0.785
0.829
0.775
0.960
0.605
0.833
0.709
0.810
0.952
0.764
0.779
0.552
0.744
0.965
0.687
0.720
0.626
0.685
0.908
0.704
0.779
0.839
0.670
0.713
0.703
0.887
0.658
0.728
0.686
0.679
0.772
0.773
0.746
0.761
0.885
0.655
0.907
0.617
0.812
0.701
0.799
0.715
0.694
0.794
0.919
0.740
0.744
0.804
0.883
0.759
0.729
0.627
0.819
0.784
0.876
0.661
0.902
0.682
0.662
0.831
0.806
0.812
0.803
0.771
0.795
0.716
0.799
0.591
0.803
0.737
0.783
0.590
0.857
0.810
0.924
0.721
0.668
0.695
0.631
0.816
0.887
0.683
0.550
0.796
0.624
0.731
0.719
0.630
0.562
0.653
0.725
0.601
0.783
0.696
0.675
0.735
0.568
0.827
0.643
0.866
0.686
0.594
0.877
0.584
0.734
0.817
0.738
0.865
0.638
0.717
0.745
0.783
0.789
0.790
0.822
0.840
0.694
0.695
1.011
0.832
0.646
0.725
0.766
0.802
0.806
0.634
0.862
0.791
0.670
0.821
0.755
0.737
0.969
0.882
0.673
0.817
0.724
0.722
0.710
0.788
0.798
0.608
0.756
0.774
0.681
0.688
0.571
0.780
0.721
1.088
0.651
0.989
0.779
0.706
0.928
0.691
0.801
0.942
0.576
0.953
0.884
1.142
0.961
0.643
0.779
0.871
0.699
0.824
0.944
0.848
0.798
0.680
0.729
0.653
0.725
0.641
0.804
0.816
0.692
0.615
0.617
0.658
0.852
0.785
0.648
0.562
0.592
0.745
0.677
0.704
0.691
0.694
0.849
0.828
0.625
0.688
0.708
0.532
0.746
0.799
0.560
0.790
0.712
0.545
0.689
0.852
0.730
0.741
0.651
0.681
0.712
0.743
0.759
0.747
0.797
0.611
0.836
0.698
0.672
0.883
0.891
0.741
0.833
0.953
0.671
0.807
0.726
0.705
0.708
0.602
0.690
0.651
0.688
0.659
0.750
0.689
0.749
0.787
0.652
0.674
0.925
0.720
0.651
0.717
0.729
0.808
0.808
0.807
0.672
0.734
0.786
0.761
0.767
0.677
0.789
0.623
0.753
0.703
0.731
0.807
0.674
0.666
0.716
0.661
0.751
0.651
0.687
0.768
0.581
0.729
0.703
0.607
0.812
0.685
0.769
0.692
0.696
0.758
0.804
0.605
0.690
0.637
0.710
0.654
0.654
0.813
0.746
0.685
0.697
0.784
0.512
0.801
0.650
0.803
0.821
0.594
0.710
0.535
0.791
0.750
0.837
0.619
0.623
0.880
0.597
0.794
0.613
0.859
0.755
0.668
0.870
0.532
0.741
0.689
0.629
0.760
0.752
0.797
0.796
0.780
0.748
0.567
0.756
0.776
0.729
0.840
0.740
0.719
0.728
0.683
0.670
0.846
0.701
0.731
0.602
0.684
0.567
0.643
0.774
0.776
0.619
0.660
0.700
0.602
0.811
0.746
0.587
0.686
0.684
0.768
0.791
0.749
0.761
0.627
0.665
0.769
0.782
0.767
0.578
0.724
0.650
0.921
0.616
0.743
0.697
0.720
0.662
0.775
0.898
0.651
0.565
0.775
0.748
0.643
0.658
0.671
0.641
0.706
0.757
0.708
0.794
0.797
0.646
0.753
0.761
0.830
0.562
0.714
0.629
0.637
0.730
0.628
0.684
0.836
0.787
0.734
0.967
0.716
0.764
0.643
0.654
0.656
0.736
0.761
0.640
0.693
0.581
0.660
0.653
0.717
0.618
0.728
0.622
0.756
0.646
0.765
0.776
0.748
0.829
0.738
0.744
0.741
0.721
0.802
0.618
0.664
0.633
0.733
0.816
0.647
0.751
0.612
0.576
0.674
0.752
0.724
0.847
0.726
0.829
0.545
0.733
0.673
0.608
0.722
0.631
0.766
0.615
0.586
0.760
0.723
0.647
0.526
0.829
0.709
0.652
0.794
0.606
0.599
0.755
0.602
0.679
0.726
0.715
0.613
0.684
0.636
0.674
0.627
0.731
0.778
0.843
0.792
0.577
0.753
0.691
0.576
0.744
0.782
0.695
1.010
0.537
0.691
0.652
0.667
0.609
0.622
0.726
0.900
0.692
0.694
0.764
0.706
0.672
0.545
0.830
0.798
1.031
0.657
0.798
0.942
0.721
0.787
0.824
0.738
0.695
0.701
0.652
0.602
0.822
0.741
0.824
0.563
0.702
0.762
0.778
0.635
0.738
0.761
0.836
0.782
0.894
0.595
0.708
0.698
0.668
0.579
0.832
0.710
0.738
0.779
0.777
0.650
0.721
0.830
0.809
0.696
0.831
0.892
0.802
0.690
0.867
0.703
0.787
0.661
0.649
0.702
0.754
0.681
0.747
0.686
0.672
0.824
0.602
0.611
0.729
0.736
0.645
0.706
0.777
0.716
0.583
0.792
0.760
0.732
0.621
0.658
0.812
0.647
0.744
0.709
0.813
0.819
0.628
0.601
0.580
0.748
0.859
0.682
0.612
0.671
0.674
0.898
0.757
0.691
0.607
0.646
0.726
0.634
0.811
0.728
0.644
0.631
0.663
0.729
0.752
0.802
0.486
0.719
0.638
0.647
0.820
0.735
0.833
0.704
0.610
0.799
0.817
0.894
0.627
0.715
0.794
0.770
0.763
0.703
0.741
0.710
0.794
0.671
0.757
0.581
0.811
0.806
0.886
0.785
0.660
0.644
0.664
0.565
0.562
0.500
0.705
0.811
0.782
0.619
0.821
0.764
0.853
0.713
0.647
0.887
0.690
0.763
0.676
0.676
0.966
0.800
0.592
0.706
0.594
0.630
0.658
0.671
0.725
0.717
0.673
0.767
0.769
0.592
0.852
0.583
0.727
0.615
0.620
1.020
0.921
0.787
0.878
0.670
0.669
0.939
0.717
0.638
0.705
0.761
0.663
0.717
0.584
0.810
0.853
0.676
0.796
0.649
0.595
0.679
0.556
0.659
0.653
0.638
0.675
0.722
0.714
0.651
0.831
0.710
0.732
0.733
0.657
0.781
0.985
0.789
0.674
0.607
0.770
0.711
0.612
0.624
0.672
0.662
0.608
0.729
0.596
0.741
0.870
0.604
0.836
0.689
0.779
0.794
0.649
0.685
0.641
0.634
0.870
0.692
0.642
0.721
0.697
0.730
0.827
0.694
0.671
0.615
0.828
0.797
0.653
0.717
0.859
0.659
0.659
0.734
0.827
0.597
0.599
0.695
0.708
0.702
0.802
0.610
0.924
0.758
0.747
0.980
0.761
0.694
0.858
0.686
0.760
0.589
0.696
0.612
0.758
0.863
0.763
0.571
0.720
0.725
1.037
0.957
0.720
0.745
0.702
0.723
0.738
0.949
0.806
0.703
0.507
0.748
0.715
0.719
0.604
0.661
0.894
0.664
0.603
0.845
0.830
0.745
0.725
0.786
0.715
0.727
0.683
0.674
0.660
0.706
0.787
0.769
0.747
0.685
0.717
0.773
0.690
0.719
0.681
0.618
0.707
0.815
0.720
0.632
0.650
0.727
0.820
0.676
0.588
0.728
0.794
0.786
0.806
0.719
0.662
0.687
0.636
0.778
0.756
0.722
0.755
0.776
0.626
0.766
0.615
0.637
0.868
0.790
0.776
0.614
0.813
0.800
0.669
0.836
0.621
0.884
0.834
0.921
0.641
0.769
0.818
0.643
0.752
0.820
0.605
0.666
0.714
0.718
0.856
0.643
0.651
0.649
0.802
0.696
0.811
0.598
0.780
0.729
0.785
0.790
0.806
0.655
0.582
0.690
0.606
0.847
0.876
0.614
0.585
0.680
0.852
0.609
0.709
0.589
0.727
0.784
0.794
0.645
0.928
0.661
0.738
0.697
0.661
0.771
0.809
0.574
0.537
0.824
0.576
0.842
0.570
0.633
0.677
0.706
0.588
0.677
0.696
0.724
0.772
0.875
0.767
0.784
0.775
0.712
0.698
0.759
0.679
0.685
0.577
0.898
0.739
0.541
0.876
0.713
0.542
0.725
0.740
0.768
0.777
0.860
0.794
0.684
0.771
0.702
0.690
0.698
0.825
0.708
0.847
0.824
0.691
0.596
0.704
0.693
