1236
1110
1062
1008
1218
1536
1656
1680
1794
1890
2064
1680
1968
1608
1758
1710
1362
1614
840
654
96
90
66
78
72
78
132
168
270
150
162
372
564
228
102
348
252
126
96
132
162
324
624
774
1008
1212
1326
1806
1404
1926
1716
918
834
1362
1044
1128
876
738
744
702
720
924
828
1032
648
930
804
978
1422
1182
1266
1128
1458
1992
1578
1494
996
1020
1734
1704
1812
1602
1254
1236
996
1824
1614
1758
1650
1602
1740
1722
1632
1704
1836
1866
2736
2088
2430
1650
1494
822
510
480
492
648
954
786
474
336
132
84
210
150
150
312
666
546
846
822
1080
1446
1140
774
822
786
768
192
156
444
516
354
660
702
780
702
708
732
672
972
1452
1140
1008
1674
1350
1278
1110
762
684
882
774
762
906
906
1008
1008
666
1002
624
912
786
750
1260
1002
1494
1704
1602
1968
1284
1242
906
744
738
834
1026
1500
1362
1380
1284
1152
660
636
738
786
768
990
1236
1386
1116
1242
1410
1476
1656
1758
1476
1728
1098
1068
1266
1530
978
606
786
900
924
1038
882
1158
1554
1914
1428
2220
1854
1956
2472
1722
1914
2082
1482
1806
1884
2202
1548
1824
2064
2280
2094
2088
2388
2256
1986
1632
1896
1746
1680
1410
1512
1434
1290
1464
1494
1770
2202
1902
1602
1554
1674
1770
1254
1446
1296
1536
1824
2130
1704
2010
2292
1848
2268
2418
1944
2496
2154
1536
2028
2526
2262
2412
1992
2064
2442
2466
2478
2334
2280
1902
2256
1506
1590
1854
2076
1986
2610
2994
2214
2622
2460
2454
2256
1818
2118
1848
2328
2076
2406
1932
2226
2352
2208
1926
2496
1722
1710
1980
2070
2172
2298
1770
1188
1326
1632
1626
1674
1422
1752
1380
1734
1632
1422
1548
1290
1452
1614
1512
1878
1632
1704
1992
1614
1770
2130
2070
2790
2202
2358
2130
1998
2178
1992
1380
1722
1554
1884
1806
1770
2166
2166
2196
2586
2652
1722
2490
1968
2400
1842
1656
2328
1818
2784
2406
2784
1872
1986
3024
2022
2340
1554
2514
2148
1836
2112
1266
1884
1944
1800
2574
2322
1956
1566
2016
1878
1350
1596
1398
1452
1482
1176
1128
1248
1536
1776
1878
1416
1500
1230
1254
858
1014
948
888
702
804
1242
1086
1866
2484
1842
1782
1914
1680
1488
1908
2310
1860
1818
1512
1644
1890
1386
1602
1428
1962
1356
1770
1530
1416
1038
1344
1650
1416
1170
1392
1392
1326
1194
828
576
582
564
378
456
486
330
168
714
1086
828
1134
1044
1098
1098
792
402
144
144
516
882
378
234
414
216
342
420
522
414
726
822
834
756
780
438
384
132
420
366
420
660
606
564
576
486
264
132
138
360
204
294
576
738
762
1326
1140
816
822
726
702
630
630
684
132
162
270
192
504
756
1296
1134
1218
1614
1620
1572
1422
2526
1764
1404
1854
1800
1920
2634
2052
2082
1830
1638
1284
1182
1446
1440
1416
1152
1062
1098
1050
696
1044
1044
1110
1146
1356
1134
2016
1146
1626
1392
1134
972
846
1068
1092
732
810
480
168
198
66
144
288
660
600
840
708
480
690
984
1158
1164
1032
546
216
294
498
600
582
534
462
276
276
132
372
774
768
684
84
114
162
162
252
306
138
348
180
138
186
402
582
366
96
150
390
528
420
672
420
336
198
96
150
408
552
600
498
624
720
456
120
222
468
330
348
306
504
498
942
990
942
870
954
1410
1134
924
876
930
702
180
84
66
186
318
252
342
444
300
318
606
792
852
762
594
360
702
900
822
786
516
438
1038
936
486
858
648
708
876
612
1032
1068
846
1290
1110
1326
894
984
1386
1458
1254
696
456
198
486
426
750
792
1116
1698
2046
2184
1764
1848
1458
1380
1086
882
930
1194
1164
792
900
690
636
840
858
1014
840
666
684
966
1626
1296
984
1254
1122
1194
1452
1422
1752
2046
1812
1614
1878
1620
2292
1776
2346
1998
2088
3012
2586
2466
2748
2034
2040
2760
1974
2220
2466
2616
2256
2424
1944
2646
2988
2232
2514
1608
1368
1530
1248
1554
1350
1218
1044
1080
822
978
1170
1290
1476
1356
960
906
984
690
552
498
318
186
132
78
252
96
138
366
516
660
468
180
534
642
744
546
672
984
984
918
1326
1164
1206
1194
1236
1278
1164
612
228
414
690
642
450
162
162
312
156
174
504
384
252
678
690
720
1152
1110
1482
1134
726
600
648
834
1014
978
888
630
618
384
666
1272
984
810
828
534
438
570
324
510
522
540
528
732
816
852
384
804
624
564
516
606
528
318
150
300
366
306
336
210
426
492
576
546
552
228
300
648
744
732
1122
1356
1206
1434
1404
960
1134
1392
1386
1014
1200
1470
1878
2010
1950
2376
2778
2598
2826
2382
2070
2112
1656
2262
2082
2136
2262
2010
1380
1524
1404
1494
2628
2802
2556
2064
2436
2340
1998
2616
1566
2370
1632
1848
1194
1320
1254
1080
1098
1302
1182
1386
1332
1458
1656
1248
1476
1272
1434
1020
1080
900
1338
1500
1824
1854
1956
1464
1074
1032
816
1158
1260
1152
906
1176
1380
1038
1020
942
1056
1182
1008
936
1314
612
372
438
324
210
294
216
174
114
144
198
108
114
162
414
456
510
876
822
900
1188
978
1050
1290
792
306
126
114
114
234
582
588
336
510
258
522
792
834
708
468
354
456
384
414
684
756
936
756
456
1092
1260
810
588
894
900
