108.823
97.638
101.466
107.782
86.959
87.727
99.338
108.755
100.457
99.433
99.959
87.402
99.809
107.970
108.849
111.175
117.928
99.390
111.039
101.626
97.158
98.400
108.900
108.563
88.486
98.838
116.677
96.908
100.215
97.876
98.367
108.181
98.662
97.138
109.766
107.361
106.891
107.644
109.231
109.108
117.942
98.872
123.068
117.086
107.570
98.363
91.939
109.789
96.592
98.557
97.739
108.116
110.301
100.136
97.932
98.196
99.426
119.817
110.542
108.454
110.239
116.274
99.754
109.601
99.258
99.122
107.513
110.275
86.256
109.784
110.453
106.411
110.151
97.951
99.245
110.459
107.243
114.755
109.541
110.599
98.274
106.266
107.927
88.675
117.140
107.550
109.496
99.459
109.648
98.947
88.202
106.888
97.007
98.677
109.544
116.918
101.302
110.836
107.034
99.787
98.395
99.766
107.506
108.856
98.858
107.905
88.321
97.463
108.324
98.197
97.754
108.939
109.269
99.760
106.809
99.426
88.579
88.997
108.761
110.935
99.163
97.973
98.361
118.985
89.637
108.221
109.406
110.042
107.853
94.959
99.993
100.388
98.373
99.685
98.265
97.086
100.664
108.535
110.180
109.048
98.488
106.287
99.084
99.209
109.081
119.945
109.713
106.619
108.744
99.633
97.681
100.687
98.119
107.526
108.308
109.743
120.485
111.152
113.419
108.247
107.326
108.843
101.343
109.410
98.483
109.842
106.869
107.845
108.486
99.415
107.334
99.337
110.117
107.602
108.532
97.754
108.069
98.325
109.244
107.754
108.914
100.721
97.723
108.312
88.700
110.286
117.300
87.298
88.040
110.910
100.611
119.018
100.198
117.475
98.456
118.752
98.581
109.139
95.517
98.066
109.620
90.394
98.894
107.681
110.473
99.326
99.714
100.046
96.907
98.234
109.111
97.128
120.134
97.920
109.115
107.633
98.863
97.919
101.680
89.298
96.598
97.643
120.907
99.381
108.210
109.376
110.919
109.233
110.676
89.859
98.710
98.364
110.107
98.964
96.363
99.421
109.186
88.085
97.973
118.069
111.848
109.586
108.210
110.421
98.364
98.962
110.235
110.495
120.770
109.841
110.352
119.222
98.833
87.769
100.122
108.684
98.296
120.156
87.541
99.695
87.975
99.397
109.038
108.522
90.244
89.370
108.173
90.170
108.378
88.641
98.260
99.008
129.237
97.807
98.631
110.455
101.225
109.102
99.856
109.248
110.813
97.428
107.532
100.066
98.942
97.929
100.362
98.955
100.425
113.236
107.450
99.468
97.580
108.339
106.117
111.105
98.827
97.951
98.789
98.472
100.396
95.286
89.229
108.566
98.514
96.569
98.372
98.499
99.972
125.770
110.665
88.152
111.579
101.308
99.549
120.035
118.790
110.884
108.652
96.970
108.358
110.235
109.588
108.877
108.078
98.046
108.727
110.306
120.286
111.909
109.460
91.230
98.340
98.325
98.826
111.191
97.973
119.840
109.002
98.543
121.058
89.343
97.982
110.508
109.805
117.144
109.026
98.730
120.608
99.757
109.703
109.836
117.422
108.196
99.222
90.787
110.381
118.252
111.289
110.995
99.283
101.037
97.409
120.992
98.319
97.108
102.829
109.425
100.041
96.914
99.215
111.982
109.657
98.939
96.656
110.694
111.102
119.407
98.955
100.409
97.628
107.104
110.255
109.443
89.314
110.288
120.239
101.201
109.409
99.343
112.133
98.624
116.784
99.669
89.296
101.506
107.838
90.567
108.189
110.458
108.041
91.134
100.087
88.578
110.328
99.506
117.356
99.451
98.289
99.003
108.922
106.460
99.019
98.175
99.821
90.585
110.484
100.939
110.703
111.595
99.626
109.289
100.155
98.526
109.424
121.174
99.362
119.560
118.549
110.517
118.200
119.208
109.837
101.318
118.309
112.346
99.445
101.224
100.033
100.892
99.929
100.252
99.071
108.268
100.515
99.486
110.049
107.519
99.063
98.639
99.085
87.838
97.745
90.589
99.375
111.558
90.450
88.389
98.650
100.017
111.431
87.502
101.770
99.651
117.999
99.077
99.198
119.700
127.016
121.356
111.520
109.283
109.233
99.265
111.729
129.882
110.954
108.774
90.132
109.394
96.288
98.592
108.329
100.091
98.493
107.350
101.294
107.872
99.955
107.410
112.197
99.204
109.738
111.170
100.063
110.159
109.134
110.618
109.803
97.710
108.750
89.844
99.732
120.252
100.755
98.999
99.143
88.334
108.244
99.420
120.269
98.251
98.381
109.199
120.584
111.310
97.731
110.429
107.905
100.766
100.021
100.656
110.505
109.001
87.760
109.882
96.772
97.606
108.589
88.405
110.550
99.887
100.481
119.117
90.112
99.855
99.677
110.171
109.705
99.356
109.302
121.171
97.521
98.282
100.172
98.633
99.932
98.252
110.123
112.118
101.866
100.777
106.810
108.491
98.402
119.633
99.071
124.433
89.841
110.326
88.692
99.006
99.170
99.322
111.422
119.530
98.005
90.338
88.848
100.018
130.142
99.288
109.934
109.597
100.829
110.761
99.516
100.999
113.258
110.790
119.101
107.867
109.522
98.123
106.911
100.051
112.382
110.414
100.120
109.887
110.111
88.888
119.755
99.203
122.630
109.871
110.863
108.848
96.980
96.095
100.622
99.569
99.554
88.744
99.726
99.248
121.134
110.646
109.230
131.025
88.350
97.927
110.998
98.435
98.276
110.673
110.269
99.075
98.927
119.180
99.434
100.315
101.507
100.228
100.057
109.844
89.534
110.256
99.644
97.299
91.302
100.868
108.944
99.659
102.687
97.799
122.222
109.088
110.828
89.992
99.514
121.132
99.960
100.578
113.384
99.275
107.983
99.100
99.500
101.124
99.711
111.399
122.301
100.325
111.104
97.946
109.282
100.528
120.625
98.470
99.491
100.225
120.198
100.086
91.618
99.778
109.694
100.350
100.724
120.293
99.856
100.656
101.689
98.456
99.121
108.621
119.605
111.254
109.167
100.744
91.784
100.129
97.671
98.963
100.000
99.240
111.624
98.588
110.266
90.183
99.574
99.955
109.403
118.661
99.995
99.242
112.270
109.124
98.866
99.894
111.060
88.581
90.006
98.414
110.002
98.674
107.887
98.434
100.355
111.400
120.838
99.020
101.711
100.479
99.150
101.037
110.190
109.230
98.256
100.842
101.914
87.950
99.272
111.629
89.431
119.471
101.814
110.230
109.249
111.197
109.262
108.869
107.717
101.178
107.445
100.046
99.535
99.589
110.349
99.187
109.696
98.432
110.993
91.203
95.735
100.600
100.208
99.569
111.921
98.149
110.119
107.598
110.879
91.076
109.562
108.186
109.788
101.558
98.092
111.601
89.612
109.357
101.024
128.641
100.930
120.272
99.073
120.209
110.728
111.051
98.835
110.202
100.481
110.500
99.549
100.902
121.684
111.085
111.243
121.630
97.561
101.310
119.300
109.088
100.215
109.364
110.386
98.230
110.077
101.556
99.914
119.386
111.504
110.142
122.068
100.340
100.281
99.961
98.869
99.755
121.120
111.167
108.424
99.672
98.772
101.143
88.209
98.616
99.268
99.989
98.128
98.920
88.331
109.243
111.397
99.793
121.042
100.025
109.697
98.861
109.548
120.987
112.462
112.487
108.075
99.425
100.487
109.662
112.253
128.198
108.553
110.451
111.238
98.920
112.878
89.864
109.860
100.523
100.399
109.821
99.882
99.921
112.065
99.788
101.188
97.823
109.924
109.903
99.688
110.282
89.165
100.531
97.681
119.906
110.054
99.052
98.863
109.614
111.504
89.811
120.586
109.545
111.617
91.549
98.972
89.258
101.436
101.777
99.667
112.067
88.461
110.209
98.943
98.292
91.370
110.978
100.567
118.607
99.913
112.051
98.974
108.308
100.827
100.405
98.776
108.616
112.423
101.361
110.368
110.006
100.565
109.215
97.974
100.630
89.005
120.777
99.723
109.555
99.370
109.286
112.073
99.325
98.970
99.344
107.949
107.237
98.849
99.277
90.233
110.268
110.084
99.733
89.524
101.419
121.756
99.246
101.418
100.803
99.961
111.796
99.074
120.828
101.053
101.973
100.552
89.320
109.818
98.273
100.780
98.204
111.638
119.361
102.011
121.894
102.156
110.983
99.493
120.100
110.841
98.991
100.639
110.669
130.633
100.081
111.587
110.046
119.340
112.211
99.398
108.270
100.569
112.077
109.897
119.847
110.592
120.130
109.460
99.903
108.767
109.006
111.128
99.315
120.383
120.205
102.316
118.982
109.952
108.709
120.595
120.243
89.963
90.076
109.820
111.096
99.231
102.552
101.072
88.415
107.955
111.778
101.061
111.085
109.645
111.450
99.812
99.946
99.028
115.737
109.379
100.358
111.266
101.022
100.918
100.070
110.929
98.186
118.594
110.403
98.374
101.950
