13.981477591036413
16.50650428003369
14.685328517371856
14.112826797385619
13.433864071944562
13.562856897144814
12.144281045751631
15.368923478482298
14.91952606217312
16.93847867818456
13.63738687782805
15.267405878435287
12.792401960784309
12.264454641505715
14.547794117647056
12.931426605730003
11.468382352941173
13.580882352941172
12.848691047738695
15.349876022670133
15.587321257174198
12.966877979261872
13.66444542729372
12.63747112880239
14.551225490196074
13.398092043835067
15.034918757712875
12.24588001867413
12.888432478254447
13.412901125362426
12.237920168067223
12.774778244631182
13.422484520123835
13.9015522875817
13.975700280112042
14.792577030812323
16.321124708624698
12.232960464887702
13.02870462870462
12.385959383753498
14.569569401187042
12.073109243697475
15.168174717439419
15.099332040508505
14.374859943977588
14.7410986888928
13.137242002063974
12.760311317509455
12.746673669467786
13.072549019607841
15.219957983193273
12.293124355005151
14.570553221288511
14.111029411764703
14.54577628254099
14.475495582848518
12.615064008059358
13.651330532212882
14.153291316526607
14.127521008403354
13.733578431372543
12.348635068062308
14.629999412352355
11.810745614035083
12.819362745098033
13.863235294117644
15.337336601307186
14.0282034743722
13.187336601307187
12.612605042016805
12.647418177797435
13.576461773520595
14.050863678804852
14.083891353744294
13.928530271757822
14.436318093671035
14.242146578911283
16.30081389199036
12.034480809867802
11.950346454371218
14.093119788708025
15.389527384380322
13.853594771241825
13.631750945992426
13.455718954248361
13.69035947712418
13.286284338296719
12.832203056661259
13.268017848164902
13.117974079583984
12.96616602781463
12.20955882352941
13.15962025160941
14.73020459932224
13.635461202024663
13.540492840492842
14.137289181406826
14.161536992419343
12.647702589807844
13.211986461251163
14.565569561157794
12.061240724359909
15.057083602671836
12.32493795763919
15.23609772580361
12.713395007125655
13.573302432861253
13.959585237603806
11.543919848641202
12.342535259717916
14.132457983193275
12.02570028011204
13.534313725490193
13.792279289338108
14.248730681083615
14.323294352706116
12.16490368077055
13.132401469359667
11.495529878618113
14.064331991537877
13.122058823529406
12.774346405228753
13.692504309416071
12.787336601307183
12.320521892967705
12.665444011612738
12.874813258636786
15.843606393606391
14.839433605610074
15.642756508197687
15.96053056420703
15.135917513858681
14.665849101878512
16.03474189209483
12.427542117325398
13.21285014005602
16.584918757712874
14.816230093435971
13.441584967320257
14.539133986928102
14.116573295985056
14.23699274581627
14.480340737693675
11.92879871246744
13.667401960784312
14.246056884292171
14.425788182405832
12.979084967320256
13.705264669970541
12.728087375301
14.819035947712415
15.513483575248282
13.739548196901136
11.816131628089819
13.10591920978918
14.668453360365126
14.665991198344134
14.900621192532952
13.099754901960782
16.544424203247722
12.785294117647055
12.6328431372549
12.585287261757848
15.334313725490192
12.758287262273322
13.448144257703078
13.56035431716546
12.547446434714228
15.687000744353686
13.825709494324038
14.187995724605623
13.290617475060193
13.790441176470585
12.549424642265189
15.281775087657435
13.79103910795087
16.30313607960667
15.236091114767582
13.937235803412275
12.737184873949573
14.385687841570194
14.770456259426844
12.891386554621846
12.739087524962137
13.291362597670638
13.497875816993462
12.457026143790845
12.514337313872911
14.689091790562369
15.491564807741273
13.16162464985994
13.231985364996191
12.84029436335937
15.387686170039112
15.017299612152549
13.879003267973852
13.886542950513537
14.043052290846406
14.664376554817729
13.186136910904708
13.794631409182482
11.342589316428322
13.081372549019605
15.294847309553194
13.890270758653108
14.475424820277764
13.736705344019583
13.639968180254554
12.666156199321826
13.44287434271954
12.22837930043812
14.357598039215686
13.389352314352312
14.410863401304576
13.703213698066635
15.557219496190076
15.53993579949462
13.137511997806115
11.987466828836794
13.70632472103061
12.962254901960783
14.132101150483502
15.414026904468079
13.783485387161853
11.819886726620467
13.087091992974344
14.945315468844875
12.074404761904756
11.70377536979704
14.480637254901955
12.438448449555253
12.956570347437214
13.036846405228754
13.718599808344392
13.3987969546793
16.16454378954379
15.672818358112478
13.420915032679734
13.293382352941174
12.55852376038134
13.41225490196078
12.742450488967515
14.193732492997196
16.502057256469016
13.204493464052284
14.083578431372544
14.658928571428566
13.979540149393085
13.384523809523806
14.912515915457094
14.667022193492777
11.740548675610588
14.13812217194569
14.962927840133718
14.584681250122424
14.156617647058821
13.774387622181738
13.500412087912077
13.92850140056022
12.91083591331268
12.949346405228756
14.031395891690005
15.604570919276801
12.105392156862743
13.475245098039212
14.269117647058822
13.014705882352938
14.188515406162459
13.056928610605084
14.514180672268896
14.162033146591966
15.844682686594448
14.150339697282408
13.847332792766224
14.630090008031182
14.592973856209145
14.334558823529408
13.83016836105071
14.34403145873733
13.310037348272637
13.41380718954248
14.710259103641453
13.284898353280695
15.989950980392155
12.017444960440308
14.086130780983716
15.1338543809132
15.329136794577966
15.914700495582844
13.788652768799821
15.39482723159193
12.9000700280112
13.603839869281042
11.431292078234792
12.01384343210968
14.73310708898944
14.320374723315897
11.72378003833111
15.232067197508373
15.504733501792325
13.736134453781508
13.261939775910358
13.380628654970753
12.994312374072429
12.944607843137254
16.002451225245345
14.976680672268904
11.208610988254947
14.266657607098782
14.802386339151033
11.97659612489333
14.594689542483659
13.549048500519085
12.958006535947709
13.111679544225982
12.488310850656044
14.600190985485103
15.252415966386549
12.919978868740472
10.630520764924778
13.970588235294114
14.56276509438274
13.298200084229496
11.099754901960782
12.217511917047524
14.20326217899747
11.982987493242904
15.560702614379077
14.426354527825115
14.444362745098035
14.750744353685526
14.622745391863033
15.331256162138512
14.971160130718951
12.021313086638159
13.737336601307183
13.903676470588232
12.771813725490196
14.947549019607838
13.972988453754695
13.052777777777772
15.87264239028945
13.470833333333331
13.326143790849668
12.691400068799439
14.15486547765959
13.28097441773912
12.227734387215806
17.080385545826715
13.333194501576854
14.345888996624284
12.244508329647646
12.473237014103885
14.316296203796199
12.310090176421445
14.879026610644255
14.75345283801166
15.225967414938
15.469561076178724
13.413533220305665
13.159585851884602
13.468218954248362
14.196645266498203
13.650230161994859
14.30509245656304
13.663374344953285
11.409533023735804
14.494341687724047
14.55619723413841
12.893568686215742
13.076719371959303
11.732869929348247
13.522646913629881
14.466138763197582
14.967172288495812
13.265326305960976
12.47445144724556
12.859809450095824
13.040500761708186
13.436519607843135
13.48102118040198
12.789004373679292
13.944263008233591
16.66659174159173
14.8595992243051
14.181886087768437
13.676470588235292
13.457451840385271
14.541127744804212
12.771419357216562
14.300304352510228
14.043492781728077
14.826406436700552
13.500656941098114
14.25816993464052
12.89048110472259
14.994227830992536
14.316666666666663
15.49666754813813
12.657882283694974
14.951432635991456
12.204143323996261
13.597606147722244
12.281148950808385
14.85235793618146
13.48227247039166
12.975326797385616
14.765093974652792
12.231197478991591
13.030573983979554
14.923937908496727
12.75220588235294
16.240823637147162
13.440196078431368
14.698251993104936
13.324711902304774
13.62928645142267
13.295641063442915
12.587418300653589
14.353431372549014
13.118464052287578
12.637827858416093
13.535281217750255
14.28733154100801
12.638235294117644
11.604963388864313
12.995829871023364
14.726266054207231
14.582961401343752
12.767111405965894
11.655806182121966
16.45000440735734
14.688084954261425
14.80027619439384
15.19446778711484
14.453810894987358
13.866451195862956
14.454671553936253
15.255424477483299
11.980508255933946
13.471220446220443
13.97343906093906
12.215221878224964
12.899541132242367
13.46437908496732
12.649966828836794
12.304454764361886
14.38132039529098
13.98321678321678
12.928253231117006
12.973498697724693
12.2610079119367
15.071293657323066
13.572303921568627
13.936788048552753
13.683496732026141
15.556287584964053
13.671323529411763
12.887314156431799
12.736549707602336
12.454093567251455
13.298692810457514
15.031127450980389
14.719298245614029
12.237056489262365
13.82892156862745
12.683333333333332
14.371348994143109
14.16175050439756
13.994275658981536
13.578775369797036
12.739986608678551
13.505017041781743
13.579166666666666
12.917892156862743
13.922227772227766
13.168592436974786
16.62254551004551
14.010702614379083
13.528775369797037
13.920167332667328
14.487914351730135
13.234821121431022
13.592320261437909
12.741748366013068
14.29566993464052
14.328841991341982
13.37448801198801
14.370755470020173
13.203513071895422
13.665791316526608
13.588550420168064
12.584924320605431
14.548117229347872
15.95919839963957
13.944230769230764
15.007510871481465
12.113051233252467
13.460539215686273
11.576952184382524
13.079285665315075
15.437567987567988
15.068924213041857
14.70024632230514
13.829858866623562
15.649155501361381
12.473106172293473
13.881582633053217
13.456227106227095
13.411470688753967
13.533088235294116
13.3063092780972
11.638650547938468
13.95603408029878
13.309313725490195
12.77449628974396
13.231485576686806
14.645943027560667
13.413235294117644
12.776569487444096
13.01334033613445
14.574808524808523
13.540441176470587
13.56606573251309
14.230851991146112
13.120520664406108
12.462676298589601
14.17083333333333
15.833012085953264
14.32992530345471
11.613253722541645
12.645471521942104
13.445833333333326
13.541748366013069
12.861899375134664
12.14709445181581
12.413235294117644
13.213405058993287
15.302372627372625
11.722467320261437
13.586586942469292
14.253676470588232
12.644114219114215
15.82016978119919
10.945235638114887
12.268003955968343
14.167075163398689
16.290953572571215
13.351820728291312
13.323851148851139
12.782209457209456
14.198089410589407
12.088082952479226
13.16006621947024
12.633298319327729
13.055159344439524
15.15926646882529
14.286410893028542
12.810565015479872
13.155018897511148
13.048918865791931
12.311994446901567
13.764834713789817
12.77276217504546
13.174672588333578
14.118554729584137
14.815056022408958
12.01456582633053
14.469170943435644
12.741202270381832
12.913852032040882
16.536489898989906
13.400137281019635
15.469172494172494
12.206300063885196
13.810648909913606
12.654928989139512
13.050250626566415
14.41631236410648
14.111465005582652
12.578256302521007
15.544111525729171
15.581360306360299
16.016908091908086
13.555377955377955
14.304785247432301
12.178826969384238
12.505392156862744
12.678833726473039
13.186951447245564
12.052696078431369
13.349264705882351
14.359313725490194
12.94213597719789
13.305379871246744
14.890640405346282
15.181605159546331
14.359844322344314
13.717507002801119
12.147936016511862
15.115274676304084
12.051681286549698
14.698982390158859
14.892066267066266
14.410672170966288
12.058794658214158
12.942075163398691
15.105742296918764
13.591444911297849
13.345250604228923
11.30202528379772
14.302065826330528
13.590492105933281
14.865833431274611
12.797703818369447
12.964075015971297
12.25423239471226
13.213251879699241
12.35812079217651
14.722082819141644
12.07187085360459
13.660858993947222
11.662220502235977
13.765161064425769
15.546317571317571
14.345067432567438
14.594236645707232
14.743290043290038
12.872391905480134
14.04753285929756
12.756043956043946
13.358274976657324
15.054406133082601
14.805035895477067
12.671778711484592
12.971173924115094
13.09968218056453
12.208018207282914
15.034240024681202
15.550164214870103
13.27436053368715
12.635262175045456
13.893000871677337
13.100262297901613
14.348284313725488
14.910685148185147
11.949851958327184
12.712499999999999
12.272756646518252
13.20365497076023
12.94079131652661
13.68084733893557
12.911993832620762
12.935423730895868
15.07721322794852
12.204686979686983
14.317983731954316
14.233274976657318
13.111192973692969
13.330572141137148
16.6152847152847
14.438752913752904
15.57665471783119
14.063290386084505
16.63680486180486
14.481533172709645
13.69940925087983
14.121732026143787
14.953186274509802
13.627450980392151
12.805147058823527
14.675980392156863
12.82205882352941
13.23532544596786
12.825921421200059
11.044182146542825
11.872735146690252
13.444221954516069
12.764950980392154
12.5359943977591
12.543532851737176
13.726470588235289
13.989198546551485
13.048810138090314
14.872314450255626
12.14634011499336
14.8977688977689
13.515347152847145
15.243569420775305
13.159967320261435
12.871977124183005
14.090528404344186
13.757159507159503
13.383056292692505
12.27649208806329
15.12924722336487
13.978178903140195
13.089052287581696
12.548386662357249
13.979820179820175
12.669575522516691
13.317915662768604
13.191094771241824
13.044068431568428
13.343383581502772
12.75757307707771
13.01074660633484
13.616444911297851
13.828616271069828
16.42258378876026
14.34498344792462
13.407729770229766
13.81613347093222
14.02492997198879
12.956684981684978
14.729947013770538
12.829656862745093
12.842839552088778
13.404359159931916
15.495221445221445
12.537499999999998
13.4311798495622
15.106682288299934
13.048622782446309
14.256337535014001
13.105310457516337
14.099128567510911
15.645526777144427
13.10537434271954
13.145420536635694
13.158333333333331
14.20556037100155
13.791304855275438
14.613777154218326
13.069079939668175
16.156513992543406
15.82175406293053
13.015717615717614
13.528806242776824
16.13287056081173
12.107477640178873
16.17172035480859
13.822504946034359
11.548891837436727
14.525737252943133
11.644854169738064
11.912989581797625
13.85443331178625
13.78310023310023
14.87999476014182
14.543672993672986
16.18016175001469
13.50617413632119
14.188095238095233
15.212499999999997
14.149206349206347
14.759401138077605
14.902661064425766
13.386214310285508
11.938460120890458
13.354166666666666
13.789712983095333
13.939892623716148
12.63471915081822
14.145833333333329
13.624084249084241
13.063176086898986
13.84834697036709
14.382190358660946
12.13402132782937
13.551440488476088
14.022712418300653
13.597303921568624
13.995996732026143
12.911646686646687
11.85797766475011
13.695343137254898
14.045395535836715
13.681127450980389
12.483393532851732
13.824611160253564
13.032679738562088
15.327955867661744
13.262846454371214
13.795512820512817
12.713020295837625
13.111624649859941
12.718872549019604
15.31205461205461
13.902763902763908
13.31039377289377
13.028055278055277
13.61440250925545
14.774329836829839
13.626715686274506
14.540919864449268
14.718265068265067
14.01519607843137
15.286101398601389
12.831197478991594
13.72540849673202
14.988311769929416
16.06894502556267
14.441475191475192
15.842486679986678
14.04712885154061
11.838660990712064
12.770515582628578
15.147040459540461
15.774945152886323
15.258065219094625
15.97708786311727
12.708268833849324
14.461284548784539
12.08564425770308
13.42549019607843
13.064546238075648
12.39859044893874
14.164040616246496
15.654822383498846
13.848118548118546
13.689031780053446
14.256906973315632
14.197140522875815
12.66933694530443
13.172338935574228
11.649511032483165
11.804842740678648
12.574036807705534
13.68434873949579
16.659076870841577
13.630555555555553
13.105142144577123
12.169309302668438
16.097504456327975
14.059092193496213
14.979086354821648
12.976328912745316
14.897505190887541
13.162599655246705
13.890317706029782
14.294048108753985
13.407711904538521
13.747803946139863
13.88606809856809
13.973971126912303
13.934933448904035
14.819467787114844
15.3480073847721
14.378761189790596
12.935422502334262
14.307548007548007
15.143743756243754
11.294117647058824
13.163382330603682
13.450316354612015
16.679541047188106
13.880889861772209
13.285317460317454
13.571486928104571
13.018131868131864
12.312044817927164
12.491949850115478
13.878220674234601
13.298241314069479
14.859558823529408
14.803227164991867
13.192666715809127
12.149686102511177
12.533788515406163
14.81163836163836
14.191557462145692
15.28433233433233
12.894933497874671
13.393885448916402
14.383268833849325
13.31070261437908
13.341246498599435
17.16848617069205
12.871813725490192
11.78598433300445
13.292110177404298
12.100859993120048
14.498352872617575
13.340301120448174
14.854297091797095
15.477007796125434
11.879598506069092
12.422794117647058
13.678246083122234
13.874754901960781
12.21034948304264
14.415679173767407
15.447327182621303
14.256765048676808
12.72201891246009
12.72031733746129
15.41339200015671
13.713235294117641
11.909812521499823
12.857196299572454
15.09283559577677
13.059877020983826
12.747630718954245
13.627341775871189
14.28791714821127
12.806722689075624
12.731891002014837
12.48939075630252
11.186009140498303
12.687499999999998
15.614869281045749
13.680179379444082
14.370662670662671
12.7027445593622
12.937861403302575
12.033518231854138
13.029411764705879
14.268629409805875
15.28928963193669
13.465220035382561
14.910539215686274
15.073772061272066
13.975
15.366036414565825
13.528854478854477
15.672746126422597
13.88391321440856
11.831372549019605
13.6004995004995
11.89724495061182
14.679266811619746
14.311255411255416
12.836847633790347
13.018224667489374
13.126404245908876
11.825245098039213
12.647490662931835
12.67787114845938
14.980436475289421
12.217842400117934
14.043522408963586
14.847303921568626
14.280672268907557
15.643242296918768
13.052310924369742
14.987712287712279
13.251621924686937
13.447373949579827
12.54883962356872
14.498338834368244
13.063320679148841
14.905745643245636
15.343056943056942
15.268207038059973
13.869607108577693
12.981725287955934
13.31453668880139
15.438748832866475
12.554811047225906
13.078366258784207
12.9422268907563
14.854937709349471
12.984418767507
12.842755786525133
12.264397513391316
13.877929505135382
14.908403361344536
14.182945331242538
12.937768440709615
13.214876038134545
12.768495380608377
13.79433633102363
14.422965922965917
15.330552780552782
13.898133484162889
14.951805057687407
13.96632362735304
12.664950980392153
13.379753579753583
12.915931372549018
13.5273976023976
13.439993339993336
12.508333333333331
12.469222689075627
13.44285175608705
15.43436147186147
13.915213278293768
12.713830532212882
14.333123249299712
12.740089273695736
13.018451646392823
13.787990196078427
12.287990196078427
15.707475857475856
14.280392156862742
12.836542950513534
14.562268368886011
15.045412920412916
12.878532728881018
