1.492000000000000000e+04
1.285000000000000000e+04
2.065000000000000000e+04
1.556000000000000000e+04
1.812000000000000000e+04
1.753000000000000000e+04
1.526000000000000000e+04
1.808000000000000000e+04
1.387000000000000000e+04
1.541000000000000000e+04
1.250000000000000000e+04
1.067000000000000000e+04
1.798000000000000000e+04
2.024000000000000000e+04
2.078000000000000000e+04
3.291000000000000000e+04
1.276000000000000000e+04
2.241000000000000000e+04
2.116000000000000000e+04
1.446000000000000000e+04
1.582000000000000000e+04
1.822000000000000000e+04
2.120000000000000000e+04
2.397000000000000000e+04
1.789000000000000000e+04
1.732000000000000000e+04
1.466000000000000000e+04
1.531000000000000000e+04
2.090000000000000000e+04
2.675000000000000000e+04
1.484000000000000000e+04
2.007000000000000000e+04
1.857000000000000000e+04
1.583000000000000000e+04
1.936000000000000000e+04
1.732000000000000000e+04
1.445000000000000000e+04
1.910000000000000000e+04
1.415000000000000000e+04
1.685000000000000000e+04
1.506000000000000000e+04
1.515000000000000000e+04
1.419000000000000000e+04
1.793000000000000000e+04
2.478000000000000000e+04
1.565000000000000000e+04
2.539000000000000000e+04
2.111000000000000000e+04
1.516000000000000000e+04
1.805000000000000000e+04
1.717000000000000000e+04
2.087000000000000000e+04
1.705000000000000000e+04
1.514000000000000000e+04
1.627000000000000000e+04
1.661000000000000000e+04
1.772000000000000000e+04
1.554000000000000000e+04
1.759000000000000000e+04
1.675000000000000000e+04
1.826000000000000000e+04
2.385000000000000000e+04
1.675000000000000000e+04
2.357000000000000000e+04
1.776000000000000000e+04
1.537000000000000000e+04
1.778000000000000000e+04
2.059000000000000000e+04
1.585000000000000000e+04
2.032000000000000000e+04
2.119000000000000000e+04
1.313000000000000000e+04
1.801000000000000000e+04
1.614000000000000000e+04
2.098000000000000000e+04
1.420000000000000000e+04
1.609000000000000000e+04
1.666000000000000000e+04
1.481000000000000000e+04
2.085000000000000000e+04
1.601000000000000000e+04
1.531000000000000000e+04
1.508000000000000000e+04
2.045000000000000000e+04
1.590000000000000000e+04
1.878000000000000000e+04
2.607000000000000000e+04
1.795000000000000000e+04
2.102000000000000000e+04
3.222000000000000000e+04
3.674000000000000000e+04
1.587000000000000000e+04
2.027000000000000000e+04
1.865000000000000000e+04
2.373000000000000000e+04
1.676000000000000000e+04
1.475000000000000000e+04
1.310000000000000000e+04
1.734000000000000000e+04
2.084000000000000000e+04
1.563000000000000000e+04
1.798000000000000000e+04
1.741000000000000000e+04
2.297000000000000000e+04
2.576000000000000000e+04
2.138000000000000000e+04
1.775000000000000000e+04
2.162000000000000000e+04
2.414000000000000000e+04
1.490000000000000000e+04
1.519000000000000000e+04
1.531000000000000000e+04
2.027000000000000000e+04
1.060000000000000000e+04
2.276000000000000000e+04
1.916000000000000000e+04
2.122000000000000000e+04
2.698000000000000000e+04
1.271000000000000000e+04
1.746000000000000000e+04
1.581000000000000000e+04
1.836000000000000000e+04
1.532000000000000000e+04
2.215000000000000000e+04
1.747000000000000000e+04
1.801000000000000000e+04
1.752000000000000000e+04
1.448000000000000000e+04
1.817000000000000000e+04
1.645000000000000000e+04
1.527000000000000000e+04
2.198000000000000000e+04
1.642000000000000000e+04
1.661000000000000000e+04
2.662000000000000000e+04
1.257000000000000000e+04
1.438000000000000000e+04
1.457000000000000000e+04
1.307000000000000000e+04
2.065000000000000000e+04
1.525000000000000000e+04
2.488000000000000000e+04
1.273000000000000000e+04
1.559000000000000000e+04
1.547000000000000000e+04
2.564000000000000000e+04
1.550000000000000000e+04
1.759000000000000000e+04
1.881000000000000000e+04
2.036000000000000000e+04
2.732000000000000000e+04
1.437000000000000000e+04
1.513000000000000000e+04
1.802000000000000000e+04
1.798000000000000000e+04
1.548000000000000000e+04
1.526000000000000000e+04
1.893000000000000000e+04
2.116000000000000000e+04
1.411000000000000000e+04
1.993000000000000000e+04
2.057000000000000000e+04
1.491000000000000000e+04
1.834000000000000000e+04
2.068000000000000000e+04
1.875000000000000000e+04
1.727000000000000000e+04
1.775000000000000000e+04
1.238000000000000000e+04
2.276000000000000000e+04
2.480000000000000000e+04
1.744000000000000000e+04
2.185000000000000000e+04
2.401000000000000000e+04
1.606000000000000000e+04
1.386000000000000000e+04
1.262000000000000000e+04
1.738000000000000000e+04
1.457000000000000000e+04
1.757000000000000000e+04
1.426000000000000000e+04
1.361000000000000000e+04
1.787000000000000000e+04
1.794000000000000000e+04
2.449000000000000000e+04
1.870000000000000000e+04
1.610000000000000000e+04
1.803000000000000000e+04
1.518000000000000000e+04
1.274000000000000000e+04
1.788000000000000000e+04
2.275000000000000000e+04
2.120000000000000000e+04
1.498000000000000000e+04
1.646000000000000000e+04
1.290000000000000000e+04
2.010000000000000000e+04
1.415000000000000000e+04
1.691000000000000000e+04
2.802000000000000000e+04
2.345000000000000000e+04
2.111000000000000000e+04
1.814000000000000000e+04
1.458000000000000000e+04
1.473000000000000000e+04
1.487000000000000000e+04
2.649000000000000000e+04
2.084000000000000000e+04
2.055000000000000000e+04
2.733000000000000000e+04
1.720000000000000000e+04
2.008000000000000000e+04
1.238000000000000000e+04
1.408000000000000000e+04
1.252000000000000000e+04
1.472000000000000000e+04
1.739000000000000000e+04
1.505000000000000000e+04
1.765000000000000000e+04
2.050000000000000000e+04
1.754000000000000000e+04
1.653000000000000000e+04
1.239000000000000000e+04
1.486000000000000000e+04
2.068000000000000000e+04
1.409000000000000000e+04
1.284000000000000000e+04
1.778000000000000000e+04
1.866000000000000000e+04
2.016000000000000000e+04
2.401000000000000000e+04
1.585000000000000000e+04
1.799000000000000000e+04
2.082000000000000000e+04
1.745000000000000000e+04
1.462000000000000000e+04
1.886000000000000000e+04
1.801000000000000000e+04
1.858000000000000000e+04
1.489000000000000000e+04
1.515000000000000000e+04
2.097000000000000000e+04
1.752000000000000000e+04
2.153000000000000000e+04
2.087000000000000000e+04
2.426000000000000000e+04
1.741000000000000000e+04
1.784000000000000000e+04
1.543000000000000000e+04
1.431000000000000000e+04
1.556000000000000000e+04
2.019000000000000000e+04
1.728000000000000000e+04
1.549000000000000000e+04
1.272000000000000000e+04
1.289000000000000000e+04
1.441000000000000000e+04
1.993000000000000000e+04
1.790000000000000000e+04
1.745000000000000000e+04
1.517000000000000000e+04
3.247000000000000000e+04
1.819000000000000000e+04
1.026000000000000000e+04
2.080000000000000000e+04
1.553000000000000000e+04
1.837000000000000000e+04
1.695000000000000000e+04
1.241000000000000000e+04
1.292000000000000000e+04
1.829000000000000000e+04
1.911000000000000000e+04
1.771000000000000000e+04
1.511000000000000000e+04
1.609000000000000000e+04
1.301000000000000000e+04
1.279000000000000000e+04
1.821000000000000000e+04
1.723000000000000000e+04
1.518000000000000000e+04
1.866000000000000000e+04
1.263000000000000000e+04
1.966000000000000000e+04
1.596000000000000000e+04
1.706000000000000000e+04
1.557000000000000000e+04
1.296000000000000000e+04
1.669000000000000000e+04
1.555000000000000000e+04
1.757000000000000000e+04
1.898000000000000000e+04
2.032000000000000000e+04
1.859000000000000000e+04
1.732000000000000000e+04
2.103000000000000000e+04
1.954000000000000000e+04
1.995000000000000000e+04
3.177000000000000000e+04
1.424000000000000000e+04
1.896000000000000000e+04
1.802000000000000000e+04
1.514000000000000000e+04
2.062000000000000000e+04
1.770000000000000000e+04
1.493000000000000000e+04
1.415000000000000000e+04
1.516000000000000000e+04
2.097000000000000000e+04
1.235000000000000000e+04
1.701000000000000000e+04
2.088000000000000000e+04
2.090000000000000000e+04
1.079000000000000000e+04
1.851000000000000000e+04
2.749000000000000000e+04
1.740000000000000000e+04
2.004000000000000000e+04
1.796000000000000000e+04
2.046000000000000000e+04
1.783000000000000000e+04
1.795000000000000000e+04
1.857000000000000000e+04
1.240000000000000000e+04
1.843000000000000000e+04
1.814000000000000000e+04
1.418000000000000000e+04
2.684000000000000000e+04
1.742000000000000000e+04
1.464000000000000000e+04
2.722000000000000000e+04
1.231000000000000000e+04
1.437000000000000000e+04
1.714000000000000000e+04
1.824000000000000000e+04
2.089000000000000000e+04
1.611000000000000000e+04
2.630000000000000000e+04
1.765000000000000000e+04
2.146000000000000000e+04
2.046000000000000000e+04
2.221000000000000000e+04
1.934000000000000000e+04
1.554000000000000000e+04
2.048000000000000000e+04
2.617000000000000000e+04
1.280000000000000000e+04
1.646000000000000000e+04
2.401000000000000000e+04
1.514000000000000000e+04
1.564000000000000000e+04
1.809000000000000000e+04
1.547000000000000000e+04
1.895000000000000000e+04
2.456000000000000000e+04
2.152000000000000000e+04
1.503000000000000000e+04
1.899000000000000000e+04
1.382000000000000000e+04
2.002000000000000000e+04
1.774000000000000000e+04
1.726000000000000000e+04
1.834000000000000000e+04
1.931000000000000000e+04
2.197000000000000000e+04
1.329000000000000000e+04
2.128000000000000000e+04
2.637000000000000000e+04
1.403000000000000000e+04
1.387000000000000000e+04
1.493000000000000000e+04
2.350000000000000000e+04
2.232000000000000000e+04
2.135000000000000000e+04
1.684000000000000000e+04
1.313000000000000000e+04
1.743000000000000000e+04
1.810000000000000000e+04
2.073000000000000000e+04
3.044000000000000000e+04
1.544000000000000000e+04
2.346000000000000000e+04
2.109000000000000000e+04
1.525000000000000000e+04
1.445000000000000000e+04
1.990000000000000000e+04
2.031000000000000000e+04
1.549000000000000000e+04
2.330000000000000000e+04
1.618000000000000000e+04
2.095000000000000000e+04
1.547000000000000000e+04
1.337000000000000000e+04
1.439000000000000000e+04
1.461000000000000000e+04
1.542000000000000000e+04
1.765000000000000000e+04
1.624000000000000000e+04
1.541000000000000000e+04
1.282000000000000000e+04
2.437000000000000000e+04
1.923000000000000000e+04
2.064000000000000000e+04
1.786000000000000000e+04
2.055000000000000000e+04
1.669000000000000000e+04
2.298000000000000000e+04
2.081000000000000000e+04
1.232000000000000000e+04
2.351000000000000000e+04
1.483000000000000000e+04
2.431000000000000000e+04
1.781000000000000000e+04
2.528000000000000000e+04
1.546000000000000000e+04
1.678000000000000000e+04
1.725000000000000000e+04
2.043000000000000000e+04
2.485000000000000000e+04
1.802000000000000000e+04
1.567000000000000000e+04
1.816000000000000000e+04
2.290000000000000000e+04
2.139000000000000000e+04
1.479000000000000000e+04
1.800000000000000000e+04
2.104000000000000000e+04
2.053000000000000000e+04
1.402000000000000000e+04
1.442000000000000000e+04
2.149000000000000000e+04
2.417000000000000000e+04
1.541000000000000000e+04
1.427000000000000000e+04
1.554000000000000000e+04
1.750000000000000000e+04
1.422000000000000000e+04
2.151000000000000000e+04
1.237000000000000000e+04
1.667000000000000000e+04
2.069000000000000000e+04
1.396000000000000000e+04
1.668000000000000000e+04
2.395000000000000000e+04
2.389000000000000000e+04
2.125000000000000000e+04
2.699000000000000000e+04
3.094000000000000000e+04
1.267000000000000000e+04
1.599000000000000000e+04
2.327000000000000000e+04
1.971000000000000000e+04
2.056000000000000000e+04
1.615000000000000000e+04
1.548000000000000000e+04
2.051000000000000000e+04
1.802000000000000000e+04
1.452000000000000000e+04
1.791000000000000000e+04
1.293000000000000000e+04
1.984000000000000000e+04
1.421000000000000000e+04
2.766000000000000000e+04
2.152000000000000000e+04
2.232000000000000000e+04
2.136000000000000000e+04
1.536000000000000000e+04
1.515000000000000000e+04
1.671000000000000000e+04
1.716000000000000000e+04
2.269000000000000000e+04
1.843000000000000000e+04
3.380000000000000000e+04
1.411000000000000000e+04
1.272000000000000000e+04
1.758000000000000000e+04
1.452000000000000000e+04
1.761000000000000000e+04
1.900000000000000000e+04
1.782000000000000000e+04
1.764000000000000000e+04
1.468000000000000000e+04
2.235000000000000000e+04
2.228000000000000000e+04
3.018000000000000000e+04
2.103000000000000000e+04
2.635000000000000000e+04
1.254000000000000000e+04
1.439000000000000000e+04
1.655000000000000000e+04
1.540000000000000000e+04
2.267000000000000000e+04
1.524000000000000000e+04
2.103000000000000000e+04
1.914000000000000000e+04
1.243000000000000000e+04
1.567000000000000000e+04
1.472000000000000000e+04
2.075000000000000000e+04
2.349000000000000000e+04
2.381000000000000000e+04
1.260000000000000000e+04
1.357000000000000000e+04
1.870000000000000000e+04
1.345000000000000000e+04
1.620000000000000000e+04
1.922000000000000000e+04
1.727000000000000000e+04
1.772000000000000000e+04
1.671000000000000000e+04
2.047000000000000000e+04
1.561000000000000000e+04
3.061000000000000000e+04
2.690000000000000000e+04
1.794000000000000000e+04
1.808000000000000000e+04
1.748000000000000000e+04
2.023000000000000000e+04
1.462000000000000000e+04
2.560000000000000000e+04
2.168000000000000000e+04
2.056000000000000000e+04
1.552000000000000000e+04
1.543000000000000000e+04
2.119000000000000000e+04
1.719000000000000000e+04
2.030000000000000000e+04
1.773000000000000000e+04
1.720000000000000000e+04
1.490000000000000000e+04
1.811000000000000000e+04
1.486000000000000000e+04
1.779000000000000000e+04
1.545000000000000000e+04
1.785000000000000000e+04
1.746000000000000000e+04
2.126000000000000000e+04
1.535000000000000000e+04
1.827000000000000000e+04
1.251000000000000000e+04
1.289000000000000000e+04
1.985000000000000000e+04
1.758000000000000000e+04
1.457000000000000000e+04
1.509000000000000000e+04
1.446000000000000000e+04
2.666000000000000000e+04
1.503000000000000000e+04
1.744000000000000000e+04
2.022000000000000000e+04
1.232000000000000000e+04
1.295000000000000000e+04
1.602000000000000000e+04
1.785000000000000000e+04
1.873000000000000000e+04
1.712000000000000000e+04
2.036000000000000000e+04
1.513000000000000000e+04
1.489000000000000000e+04
2.652000000000000000e+04
2.029000000000000000e+04
1.813000000000000000e+04
1.491000000000000000e+04
2.816000000000000000e+04
3.345000000000000000e+04
3.034000000000000000e+04
1.984000000000000000e+04
1.269000000000000000e+04
2.019000000000000000e+04
1.586000000000000000e+04
2.331000000000000000e+04
1.751000000000000000e+04
1.616000000000000000e+04
1.400000000000000000e+04
1.966000000000000000e+04
2.085000000000000000e+04
1.515000000000000000e+04
2.041000000000000000e+04
2.442000000000000000e+04
1.471000000000000000e+04
1.538000000000000000e+04
1.773000000000000000e+04
1.580000000000000000e+04
1.558000000000000000e+04
1.415000000000000000e+04
1.232000000000000000e+04
2.346000000000000000e+04
1.705000000000000000e+04
1.764000000000000000e+04
1.781000000000000000e+04
1.798000000000000000e+04
1.780000000000000000e+04
1.817000000000000000e+04
1.562000000000000000e+04
2.268000000000000000e+04
2.127000000000000000e+04
1.594000000000000000e+04
1.297000000000000000e+04
1.658000000000000000e+04
1.538000000000000000e+04
1.752000000000000000e+04
1.263000000000000000e+04
1.425000000000000000e+04
1.271000000000000000e+04
1.383000000000000000e+04
1.267000000000000000e+04
2.062000000000000000e+04
1.847000000000000000e+04
2.500000000000000000e+04
1.569000000000000000e+04
1.778000000000000000e+04
1.758000000000000000e+04
1.747000000000000000e+04
1.224000000000000000e+04
1.620000000000000000e+04
2.089000000000000000e+04
1.475000000000000000e+04
2.136000000000000000e+04
3.441000000000000000e+04
1.857000000000000000e+04
1.249000000000000000e+04
2.276000000000000000e+04
1.520000000000000000e+04
1.754000000000000000e+04
3.642000000000000000e+04
2.146000000000000000e+04
1.245000000000000000e+04
1.243000000000000000e+04
1.502000000000000000e+04
2.001000000000000000e+04
1.294000000000000000e+04
1.082000000000000000e+04
2.296000000000000000e+04
1.381000000000000000e+04
1.658000000000000000e+04
1.787000000000000000e+04
1.094000000000000000e+04
2.023000000000000000e+04
1.988000000000000000e+04
1.229000000000000000e+04
1.422000000000000000e+04
2.034000000000000000e+04
2.085000000000000000e+04
1.411000000000000000e+04
2.094000000000000000e+04
2.541000000000000000e+04
1.280000000000000000e+04
2.040000000000000000e+04
1.559000000000000000e+04
2.389000000000000000e+04
2.442000000000000000e+04
2.003000000000000000e+04
1.764000000000000000e+04
2.404000000000000000e+04
3.012000000000000000e+04
2.347000000000000000e+04
1.855000000000000000e+04
1.337000000000000000e+04
1.943000000000000000e+04
1.801000000000000000e+04
2.057000000000000000e+04
1.212000000000000000e+04
1.418000000000000000e+04
1.233000000000000000e+04
1.440000000000000000e+04
1.451000000000000000e+04
1.264000000000000000e+04
1.573000000000000000e+04
2.105000000000000000e+04
1.516000000000000000e+04
1.775000000000000000e+04
1.754000000000000000e+04
1.789000000000000000e+04
1.783000000000000000e+04
2.412000000000000000e+04
1.789000000000000000e+04
1.442000000000000000e+04
1.718000000000000000e+04
1.302000000000000000e+04
1.762000000000000000e+04
1.754000000000000000e+04
1.716000000000000000e+04
2.098000000000000000e+04
1.844000000000000000e+04
2.332000000000000000e+04
1.575000000000000000e+04
2.109000000000000000e+04
1.536000000000000000e+04
1.412000000000000000e+04
1.645000000000000000e+04
2.115000000000000000e+04
1.809000000000000000e+04
2.391000000000000000e+04
1.450000000000000000e+04
2.390000000000000000e+04
2.524000000000000000e+04
2.035000000000000000e+04
2.051000000000000000e+04
1.563000000000000000e+04
1.744000000000000000e+04
1.228000000000000000e+04
1.337000000000000000e+04
1.426000000000000000e+04
2.788000000000000000e+04
1.474000000000000000e+04
2.369000000000000000e+04
2.117000000000000000e+04
1.494000000000000000e+04
2.512000000000000000e+04
1.776000000000000000e+04
1.597000000000000000e+04
1.271000000000000000e+04
1.472000000000000000e+04
2.024000000000000000e+04
1.712000000000000000e+04
1.533000000000000000e+04
1.487000000000000000e+04
2.046000000000000000e+04
2.784000000000000000e+04
2.109000000000000000e+04
1.426000000000000000e+04
1.512000000000000000e+04
1.250000000000000000e+04
1.270000000000000000e+04
1.773000000000000000e+04
1.761000000000000000e+04
1.808000000000000000e+04
1.919000000000000000e+04
1.463000000000000000e+04
1.799000000000000000e+04
1.763000000000000000e+04
1.499000000000000000e+04
1.445000000000000000e+04
1.463000000000000000e+04
1.062000000000000000e+04
1.748000000000000000e+04
1.786000000000000000e+04
1.720000000000000000e+04
1.045000000000000000e+04
1.103000000000000000e+04
1.815000000000000000e+04
2.379000000000000000e+04
1.791000000000000000e+04
1.417000000000000000e+04
1.784000000000000000e+04
1.089000000000000000e+04
1.769000000000000000e+04
2.057000000000000000e+04
1.621000000000000000e+04
1.209000000000000000e+04
1.283000000000000000e+04
1.372000000000000000e+04
1.482000000000000000e+04
3.010000000000000000e+04
1.692000000000000000e+04
1.760000000000000000e+04
1.375000000000000000e+04
1.454000000000000000e+04
1.991000000000000000e+04
1.764000000000000000e+04
2.082000000000000000e+04
1.763000000000000000e+04
1.514000000000000000e+04
2.853000000000000000e+04
2.098000000000000000e+04
1.795000000000000000e+04
1.606000000000000000e+04
2.031000000000000000e+04
1.748000000000000000e+04
1.270000000000000000e+04
3.051000000000000000e+04
1.881000000000000000e+04
2.671000000000000000e+04
2.587000000000000000e+04
1.815000000000000000e+04
1.246000000000000000e+04
1.473000000000000000e+04
1.266000000000000000e+04
1.637000000000000000e+04
1.536000000000000000e+04
1.802000000000000000e+04
2.646000000000000000e+04
1.823000000000000000e+04
1.593000000000000000e+04
2.271000000000000000e+04
1.272000000000000000e+04
2.597000000000000000e+04
1.527000000000000000e+04
1.835000000000000000e+04
1.512000000000000000e+04
1.588000000000000000e+04
1.457000000000000000e+04
1.955000000000000000e+04
1.365000000000000000e+04
1.437000000000000000e+04
1.801000000000000000e+04
1.058000000000000000e+04
1.238000000000000000e+04
2.023000000000000000e+04
1.436000000000000000e+04
1.498000000000000000e+04
2.293000000000000000e+04
2.076000000000000000e+04
1.270000000000000000e+04
1.387000000000000000e+04
1.543000000000000000e+04
2.265000000000000000e+04
1.754000000000000000e+04
2.044000000000000000e+04
1.245000000000000000e+04
1.222000000000000000e+04
1.435000000000000000e+04
1.403000000000000000e+04
1.679000000000000000e+04
1.433000000000000000e+04
1.531000000000000000e+04
1.749000000000000000e+04
1.080000000000000000e+04
2.723000000000000000e+04
1.703000000000000000e+04
1.289000000000000000e+04
1.582000000000000000e+04
2.062000000000000000e+04
2.037000000000000000e+04
1.542000000000000000e+04
2.292000000000000000e+04
1.536000000000000000e+04
1.796000000000000000e+04
1.740000000000000000e+04
1.825000000000000000e+04
1.225000000000000000e+04
1.553000000000000000e+04
2.608000000000000000e+04
2.118000000000000000e+04
2.429000000000000000e+04
1.663000000000000000e+04
3.060000000000000000e+04
1.294000000000000000e+04
2.103000000000000000e+04
1.516000000000000000e+04
2.001000000000000000e+04
2.349000000000000000e+04
1.851000000000000000e+04
2.039000000000000000e+04
2.089000000000000000e+04
1.371000000000000000e+04
1.096000000000000000e+04
1.783000000000000000e+04
1.791000000000000000e+04
1.695000000000000000e+04
1.276000000000000000e+04
1.745000000000000000e+04
1.498000000000000000e+04
1.420000000000000000e+04
2.092000000000000000e+04
2.061000000000000000e+04
2.106000000000000000e+04
1.828000000000000000e+04
1.909000000000000000e+04
1.780000000000000000e+04
1.309000000000000000e+04
2.344000000000000000e+04
1.506000000000000000e+04
2.380000000000000000e+04
1.866000000000000000e+04
1.735000000000000000e+04
2.080000000000000000e+04
1.449000000000000000e+04
2.328000000000000000e+04
1.487000000000000000e+04
1.725000000000000000e+04
1.200000000000000000e+04
1.400000000000000000e+04
1.220000000000000000e+04
1.078000000000000000e+04
2.335000000000000000e+04
1.801000000000000000e+04
2.268000000000000000e+04
1.737000000000000000e+04
1.548000000000000000e+04
1.593000000000000000e+04
2.170000000000000000e+04
1.826000000000000000e+04
1.798000000000000000e+04
2.277000000000000000e+04
1.495000000000000000e+04
2.004000000000000000e+04
1.471000000000000000e+04
2.315000000000000000e+04
1.545000000000000000e+04
2.120000000000000000e+04
1.562000000000000000e+04
2.751000000000000000e+04
1.730000000000000000e+04
1.073000000000000000e+04
1.333000000000000000e+04
1.305000000000000000e+04
2.277000000000000000e+04
1.596000000000000000e+04
1.852000000000000000e+04
1.802000000000000000e+04
2.361000000000000000e+04
1.323000000000000000e+04
2.582000000000000000e+04
2.418000000000000000e+04
1.417000000000000000e+04
1.588000000000000000e+04
1.579000000000000000e+04
2.128000000000000000e+04
2.194000000000000000e+04
2.448000000000000000e+04
1.292000000000000000e+04
2.949000000000000000e+04
2.013000000000000000e+04
1.224000000000000000e+04
1.455000000000000000e+04
1.604000000000000000e+04
1.999000000000000000e+04
1.550000000000000000e+04
1.477000000000000000e+04
1.695000000000000000e+04
2.719000000000000000e+04
1.522000000000000000e+04
1.598000000000000000e+04
1.746000000000000000e+04
1.522000000000000000e+04
1.379000000000000000e+04
1.404000000000000000e+04
2.239000000000000000e+04
1.284000000000000000e+04
1.670000000000000000e+04
2.096000000000000000e+04
1.271000000000000000e+04
1.604000000000000000e+04
1.746000000000000000e+04
1.632000000000000000e+04
2.040000000000000000e+04
1.798000000000000000e+04
2.251000000000000000e+04
1.935000000000000000e+04
1.736000000000000000e+04
1.944000000000000000e+04
1.538000000000000000e+04
2.086000000000000000e+04
2.580000000000000000e+04
1.913000000000000000e+04
1.719000000000000000e+04
1.682000000000000000e+04
3.087000000000000000e+04
1.798000000000000000e+04
2.102000000000000000e+04
1.525000000000000000e+04
2.911000000000000000e+04
1.374000000000000000e+04
1.060000000000000000e+04
1.454000000000000000e+04
1.534000000000000000e+04
1.720000000000000000e+04
1.267000000000000000e+04
2.293000000000000000e+04
3.416000000000000000e+04
2.631000000000000000e+04
1.474000000000000000e+04
1.587000000000000000e+04
2.796000000000000000e+04
2.307000000000000000e+04
1.786000000000000000e+04
2.413000000000000000e+04
2.026000000000000000e+04
1.779000000000000000e+04
1.532000000000000000e+04
2.718000000000000000e+04
1.811000000000000000e+04
2.672000000000000000e+04
1.788000000000000000e+04
1.203000000000000000e+04
1.295000000000000000e+04
1.454000000000000000e+04
1.693000000000000000e+04
1.558000000000000000e+04
1.406000000000000000e+04
2.293000000000000000e+04
1.428000000000000000e+04
2.024000000000000000e+04
1.967000000000000000e+04
1.471000000000000000e+04
2.213000000000000000e+04
1.445000000000000000e+04
1.868000000000000000e+04
2.347000000000000000e+04
2.050000000000000000e+04
2.039000000000000000e+04
1.599000000000000000e+04
2.283000000000000000e+04
1.513000000000000000e+04
1.637000000000000000e+04
1.768000000000000000e+04
2.472000000000000000e+04
2.212000000000000000e+04
1.273000000000000000e+04
2.002000000000000000e+04
