1202
1192
1031
1280
1120
1102
1072
1134
1042
1101
1078
1127
1072
1236
1201
1053
1263
1110
1076
1048
1148
1160
1132
1126
1074
1096
1266
1190
1084
1182
1152
1214
1110
1216
1094
1275
1241
1274
1123
1233
1273
1113
1047
1334
1192
1116
1004
1108
1222
1108
1150
1239
1089
1065
1193
1154
1028
1185
1081
1211
1084
1319
1042
1142
1089
1092
1249
1081
1248
1103
1117
1200
1147
1111
1158
1074
1187
1393
1131
1126
1170
1295
1215
1084
1289
1216
1162
1118
1108
1099
1039
1251
1203
1103
1116
1279
1038
1112
1202
1027
1100
1071
1242
1210
1027
1184
1080
1185
1146
1130
1160
1194
1164
1076
1251
1131
1091
1075
1164
1100
1099
1131
1125
1221
1053
1204
1134
1161
1231
1264
1138
1058
1085
1107
1140
1180
1048
1201
1119
1189
1137
1300
1111
1120
1103
1118
1076
1227
1216
1058
1201
1018
1112
1226
1129
1108
1098
1033
1049
1181
1183
1152
977
1116
1142
1123
1214
1186
1184
1117
1286
1180
1129
1250
1131
1098
1214
1160
1147
1235
1145
1019
1153
1104
1018
1111
1307
1109
1084
1118
1099
1211
1052
1211
1132
1247
1115
1178
1314
1158
1142
1002
1061
1168
1122
1098
1069
1060
1149
1149
1149
1159
1191
1152
1162
1249
1103
1118
1033
1129
1157
1147
1089
1086
1223
1181
1086
1216
1064
1049
1141
1096
1124
1040
1128
1093
1173
1088
1119
1264
1029
1160
1200
1084
1112
1100
1144
1140
1117
1161
1066
1188
1070
1109
1093
1239
1150
1139
1080
1092
1065
1096
1124
1163
970
1056
1174
1027
1267
1127
1142
1095
1214
1175
1092
1088
1061
1165
1101
1096
1062
1133
1266
1029
1131
1139
1032
1125
1050
1053
1200
1037
1164
1212
1219
1099
1155
1110
1125
1118
1046
1262
986
1136
1092
1246
1098
1100
1097
1349
1059
1056
1072
974
1066
1201
1255
1083
1180
1160
1149
1072
1151
1129
1140
1151
1199
1064
1147
1029
1165
1004
1098
1148
1161
1063
1158
1167
1096
1098
1109
1041
1069
1095
1153
1326
1122
1124
1122
1106
1141
1142
1267
1164
1101
992
1052
1158
1046
1060
1099
1046
1140
1092
1084
1229
1022
1080
1041
1177
1146
1024
1110
1104
1225
1084
1044
1175
1098
1039
1174
1256
1025
1164
1089
1103
1183
985
1143
1166
1081
1148
1270
1084
1062
1019
1206
1036
1184
1156
1146
1010
1068
1064
1114
1064
1301
1073
1138
1080
1186
1257
1096
1089
1043
1004
1098
1000
1093
1039
1081
1162
1073
1068
1129
1159
1091
1197
1245
1052
1205
1147
1188
1049
1193
1029
1126
985
1029
1039
1054
1104
1133
1168
993
1054
1093
1230
1149
1086
1091
1093
1067
1002
1124
1046
968
1093
1130
1051
1093
1091
970
1075
1199
1094
1085
1103
1377
1105
1098
1098
1126
1096
1055
1160
1139
1135
998
1171
1199
1128
1182
1085
1122
1231
1012
1208
1029
1222
993
1080
1140
1115
1037
1129
1125
1110
1124
1128
1144
1020
1024
1131
963
1099
1035
1037
1147
1026
1103
1120
1104
1123
1109
1073
1107
1071
1151
983
1094
1025
1130
1136
1099
1057
1267
1122
1200
1016
1058
1062
1005
1150
978
1027
1021
1103
1199
1090
1096
1096
1197
1096
1079
1082
1081
1106
1129
1085
1012
1052
1227
1141
1104
1145
1002
1068
999
1111
1011
1104
1080
1102
1054
1214
1094
1026
1023
1057
1149
1103
1109
1117
978
1069
1084
974
964
1030
1131
1148
1072
1089
1211
1050
1007
1045
1067
1131
1113
1036
1151
1070
1054
1123
1083
1122
1146
1171
1076
1101
1054
1026
1053
1075
1087
1105
1124
1131
1041
1126
1060
1146
1093
1106
1059
1070
1059
1184
1044
1019
967
1068
1042
1070
1042
1103
1107
1156
952
996
1169
1063
992
1131
1081
1081
1038
1029
1052
1064
1054
1029
980
1104
1167
1068
1005
974
1038
1109
1086
1009
1084
1154
1101
1032
1134
1129
1063
1029
1108
1057
951
1054
1153
1053
1032
1074
1035
1037
1031
1094
1076
1087
1188
1025
1095
1052
966
1015
1130
1043
1085
1112
1061
1170
1094
946
1028
1045
1151
1142
1097
1089
1080
1147
1125
1077
1057
1037
983
1098
1066
1121
1165
1127
1009
1064
1138
1034
1025
1028
1073
1048
1061
1107
1091
1004
988
1095
1073
1110
1038
1111
976
1131
1103
1052
1156
1110
1169
1022
1143
1075
1144
1043
1119
1086
1099
1069
1065
957
1160
1009
1014
1091
1036
1131
1070
1181
1082
997
1125
1191
1059
979
1080
1047
1005
1191
1066
1199
1045
1167
1069
1125
1053
1070
1094
1115
1030
1055
1083
1059
1079
1042
1067
1061
1158
1008
1140
1193
1012
1141
1073
1112
1152
1015
1028
1155
1045
1091
1048
1052
1065
1020
1076
1066
1121
1046
1160
1035
1075
1012
1083
1125
1091
1089
1151
1131
1096
1136
1030
1079
1092
1023
1058
1088
1107
1055
1037
962
1161
1072
1019
1077
1031
1227
1126
1050
1052
1105
997
1001
1088
1056
1052
1115
1080
1091
1040
1026
1010
1144
1099
1081
1066
1084
1031
1065
1066
1220
1091
1101
1099
1084
1042
1033
1104
1140
1019
942
1096
1045
1053
986
1102
1055
1101
1104
1070
1113
929
1053
1029
1198
1100
1038
1077
1105
1042
1037
1105
1129
1024
1031
1056
1108
1013
1162
1101
1066
1016
1107
1073
1042
1066
1125
1029
1068
1121
1037
1173
1181
1107
1048
956
1109
1060
1017
1023
990
1062
1101
1011
1029
1067
1062
1110
1102
957
1002
964
1061
1105
1108
997
1064
1061
1128
963
1082
945
1065
1071
1139
1026
1060
1007
1068
1167
1040
1039
1099
1121
1038
1050
1160
1038
1030
1111
1090
1083
1117
1078
986
1152
1103
1065
1064
1094
1107
969
1160
1076
1125
1158
1132
1009
946
1046
1052
1047
959
1017
1005
1167
976
971
1076
1129
1044
1078
1035
1063
1210
1117
1025
1025
972
1012
1034
1016
1122
1162
1077
1127
948
