1492
1285
2065
1556
1812
1753
1526
1808
1387
1541
1250
1067
1798
2024
2078
3291
1276
2241
2116
1446
1582
1822
2120
2397
1789
1732
1466
1531
2090
2675
1484
2007
1857
1583
1936
1732
1445
1910
1415
1685
1506
1515
1419
1793
2478
1565
2539
2111
1516
1805
1717
2087
1705
1514
1627
1661
1772
1554
1759
1675
1826
2385
1675
2357
1776
1537
1778
2059
1585
2032
2119
1313
1801
1614
2098
1420
1609
1666
1481
2085
1601
1531
1508
2045
1590
1878
2607
1795
2102
3222
3674
1587
2027
1865
2373
1676
1475
1310
1734
2084
1563
1798
1741
2297
2576
2138
1775
2162
2414
1490
1519
1531
2027
1060
2276
1916
2122
2698
1271
1746
1581
1836
1532
2215
1747
1801
1752
1448
1817
1645
1527
2198
1642
1661
2662
1257
1438
1457
1307
2065
1525
2488
1273
1559
1547
2564
1550
1759
1881
2036
2732
1437
1513
1802
1798
1548
1526
1893
2116
1411
1993
2057
1491
1834
2068
1875
1727
1775
1238
2276
2480
1744
2185
2401
1606
1386
1262
1738
1457
1757
1426
1361
1787
1794
2449
1870
1610
1803
1518
1274
1788
2275
2120
1498
1646
1290
2010
1415
1691
2802
2345
2111
1814
1458
1473
1487
2649
2084
2055
2733
1720
2008
1238
1408
1252
1472
1739
1505
1765
2050
1754
1653
1239
1486
2068
1409
1284
1778
1866
2016
2401
1585
1799
2082
1745
1462
1886
1801
1858
1489
1515
2097
1752
2153
2087
2426
1741
1784
1543
1431
1556
2019
1728
1549
1272
1289
1441
1993
1790
1745
1517
3247
1819
1026
2080
1553
1837
1695
1241
1292
1829
1911
1771
1511
1609
1301
1279
1821
1723
1518
1866
1263
1966
1596
1706
1557
1296
1669
1555
1757
1898
2032
1859
1732
2103
1954
1995
3177
1424
1896
1802
1514
2062
1770
1493
1415
1516
2097
1235
1701
2088
2090
1079
1851
2749
1740
2004
1796
2046
1783
1795
1857
1240
1843
1814
1418
2684
1742
1464
2722
1231
1437
1714
1824
2089
1611
2630
1765
2146
2046
2221
1934
1554
2048
2617
1280
1646
2401
1514
1564
1809
1547
1895
2456
2152
1503
1899
1382
2002
1774
1726
1834
1931
2197
1329
2128
2637
1403
1387
1493
2350
2232
2135
1684
1313
1743
1810
2073
3044
1544
2346
2109
1525
1445
1990
2031
1549
2330
1618
2095
1547
1337
1439
1461
1542
1765
1624
1541
1282
2437
1923
2064
1786
2055
1669
2298
2081
1232
2351
1483
2431
1781
2528
1546
1678
1725
2043
2485
1802
1567
1816
2290
2139
1479
1800
2104
2053
1402
1442
2149
2417
1541
1427
1554
1750
1422
2151
1237
1667
2069
1396
1668
2395
2389
2125
2699
3094
1267
1599
2327
1971
2056
1615
1548
2051
1802
1452
1791
1293
1984
1421
2766
2152
2232
2136
1536
1515
1671
1716
2269
1843
3380
1411
1272
1758
1452
1761
1900
1782
1764
1468
2235
2228
3018
2103
2635
1254
1439
1655
1540
2267
1524
2103
1914
1243
1567
1472
2075
2349
2381
1260
1357
1870
1345
1620
1922
1727
1772
1671
2047
1561
3061
2690
1794
1808
1748
2023
1462
2560
2168
2056
1552
1543
2119
1719
2030
1773
1720
1490
1811
1486
1779
1545
1785
1746
2126
1535
1827
1251
1289
1985
1758
1457
1509
1446
2666
1503
1744
2022
1232
1295
1602
1785
1873
1712
2036
1513
1489
2652
2029
1813
1491
2816
3345
3034
1984
1269
2019
1586
2331
1751
1616
1400
1966
2085
1515
2041
2442
1471
1538
1773
1580
1558
1415
1232
2346
1705
1764
1781
1798
1780
1817
1562
2268
2127
1594
1297
1658
1538
1752
1263
1425
1271
1383
1267
2062
1847
2500
1569
1778
1758
1747
1224
1620
2089
1475
2136
3441
1857
1249
2276
1520
1754
3642
2146
1245
1243
1502
2001
1294
1082
2296
1381
1658
1787
1094
2023
1988
1229
1422
2034
2085
1411
2094
2541
1280
2040
1559
2389
2442
2003
1764
2404
3012
2347
1855
1337
1943
1801
2057
1212
1418
1233
1440
1451
1264
1573
2105
1516
1775
1754
1789
1783
2412
1789
1442
1718
1302
1762
1754
1716
2098
1844
2332
1575
2109
1536
1412
1645
2115
1809
2391
1450
2390
2524
2035
2051
1563
1744
1228
1337
1426
2788
1474
2369
2117
1494
2512
1776
1597
1271
1472
2024
1712
1533
1487
2046
2784
2109
1426
1512
1250
1270
1773
1761
1808
1919
1463
1799
1763
1499
1445
1463
1062
1748
1786
1720
1045
1103
1815
2379
1791
1417
1784
1089
1769
2057
1621
1209
1283
1372
1482
3010
1692
1760
1375
1454
1991
1764
2082
1763
1514
2853
2098
1795
1606
2031
1748
1270
3051
1881
2671
2587
1815
1246
1473
1266
1637
1536
1802
2646
1823
1593
2271
1272
2597
1527
1835
1512
1588
1457
1955
1365
1437
1801
1058
1238
2023
1436
1498
2293
2076
1270
1387
1543
2265
1754
2044
1245
1222
1435
1403
1679
1433
1531
1749
1080
2723
1703
1289
1582
2062
2037
1542
2292
1536
1796
1740
1825
1225
1553
2608
2118
2429
1663
3060
1294
2103
1516
2001
2349
1851
2039
2089
1371
1096
1783
1791
1695
1276
1745
1498
1420
2092
2061
2106
1828
1909
1780
1309
2344
1506
2380
1866
1735
2080
1449
2328
1487
1725
1200
1400
1220
1078
2335
1801
2268
1737
1548
1593
2170
1826
1798
2277
1495
2004
1471
2315
1545
2120
1562
2751
1730
1073
1333
1305
2277
1596
1852
1802
2361
1323
2582
2418
1417
1588
1579
2128
2194
2448
1292
2949
2013
1224
1455
1604
1999
1550
1477
1695
2719
1522
1598
1746
1522
1379
1404
2239
1284
1670
2096
1271
1604
1746
1632
2040
1798
2251
1935
1736
1944
1538
2086
2580
1913
1719
1682
3087
1798
2102
1525
2911
1374
1060
1454
1534
1720
1267
2293
3416
2631
1474
1587
2796
2307
1786
2413
2026
1779
1532
2718
1811
2672
1788
1203
1295
1454
1693
1558
1406
2293
1428
2024
1967
1471
2213
1445
1868
2347
2050
2039
1599
2283
1513
1637
1768
2472
2212
1273
2002
