0.660
0.544
0.593
0.617
0.784
0.645
0.666
0.688
0.679
0.877
0.562
0.694
0.760
0.824
0.708
0.698
0.820
0.889
0.771
0.861
0.639
0.621
0.643
0.717
0.686
0.766
0.750
0.711
0.735
0.501
0.760
0.746
0.788
0.712
0.757
0.733
0.654
0.734
0.952
0.840
0.700
0.731
0.583
0.765
0.768
0.588
0.868
0.772
0.579
0.685
0.677
0.817
0.606
0.811
0.629
0.642
0.562
0.691
0.585
0.766
0.705
0.570
0.692
0.538
0.704
0.699
0.926
0.552
0.655
0.662
0.697
0.761
0.624
0.639
0.726
0.637
0.790
0.833
0.648
0.639
0.575
0.591
0.951
0.717
0.687
0.630
0.601
0.571
0.695
0.677
0.608
0.987
0.658
0.690
0.848
0.591
0.727
0.719
0.811
0.767
0.585
0.732
0.619
0.721
0.747
0.759
0.599
0.577
0.562
0.675
0.780
0.751
0.741
0.651
0.725
0.683
0.741
0.796
0.716
0.678
0.617
0.833
0.686
0.645
0.744
1.068
0.685
0.929
0.613
0.604
0.628
0.802
0.648
0.753
0.752
0.664
0.648
0.782
0.731
0.608
0.685
0.644
0.640
0.643
0.636
0.807
0.754
0.626
0.549
0.665
0.692
0.735
0.647
0.573
0.662
0.608
0.729
0.684
0.756
0.796
0.822
0.789
0.891
0.549
0.700
0.685
0.689
0.852
0.679
0.754
0.681
0.609
0.805
0.692
0.716
0.753
0.623
0.743
0.770
0.689
0.634
0.640
0.588
0.772
0.582
0.762
0.744
0.702
0.760
0.607
0.706
0.818
0.680
0.725
0.740
0.700
0.569
0.649
0.656
0.733
0.773
0.533
0.687
0.668
0.664
0.744
0.575
0.766
0.956
0.630
0.753
0.650
0.787
0.632
0.689
0.755
0.679
0.631
0.735
0.904
0.765
0.799
0.865
0.607
0.618
0.746
0.684
0.711
0.693
0.765
0.552
0.763
0.888
0.683
0.728
0.710
0.746
0.661
0.666
0.462
0.689
0.808
0.646
0.676
0.635
0.589
0.669
0.723
0.576
0.677
0.684
0.682
0.457
0.758
0.662
0.581
0.561
0.708
0.631
0.678
0.524
0.691
0.587
0.789
0.672
0.720
0.924
0.829
0.540
0.745
0.697
0.838
0.687
0.608
0.651
0.802
0.732
0.704
0.603
0.695
0.705
0.713
0.694
0.675
0.763
0.802
0.787
0.681
0.840
0.482
0.852
0.752
0.587
0.588
0.688
0.681
0.584
0.759
0.603
0.629
0.854
0.586
0.622
0.600
0.610
0.576
0.546
0.611
0.644
0.659
0.644
0.754
0.793
0.566
0.750
0.691
0.795
0.726
0.768
0.782
0.819
0.603
0.843
0.715
0.795
0.618
0.723
0.560
1.024
0.568
0.658
0.754
0.682
0.622
0.819
0.769
0.820
0.640
0.749
0.926
0.661
0.752
0.590
0.548
0.791
0.857
0.745
0.671
0.620
0.705
0.737
0.694
0.674
0.721
0.737
0.741
0.590
0.700
0.797
0.646
0.600
0.629
0.573
0.694
0.789
0.676
0.780
0.736
0.761
0.624
0.596
0.577
0.723
0.629
0.641
0.630
0.928
0.724
0.872
0.658
0.751
0.761
0.792
0.958
0.984
0.669
0.636
0.728
0.628
0.727
0.807
0.827
0.744
0.858
0.617
0.567
0.531
0.616
0.667
0.715
0.653
0.637
0.747
0.631
0.690
0.848
0.771
0.784
0.841
0.750
0.710
0.758
0.561
0.594
0.675
0.662
0.558
0.498
0.731
0.727
0.802
0.686
0.704
0.707
0.678
0.476
0.784
0.702
0.649
0.738
0.686
0.675
0.824
0.855
0.732
0.710
0.663
0.691
0.976
0.538
0.747
0.599
0.676
0.664
0.728
0.652
0.601
0.600
0.727
0.643
0.846
0.654
0.625
0.701
0.716
0.595
0.716
0.611
0.662
0.655
0.627
0.643
0.781
0.640
0.793
0.582
0.668
0.853
0.626
0.664
0.552
0.700
0.811
0.690
0.672
0.817
0.806
0.752
0.678
0.815
0.702
0.646
0.718
0.690
0.771
0.754
0.657
0.619
0.712
0.732
0.623
0.715
0.666
0.696
0.864
0.925
0.691
0.763
0.578
0.623
0.838
0.755
0.698
0.637
0.690
0.589
0.631
0.772
0.807
0.648
0.701
0.546
0.786
0.681
0.617
0.706
0.533
0.593
0.706
0.700
0.728
0.522
0.609
0.658
0.766
0.767
0.846
0.850
0.632
0.575
0.702
0.693
0.700
0.744
0.819
0.813
0.835
0.588
0.796
0.612
0.644
0.909
0.691
0.602
0.709
0.720
0.652
0.661
0.682
0.681
0.760
0.784
0.663
0.629
0.748
0.631
0.710
0.583
0.718
0.785
0.638
0.894
0.655
0.612
0.675
0.624
0.602
0.660
0.709
0.655
0.718
0.605
0.606
0.630
0.678
0.731
0.741
0.615
0.785
0.714
0.736
0.692
0.608
0.600
0.726
0.628
0.706
0.639
0.681
0.541
0.732
0.769
0.761
0.645
0.576
0.720
0.655
0.777
0.811
0.657
0.645
0.638
0.722
0.700
0.618
0.560
0.761
0.636
0.776
0.656
0.833
0.662
0.660
0.621
0.633
0.711
0.634
0.800
0.624
0.730
0.654
0.660
0.633
0.630
0.748
0.761
0.601
0.745
0.658
0.701
0.732
0.749
0.491
0.718
0.600
0.732
0.760
0.687
0.710
0.690
0.529
0.713
0.707
0.641
0.840
0.675
0.795
0.628
0.792
0.554
0.585
0.706
0.713
0.767
0.779
0.639
0.606
0.682
0.733
0.703
0.794
0.644
0.642
0.772
0.687
0.802
0.705
0.524
0.625
0.677
0.693
0.681
0.628
0.671
0.788
0.770
0.694
0.666
0.679
0.815
0.747
0.766
0.685
0.670
0.611
0.579
0.903
0.696
0.796
0.698
0.627
0.577
0.696
0.539
0.688
0.615
0.720
0.693
0.650
0.702
0.628
0.483
0.720
0.748
0.601
0.581
0.718
0.824
0.898
0.677
0.655
0.860
0.595
0.745
0.705
0.708
0.714
0.740
0.566
0.827
0.691
0.789
0.792
0.672
0.799
0.874
0.697
0.866
0.804
0.649
0.663
0.709
0.691
0.832
0.690
0.723
0.763
0.689
0.697
0.772
0.570
0.649
0.589
0.849
0.762
1.010
0.618
0.607
0.650
0.897
0.858
0.722
0.439
0.800
0.871
0.836
0.756
0.588
0.742
0.826
0.603
0.643
0.806
0.743
0.742
0.655
0.597
0.756
0.767
0.755
0.533
0.485
0.753
0.625
0.744
0.702
0.753
0.785
0.793
0.549
0.823
0.866
0.692
0.728
0.575
0.857
0.744
0.663
0.623
0.725
0.739
0.821
0.630
0.767
0.611
0.589
0.725
0.725
0.670
0.782
0.603
0.787
0.692
0.698
0.704
0.753
0.754
0.865
0.556
0.765
0.707
0.782
0.693
0.810
0.714
0.841
0.684
0.634
0.699
0.681
0.713
0.762
0.801
0.643
0.586
0.708
0.530
0.820
0.798
0.676
0.588
0.796
0.750
0.764
0.764
0.844
0.655
0.737
0.659
0.657
0.609
0.760
0.568
0.750
0.650
0.672
0.586
0.635
0.788
0.630
0.677
0.596
0.803
0.794
0.859
0.714
0.633
0.797
0.734
0.852
0.728
0.700
0.700
0.723
0.662
0.642
0.574
0.689
0.823
0.615
0.659
0.592
0.881
0.697
0.698
0.656
0.650
0.770
0.760
0.649
0.719
0.607
0.596
0.760
0.691
0.621
0.954
0.680
0.615
0.648
0.720
0.544
0.698
0.792
0.593
0.779
0.787
0.669
0.616
0.686
0.920
1.183
0.559
0.665
0.755
0.725
0.756
0.681
0.818
0.631
0.561
0.630
0.672
0.699
0.747
0.700
0.777
0.549
0.631
0.642
0.769
0.717
0.723
0.767
0.708
0.700
0.810
0.738
0.622
0.766
0.637
0.772
0.894
0.598
0.591
0.721
0.735
0.722
0.690
0.574
0.761
0.740
0.896
0.653
0.752
0.710
0.558
0.761
0.647
0.803
0.739
0.767
0.674
0.798
0.795
0.725
0.641
0.621
0.564
0.752
0.747
0.734
0.750
0.655
0.640
0.584
0.668
0.650
0.625
0.547
0.645
0.728
0.721
0.661
0.603
0.966
0.759
0.696
0.701
0.788
0.844
0.710
0.781
0.894
0.713
0.627
0.794
0.686
0.763
0.810
0.567
0.756
0.810
0.670
0.843
0.681
0.845
0.691
0.830
0.779
