17424
24330
21288
23586
10290
702
918
738
630
912
732
738
630
810
744
666
720
720
738
906
660
846
864
816
918
612
648
684
1014
936
762
744
726
810
816
744
906
774
840
804
846
696
852
732
888
660
648
996
708
792
774
768
660
792
1164
846
720
750
702
828
1320
654
780
792
930
792
630
846
870
666
822
648
690
762
768
858
678
786
756
732
618
624
924
756
702
858
702
678
876
828
756
852
750
714
780
714
762
702
864
858
702
852
750
792
864
906
840
750
1056
870
642
774
936
582
678
840
696
930
774
1014
720
684
1050
684
762
780
954
678
888
672
762
624
858
834
444
714
804
732
852
654
804
714
738
852
690
708
630
726
750
696
600
834
642
840
684
552
630
684
762
744
1158
624
642
894
1128
882
828
804
780
804
732
936
678
1086
738
780
690
654
798
720
786
1002
678
654
750
864
600
756
708
834
726
750
1158
864
768
726
834
996
780
654
888
846
828
846
834
846
726
816
1032
690
780
768
732
708
792
768
786
840
864
828
654
588
840
732
822
738
822
894
654
732
816
1020
966
666
822
792
660
1056
696
1020
606
714
924
750
888
690
882
792
822
828
762
672
882
768
720
672
882
702
798
672
888
702
654
756
642
582
828
870
876
738
654
918
648
690
678
882
606
840
816
696
774
852
750
708
816
816
930
774
618
672
810
708
738
846
516
870
852
774
684
660
672
816
768
654
888
714
750
750
750
774
582
960
756
594
1044
708
720
846
912
696
732
750
834
678
810
780
990
714
978
894
1014
912
612
858
774
762
792
636
900
864
858
708
762
870
852
696
678
738
780
588
948
606
972
738
696
822
792
768
678
720
714
948
774
966
768
822
834
1014
564
804
930
870
672
726
750
768
846
744
816
696
996
876
654
858
966
828
1176
648
798
642
750
810
684
726
864
1182
810
804
606
822
924
810
864
846
630
636
828
690
822
936
786
732
1002
942
612
798
690
750
726
810
828
822
924
810
714
684
966
666
594
672
906
852
834
828
888
780
816
726
810
666
750
792
948
726
678
786
1038
768
756
882
714
990
666
696
756
744
858
774
690
936
756
804
846
786
804
654
750
576
768
660
810
810
702
876
834
888
642
510
702
870
654
1116
870
678
762
906
918
798
726
858
666
606
834
960
918
846
786
888
972
1002
