12.016
18.356
14.624
15.934
17.506
14.541
20.525
16.208
13.811
18.801
14.782
14.960
13.084
17.222
15.825
13.519
15.244
14.477
15.357
18.091
13.898
18.661
18.539
16.930
19.844
12.918
13.809
13.661
22.047
19.980
15.781
14.432
15.291
16.985
17.398
16.138
18.918
16.946
17.941
17.734
18.021
14.960
17.351
15.060
19.340
13.493
13.220
20.739
17.819
19.175
17.045
16.802
13.776
17.817
26.499
18.339
15.594
15.685
14.161
18.027
27.756
13.643
16.951
17.081
20.490
17.941
13.490
18.106
18.049
14.266
16.117
13.523
14.782
16.069
16.216
18.325
14.846
17.021
16.147
15.272
12.646
13.297
19.581
16.227
15.092
18.562
14.672
14.308
18.946
17.675
15.793
18.264
16.118
15.093
16.591
15.326
15.452
14.814
19.285
18.922
15.655
20.892
17.477
18.259
18.866
19.934
18.625
17.327
22.806
18.773
13.617
15.361
20.412
12.258
14.894
18.210
15.351
19.578
16.503
21.608
15.219
14.165
23.124
14.361
16.119
16.608
20.626
13.801
19.743
14.226
15.702
12.897
18.283
17.308
8.793
15.824
17.149
15.908
17.841
13.973
17.542
14.997
15.814
17.865
14.750
15.152
13.766
15.375
15.996
14.756
12.792
18.063
13.516
17.902
13.625
11.940
12.858
14.760
15.937
16.061
27.042
13.414
13.862
18.897
24.727
18.651
17.135
17.568
16.410
17.803
15.090
21.400
15.090
27.013
16.479
18.263
14.915
14.136
18.039
15.455
18.316
23.494
15.203
14.415
16.596
19.137
12.383
16.602
15.475
18.891
17.118
17.248
26.739
18.216
16.692
14.481
17.623
21.258
16.778
13.659
18.795
17.632
17.625
18.090
18.179
17.812
14.893
17.147
22.383
14.143
16.569
16.478
15.606
14.725
16.572
16.304
15.934
17.496
17.949
17.685
13.723
11.887
17.349
15.611
17.465
15.778
17.309
18.398
13.813
15.390
16.545
21.539
21.174
13.136
16.828
16.538
12.742
21.873
13.789
20.432
12.084
14.094
18.729
15.025
18.429
14.061
17.293
17.381
16.094
16.189
14.756
13.698
17.702
15.213
13.966
12.872
17.577
13.881
15.957
13.363
17.714
14.134
12.530
14.852
12.514
11.289
16.223
17.412
16.895
14.714
12.917
18.637
12.967
13.926
13.346
17.911
11.980
16.768
16.540
13.739
15.054
17.124
14.947
13.765
15.517
16.062
18.959
15.651
11.904
13.450
16.556
13.745
14.211
17.297
9.948
17.089
16.984
14.872
13.443
12.995
13.396
15.854
15.421
12.749
17.803
14.178
14.623
15.178
15.091
15.216
11.391
19.469
14.856
11.920
21.387
14.068
14.493
17.149
18.361
13.607
14.327
14.486
16.718
12.911
16.438
15.314
20.108
13.979
19.061
17.921
20.480
18.385
11.922
17.254
15.562
15.430
16.159
12.669
18.103
17.195
17.193
14.011
15.013
16.746
16.837
13.957
13.302
14.763
15.594
11.535
18.891
11.684
19.728
14.600
13.483
15.838
15.818
15.141
13.526
14.350
14.368
19.245
15.624
18.985
15.251
16.642
16.421
20.792
10.855
16.091
18.649
17.531
13.314
14.380
14.811
15.392
17.133
15.064
16.757
14.067
19.692
17.368
13.051
18.761
19.984
16.587
23.984
12.705
15.793
12.786
14.883
15.768
13.838
14.176
17.092
24.252
16.121
15.587
11.977
16.227
18.343
15.706
16.700
16.699
12.168
12.331
16.513
13.731
16.535
18.873
15.744
14.579
20.111
19.381
12.488
16.610
13.864
15.617
15.169
17.027
17.299
16.999
19.255
16.457
14.532
14.091
20.546
14.126
12.221
13.487
18.583
17.207
17.549
17.073
18.205
15.988
16.980
14.620
16.760
13.778
15.455
16.185
19.735
14.826
13.177
15.846
21.960
15.683
15.519
18.194
14.455
20.600
13.096
13.880
15.463
15.320
17.747
15.743
13.714
19.699
15.960
16.765
17.454
15.900
17.024
13.229
15.327
11.618
15.577
13.518
17.006
16.955
14.234
18.100
17.205
18.286
13.010
10.212
14.312
17.751
13.526
23.774
17.859
14.133
15.942
18.876
19.297
17.147
14.924
17.499
12.859
12.533
17.526
19.628
19.800
17.887
16.804
19.066
20.149
21.153
