70.571
69.452
69.938
68.948
69.975
68.283
75.677
70.604
68.642
69.914
91.132
69.142
70.065
57.589
69.364
80.601
78.484
89.389
67.901
81.994
58.993
69.696
68.048
71.279
68.881
68.435
79.012
81.598
68.643
79.966
69.603
70.306
70.689
79.203
68.629
70.853
69.655
69.802
79.507
71.436
69.705
69.491
80.070
80.153
67.965
69.405
69.291
68.558
71.020
81.255
70.780
79.355
89.149
70.755
68.986
68.526
69.077
79.226
78.742
79.202
69.612
69.883
88.995
68.336
70.602
80.911
69.499
70.627
69.566
78.918
69.281
69.559
79.296
67.517
68.752
83.635
69.628
69.944
71.097
70.279
89.244
79.549
69.196
70.296
58.867
71.236
90.591
66.799
79.223
78.419
60.374
80.696
69.131
70.538
70.777
91.151
69.010
81.777
80.147
70.399
69.839
68.704
70.138
71.219
68.667
70.189
71.017
80.046
69.310
68.511
78.557
68.431
79.119
69.421
60.668
69.387
68.252
68.103
80.233
79.670
70.970
57.445
90.279
69.468
58.831
70.037
81.174
79.104
69.513
77.894
80.592
89.535
69.214
69.286
78.413
81.810
69.651
79.888
70.627
70.145
70.458
70.568
69.872
69.727
68.664
70.550
59.350
78.919
80.328
70.125
79.336
72.956
70.845
82.954
69.885
71.756
80.078
70.325
70.776
70.614
69.619
80.150
68.287
69.179
78.937
80.135
68.159
81.850
70.693
79.940
71.480
68.943
70.029
68.656
88.174
80.140
69.807
81.055
81.110
79.912
67.699
70.057
68.361
81.090
70.149
68.617
68.733
80.446
66.737
68.863
69.249
69.558
81.062
89.563
79.031
67.983
69.459
69.907
70.365
68.269
79.110
70.112
78.893
67.970
69.530
71.105
80.107
79.640
78.572
70.340
89.797
82.383
80.601
79.946
79.965
69.111
69.497
69.655
69.852
69.701
70.911
70.452
80.399
68.807
69.676
70.028
69.428
81.146
80.345
70.069
69.965
69.657
69.727
81.358
70.764
69.528
73.521
68.613
70.117
72.589
81.497
69.491
81.966
80.378
79.547
80.331
80.234
70.526
79.048
78.347
69.863
70.598
79.753
69.046
80.450
81.822
79.607
80.920
69.893
89.355
69.432
68.882
67.555
60.363
69.404
60.636
69.441
71.480
69.609
79.078
79.927
81.199
69.080
68.980
69.943
69.139
68.452
80.794
70.474
69.135
81.290
80.153
68.509
78.670
67.838
70.682
79.957
71.599
68.692
81.207
70.115
80.909
80.100
82.288
70.113
80.752
80.506
70.589
70.748
70.477
69.762
79.046
71.283
70.080
69.385
70.217
69.493
71.357
81.700
72.867
82.003
70.185
60.060
82.557
89.640
69.990
80.670
69.222
70.400
81.561
78.088
69.200
79.893
77.632
71.058
68.741
69.846
70.576
77.804
81.821
79.051
78.062
82.535
80.021
82.349
71.438
67.997
70.149
67.556
80.318
70.403
70.857
69.350
68.994
81.852
67.888
78.751
81.636
68.938
82.192
69.903
81.422
57.643
79.714
71.125
79.492
81.281
69.784
70.208
70.131
79.826
70.993
79.083
69.556
81.495
71.784
68.991
71.963
79.955
68.926
81.626
81.392
69.881
70.463
81.541
70.433
68.905
69.506
68.049
70.205
70.945
82.008
71.250
70.445
70.000
81.419
81.681
91.019
69.851
69.017
71.059
70.034
69.560
70.230
69.882
67.996
57.336
81.331
68.985
70.776
80.080
66.604
80.976
81.897
68.811
79.046
79.165
69.924
70.103
69.806
80.396
70.416
90.823
79.237
71.282
67.672
69.086
78.179
69.876
70.234
79.145
58.767
68.130
70.056
69.748
71.697
79.866
68.717
81.153
69.719
82.460
91.391
69.203
80.416
59.726
70.350
59.856
70.465
81.857
79.027
67.788
89.477
70.840
70.148
70.651
69.960
70.131
77.806
71.282
83.007
69.382
80.573
81.248
71.367
81.480
68.688
70.500
71.307
81.296
69.485
70.212
59.974
81.769
79.118
60.349
81.712
70.093
80.395
80.346
79.560
78.671
81.526
70.959
91.154
67.192
77.814
70.959
68.019
80.014
68.781
68.666
70.987
71.074
81.982
70.315
68.752
82.158
82.024
79.425
70.552
69.929
82.020
68.632
70.797
69.246
59.028
81.120
69.817
70.096
70.511
79.893
70.444
69.544
70.706
71.025
92.457
80.834
68.949
80.456
72.318
80.203
77.129
69.548
67.938
69.452
69.296
80.350
78.334
71.011
70.480
70.832
67.179
71.485
79.901
72.026
60.668
81.516
71.213
70.940
68.321
82.935
68.621
69.572
79.963
82.967
71.464
67.104
81.338
81.741
69.059
69.673
60.107
80.058
69.702
81.328
70.335
70.106
79.658
80.949
58.673
79.872
71.863
80.250
69.195
69.457
78.837
80.146
70.245
71.059
70.006
70.988
59.697
69.890
79.954
80.975
80.097
69.131
81.641
82.891
82.981
71.166
81.759
73.142
78.546
71.498
78.044
69.976
69.575
70.997
91.168
69.902
69.772
69.656
88.956
69.007
68.721
70.636
68.267
80.102
79.642
82.143
73.239
70.155
78.832
68.631
70.460
70.446
72.032
70.817
70.952
70.980
78.043
80.959
70.828
70.978
82.532
69.339
70.089
69.799
81.576
71.874
70.244
80.166
69.731
79.578
80.140
69.415
82.150
69.631
70.432
78.941
71.355
69.286
80.234
80.729
80.503
82.286
65.932
82.085
70.227
71.200
70.978
69.439
80.694
69.230
90.512
69.896
80.075
81.763
79.804
81.775
69.462
79.635
69.452
70.073
91.677
80.110
71.285
78.633
90.450
89.604
80.137
81.526
81.787
59.005
79.785
68.716
70.006
80.799
68.974
79.043
70.554
71.306
68.350
69.823
70.379
59.127
70.342
69.334
71.827
80.771
69.305
68.246
71.207
81.988
81.686
77.997
71.067
79.566
68.573
79.422
78.932
69.623
70.303
68.758
91.754
72.138
91.245
59.624
69.063
91.524
79.960
70.683
71.134
70.718
71.348
84.505
71.037
71.271
70.076
71.492
81.304
82.651
70.302
77.708
71.597
69.542
80.837
80.157
68.222
83.123
80.306
79.282
78.659
71.480
81.314
70.865
68.901
70.593
69.327
79.762
69.855
79.924
78.748
79.503
69.324
68.993
70.432
81.060
70.385
70.289
80.000
82.871
69.649
70.802
69.200
70.245
78.700
81.522
79.743
70.424
70.191
70.376
81.142
71.265
78.703
69.230
69.891
70.727
71.744
70.090
68.399
69.527
71.375
69.524
80.567
61.935
81.008
69.085
67.677
72.365
82.277
71.681
68.998
90.685
80.875
69.044
80.708
79.580
82.413
70.650
81.410
70.070
78.393
83.073
70.392
70.015
78.883
70.344
70.836
60.423
81.384
70.320
82.242
79.813
81.233
68.908
70.746
78.927
70.835
70.684
72.077
82.332
70.589
79.883
71.553
68.605
81.318
58.642
82.711
70.799
66.563
70.549
79.293
80.028
70.738
80.221
79.124
68.728
81.109
68.161
81.207
81.083
59.255
71.350
69.854
79.534
79.402
92.504
80.330
72.487
69.206
70.208
70.954
71.282
70.278
71.395
70.598
79.902
70.171
82.869
79.965
82.241
80.548
67.697
81.541
70.499
94.971
81.121
69.471
70.670
82.157
82.035
71.732
71.799
71.191
81.896
81.910
71.892
70.258
71.148
81.217
79.834
70.987
71.831
82.635
77.183
70.205
79.332
71.079
70.039
69.583
70.079
71.825
81.698
79.362
70.716
71.071
70.714
70.641
82.477
80.709
68.335
81.428
70.777
71.035
78.837
69.947
70.869
70.785
71.329
80.627
70.765
69.826
72.074
82.172
72.295
81.359
69.553
81.655
69.112
60.041
71.424
70.708
81.035
70.054
80.801
79.188
72.858
70.587
68.382
79.673
83.275
79.372
72.683
81.430
70.007
77.451
68.338
80.126
79.544
80.735
79.761
70.227
69.200
70.182
60.691
71.373
70.066
72.505
79.638
71.344
70.676
69.188
72.346
69.116
61.216
89.882
70.642
61.489
80.638
80.162
68.361
70.544
58.515
90.594
69.710
68.223
70.876
69.024
80.147
71.695
78.675
80.485
69.889
83.063
81.204
81.255
70.910
82.125
81.072
69.641
68.620
69.050
70.684
69.417
60.396
70.903
71.064
69.034
71.384
80.168
79.939
69.835
68.063
82.789
69.268
60.994
72.141
70.748
80.222
81.180
81.349
79.515
70.494
80.373
71.714
70.289
70.322
72.530
85.341
71.652
72.471
69.579
83.113
71.967
69.544
81.252
82.413
71.687
62.488
71.199
80.342
70.501
71.040
80.675
58.823
70.328
81.471
80.505
59.195
60.189
59.797
