679
873
289
265
332
402
693
826
641
429
492
770
607
653
542
685
1139
717
654
471
407
330
404
281
435
543
543
508
744
457
488
780
472
577
317
593
419
235
464
483
731
603
583
501
385
534
539
559
432
373
458
403
900
569
654
792
382
358
261
275
336
472
577
766
306
701
858
506
792
527
486
404
268
479
507
246
612
733
839
677
597
489
257
339
580
397
489
281
633
541
885
645
259
417
352
626
467
484
621
288
296
560
264
224
650
653
601
884
842
561
615
718
670
363
549
558
630
1013
725
867
550
506
614
340
269
541
287
265
416
795
329
567
640
400
541
418
712
407
585
707
510
1174
757
272
483
580
713
237
571
483
897
574
635
761
746
488
921
640
398
915
840
516
599
448
278
379
769
475
311
464
522
562
496
525
320
701
732
780
330
336
573
520
550
760
889
259
1373
938
671
733
499
386
574
690
356
620
270
331
535
405
700
322
321
793
420
494
883
631
370
318
631
785
406
581
637
228
455
302
688
473
380
742
297
224
718
402
306
262
301
552
238
341
379
588
530
441
563
493
653
418
461
900
544
510
382
666
502
781
471
647
462
681
573
530
695
801
414
337
403
474
693
455
819
472
613
455
649
625
395
534
589
666
799
700
919
714
530
854
522
239
520
485
476
447
405
436
451
649
653
717
710
622
659
542
487
352
317
429
487
399
328
332
785
497
534
523
698
345
362
578
304
609
756
381
461
471
573
244
236
297
297
386
587
452
602
355
244
498
420
235
578
263
300
612
547
436
261
569
561
803
518
749
613
759
578
411
636
801
573
568
506
394
363
547
587
502
402
1007
765
679
594
543
629
487
483
596
427
443
541
568
522
845
511
443
367
836
716
496
493
578
723
523
342
363
537
425
713
300
397
432
522
653
681
804
852
238
218
481
386
531
769
443
385
529
726
563
650
779
426
625
624
345
659
212
481
483
557
428
385
499
308
398
406
713
717
683
414
340
413
702
1027
420
611
324
434
868
427
474
480
480
684
420
915
244
841
891
660
502
1035
344
384
295
346
244
291
375
237
752
879
627
659
770
760
1135
391
402
760
644
777
1060
432
769
430
754
654
261
445
722
858
724
470
1158
243
329
360
376
442
557
567
559
406
364
624
485
282
344
269
279
698
916
615
793
659
846
958
448
392
612
268
369
661
294
530
590
445
584
277
228
253
766
754
312
982
516
522
946
286
416
711
579
424
472
666
374
493
405
302
603
429
480
231
399
515
906
864
666
782
320
379
754
698
479
509
344
448
232
338
874
542
388
501
700
492
469
386
444
445
247
251
287
322
411
393
447
318
451
626
266
367
249
254
260
655
592
505
316
398
331
561
280
911
787
234
267
246
349
318
272
524
521
517
698
465
449
384
410
718
692
708
287
351
532
763
600
231
311
622
420
438
544
517
792
466
591
858
759
268
231
616
496
909
515
868
645
271
455
523
458
487
808
462
532
464
314
492
697
806
474
460
551
410
699
501
324
372
619
309
353
344
745
270
606
1089
468
272
370
774
533
620
649
402
638
1009
604
796
999
689
609
278
585
636
553
989
317
693
922
581
957
307
246
506
511
357
654
537
522
526
518
538
326
388
295
282
391
885
437
391
760
379
610
760
656
277
466
492
629
770
393
266
364
273
328
595
949
282
290
295
250
331
254
336
283
625
785
648
721
599
388
345
547
719
465
595
602
598
507
242
695
361
464
683
674
748
683
328
495
320
533
709
446
478
426
618
616
597
434
904
654
330
383
395
342
818
640
774
391
391
598
501
359
794
268
778
741
875
765
679
554
487
579
536
551
944
498
318
451
330
243
461
493
861
663
469
698
954
527
623
658
625
404
295
615
920
1119
447
648
708
1043
823
862
985
526
801
515
499
334
910
842
809
338
844
381
866
321
298
727
598
524
399
319
527
332
378
595
547
710
496
316
426
352
444
620
495
445
647
312
875
673
848
518
472
748
399
493
314
388
261
398
313
320
450
613
1324
336
305
446
785
601
465
698
327
266
222
285
402
617
312
499
278
395
269
667
482
309
587
466
569
888
399
734
467
458
368
794
931
525
452
232
729
245
510
1066
583
269
463
368
324
524
776
787
825
881
644
343
272
252
340
239
393
662
785
705
746
259
423
268
790
550
598
334
440
529
1045
246
320
429
918
657
648
621
623
451
401
266
399
506
422
527
809
308
252
376
667
345
489
419
453
872
380
593
323
1024
326
423
727
304
326
344
465
407
1076
503
414
531
343
406
631
272
442
958
505
275
515
272
428
282
506
387
654
317
