0.313
-0.125
-0.130
-0.087
-0.091
-0.096
-0.082
-0.061
-0.068
-0.068
-0.044
-0.065
-0.043
-0.002
-0.005
0.005
0.000
0.043
0.064
0.080
0.127
0.158
0.199
0.242
0.338
0.387
0.454
0.559
0.680
0.791
0.891
0.961
0.947
0.986
0.999
1.000
0.999
0.481
0.258
0.415
0.608
0.698
0.836
0.927
0.954
0.961
0.971
0.980
0.986
0.836
0.696
0.914
0.998
0.999
1.000
1.000
1.000
1.000
1.000
1.000
1.000
1.000
1.000
1.000
1.000
1.000
0.496
0.333
0.416
0.544
0.278
0.395
0.464
0.493
0.529
0.555
0.587
0.582
0.684
0.704
0.766
0.794
0.839
0.873
0.916
0.928
0.999
1.000
1.000
1.000
1.000
1.000
1.000
1.000
0.999
1.000
1.000
1.000
1.000
1.000
1.000
0.424
-0.027
0.032
0.320
0.394
0.529
0.592
0.586
0.584
0.688
0.768
0.764
0.799
0.826
0.912
0.945
0.966
0.979
0.985
0.989
0.994
0.996
0.998
0.999
1.000
1.000
1.000
1.000
1.000
1.000
0.998
1.000
1.000
1.000
1.000
1.000
1.000
1.000
0.500
0.284
0.275
0.546
0.646
0.743
0.778
0.806
0.879
0.895
0.926
0.954
0.976
0.986
0.861
0.994
0.997
0.998
0.999
1.000
1.000
1.000
1.000
1.000
1.000
1.000
1.000
1.000
1.000
1.000
0.242
0.192
0.420
0.546
0.545
0.703
0.862
0.877
0.936
0.944
0.961
0.960
0.966
0.980
0.988
0.992
0.907
0.997
0.999
1.000
1.000
1.000
1.000
1.000
1.000
1.000
1.000
1.000
1.000
1.000
1.000
0.226
-0.108
-0.107
0.090
0.337
0.532
0.529
0.644
0.692
0.806
0.896
0.935
0.972
0.980
0.988
0.991
0.995
0.997
0.997
0.998
0.999
1.000
1.000
1.000
1.000
1.000
1.000
0.999
1.000
1.000
1.000
1.000
0.391
-0.111
0.027
0.275
0.107
0.409
0.403
0.542
0.691
0.799
0.829
0.876
0.892
0.945
0.953
0.952
0.965
0.988
0.994
0.997
0.998
0.999
1.000
1.000
1.000
1.000
1.000
1.000
1.000
1.000
1.000
1.000
1.000
1.000
1.000
0.499
0.177
0.341
0.557
0.657
0.739
0.808
0.856
0.895
0.657
0.961
0.972
0.976
0.986
0.991
0.996
0.997
0.998
0.999
1.000
1.000
1.000
1.000
1.000
1.000
1.000
1.000
1.000
1.000
1.000
1.000
0.155
0.094
0.262
0.318
0.467
0.530
0.643
0.637
0.729
0.830
0.874
0.873
0.924
0.674
0.960
0.966
0.809
0.659
0.891
0.997
0.998
0.999
1.000
1.000
1.000
1.000
1.000
1.000
1.000
1.000
1.000
1.000
1.000
1.000
0.388
0.025
0.163
0.254
0.346
0.415
0.477
0.602
0.742
0.776
0.859
0.897
0.946
0.961
0.967
0.976
0.979
0.983
0.849
0.994
0.996
0.997
0.998
0.999
1.000
1.000
1.000
1.000
1.000
1.000
1.000
1.000
1.000
1.000
1.000
1.000
0.246
0.022
0.193
0.276
0.149
0.608
0.702
0.776
0.837
0.927
0.946
0.724
0.983
0.988
0.993
0.995
0.995
0.998
0.999
1.000
1.000
1.000
1.000
1.000
1.000
1.000
1.000
1.000
1.000
1.000
1.000
0.385
0.024
0.095
0.253
0.255
0.541
0.529
0.690
0.686
0.829
0.851
0.924
0.960
0.975
0.989
0.995
0.998
0.999
1.000
1.000
1.000
1.000
1.000
1.000
1.000
1.000
1.000
1.000
1.000
0.500
0.087
0.090
0.087
0.047
0.410
0.539
0.697
0.734
0.803
0.897
0.910
0.654
0.945
0.976
0.988
0.996
0.998
0.999
0.999
1.000
1.000
1.000
1.000
1.000
1.000
1.000
1.000
1.000
1.000
1.000
1.000
0.303
0.184
0.183
0.344
0.653
0.737
0.801
0.855
0.895
0.894
0.923
0.946
0.953
0.976
0.819
0.994
0.995
0.997
0.998
0.999
1.000
1.000
1.000
1.000
1.000
1.000
1.000
1.000
1.000
1.000
1.000
1.000
1.000
0.495
0.176
0.245
0.413
0.418
0.746
0.881
0.924
0.946
0.953
0.972
0.979
0.847
0.878
0.995
0.997
0.999
1.000
1.000
1.000
1.000
1.000
1.000
1.000
1.000
1.000
1.000
1.000
1.000
0.191
-0.008
0.111
0.259
0.474
0.609
0.745
0.859
0.878
0.912
0.924
0.946
0.967
0.986
0.990
0.997
0.998
0.999
1.000
0.984
1.000
0.995
1.000
1.000
1.000
1.000
1.000
1.000
1.000
0.191
0.118
0.346
0.551
0.600
0.654
0.698
0.835
0.896
0.945
0.960
0.986
0.995
0.996
0.997
0.999
0.999
1.000
1.000
1.000
1.000
1.000
1.000
1.000
1.000
1.000
1.000
1.000
1.000
1.000
0.501
0.211
0.203
0.199
0.278
0.279
0.348
0.494
0.550
0.318
0.700
0.783
0.778
0.806
0.862
0.895
0.934
0.961
0.972
0.983
0.988
0.994
0.998
0.999
1.000
1.000
1.000
1.000
1.000
1.000
1.000
1.000
1.000
1.000
1.000
1.000
1.000
0.240
-0.114
0.020
0.134
0.359
0.436
0.430
0.561
0.594
0.643
0.693
0.729
0.768
0.798
0.855
0.893
0.910
0.946
0.960
0.983
0.989
0.995
0.997
0.998
0.999
0.999
1.000
1.000
1.000
1.000
1.000
1.000
1.000
1.000
1.000
1.000
1.000
1.000
0.496
0.179
0.486
0.650
0.804
0.829
0.896
0.597
0.935
0.967
0.986
0.993
0.994
0.996
0.999
1.000
1.000
1.000
1.000
1.000
1.000
1.000
0.999
1.000
1.000
1.000
1.000
1.000
1.000
0.462
0.358
0.482
0.541
0.650
0.807
0.877
0.924
0.944
0.961
0.983
0.991
0.995
0.997
0.998
0.999
0.999
1.000
1.000
1.000
1.000
1.000
1.000
1.000
1.000
1.000
1.000
1.000
1.000
0.391
0.558
0.123
0.125
0.346
0.549
0.600
0.653
0.386
0.854
0.873
0.597
0.908
0.954
0.971
0.983
0.988
0.992
0.996
0.932
0.999
1.000
1.000
1.000
1.000
1.000
1.000
1.000
1.000
1.000
1.000
1.000
1.000
0.303
-0.112
-0.107
0.029
0.167
0.251
0.344
0.410
0.601
0.736
0.833
0.856
0.911
0.936
0.967
0.976
0.988
0.992
0.995
0.997
0.998
0.999
1.000
1.000
1.000
1.000
1.000
1.000
1.000
1.000
1.000
1.000
1.000
1.000
0.425
0.199
0.282
0.430
0.608
0.313
0.733
0.858
0.925
0.954
0.983
0.991
0.994
0.996
0.998
0.999
0.999
1.000
1.000
1.000
1.000
1.000
1.000
1.000
1.000
1.000
1.000
0.236
0.283
0.567
0.616
0.784
0.839
0.915
0.913
0.926
0.947
0.972
0.986
0.993
0.996
0.998
0.999
1.000
1.000
1.000
1.000
1.000
1.000
1.000
1.000
1.000
1.000
1.000
1.000
1.000
0.497
0.123
0.204
0.426
0.494
0.611
0.605
0.658
0.703
0.775
0.805
0.881
0.875
0.925
0.954
0.967
0.977
0.993
0.996
0.998
0.999
1.000
1.000
1.000
1.000
1.000
1.000
1.000
1.000
1.000
1.000
1.000
1.000
0.550
0.165
0.233
0.392
0.589
0.692
0.799
0.856
0.911
0.935
0.933
0.944
0.972
0.985
0.991
0.994
0.998
0.999
1.000
1.000
1.000
1.000
1.000
1.000
1.000
1.000
1.000
1.000
0.392
0.056
0.365
0.500
0.547
0.702
0.775
0.833
0.877
0.910
0.924
0.945
0.953
0.976
0.991
0.996
0.998
0.999
1.000
1.000
1.000
1.000
1.000
1.000
1.000
1.000
1.000
1.000
1.000
0.387
0.373
0.132
0.126
-0.002
0.037
0.347
0.348
0.487
0.488
0.659
0.775
0.860
0.936
0.961
0.966
0.985
0.991
0.997
0.998
0.999
1.000
1.000
1.000
1.000
1.000
1.000
1.000
1.000
1.000
1.000
1.000
1.000
0.389
0.023
0.025
0.114
0.197
0.365
0.506
0.500
0.616
0.707
0.781
0.835
0.913
0.961
0.972
0.983
0.990
0.994
0.997
0.944
0.999
1.000
1.000
1.000
1.000
1.000
1.000
1.000
1.000
1.000
1.000
1.000
1.000
1.000
0.302
0.133
0.299
0.360
0.364
0.554
0.606
0.310
0.780
0.859
0.880
0.897
0.962
0.977
0.980
0.988
0.991
0.996
0.997
0.997
0.999
0.999
1.000
1.000
1.000
1.000
1.000
1.000
1.000
1.000
1.000
1.000
1.000
0.356
0.121
0.299
0.292
0.296
0.297
0.295
0.435
0.491
0.551
0.707
0.808
0.898
0.925
0.936
0.945
0.961
0.972
0.985
0.988
0.995
0.997
0.999
1.000
1.000
0.987
1.000
1.000
1.000
1.000
0.999
1.000
1.000
1.000
1.000
1.000
0.553
0.338
0.400
0.399
0.595
0.593
0.646
0.644
0.696
0.832
0.874
0.873
0.922
0.943
0.971
0.985
0.991
0.995
0.997
0.998
0.998
0.999
1.000
1.000
0.988
1.000
0.996
1.000
1.000
1.000
1.000
1.000
1.000
1.000
0.387
-0.126
0.131
0.286
0.563
0.708
0.745
0.742
0.811
0.861
0.898
0.955
0.973
0.986
0.988
0.994
0.997
0.999
1.000
1.000
1.000
1.000
1.000
1.000
1.000
1.000
1.000
1.000
1.000
1.000
0.265
0.161
0.398
0.458
0.591
0.642
0.691
0.733
0.857
0.853
0.876
0.924
0.946
0.759
0.983
0.990
0.993
0.996
0.997
0.999
0.999
1.000
1.000
1.000
1.000
1.000
1.000
1.000
1.000
1.000
1.000
1.000
1.000
0.179
0.022
0.098
0.098
0.178
0.250
0.406
0.405
0.601
0.642
0.805
0.805
0.893
0.908
0.953
0.971
0.988
0.994
0.997
0.998
0.999
0.999
1.000
1.000
1.000
1.000
1.000
1.000
1.000
1.000
1.000
1.000
1.000
1.000
1.000
0.385
0.260
0.333
0.595
0.640
0.733
0.829
0.879
0.935
0.954
0.960
0.980
0.991
0.993
0.996
0.997
0.938
0.999
1.000
1.000
1.000
1.000
1.000
1.000
1.000
1.000
1.000
1.000
1.000
1.000
1.000
0.388
0.094
0.297
0.347
0.481
0.478
0.600
0.741
0.773
0.832
0.878
0.894
0.911
0.961
0.976
0.986
0.992
0.994
0.997
0.999
0.999
1.000
1.000
1.000
1.000
1.000
1.000
1.000
1.000
1.000
1.000
1.000
1.000
0.391
-0.102
0.118
0.260
0.252
0.407
0.604
0.695
0.735
0.880
0.895
0.925
0.961
0.983
0.990
0.995
0.997
0.999
1.000
1.000
1.000
1.000
1.000
1.000
1.000
1.000
1.000
1.000
1.000
1.000
0.384
0.346
0.482
0.600
0.696
0.772
0.881
0.912
0.924
0.945
0.966
0.988
0.991
0.996
0.998
0.999
0.999
1.000
1.000
1.000
1.000
1.000
1.000
1.000
1.000
1.000
1.000
1.000
0.315
-0.192
0.119
0.347
0.408
0.650
0.808
0.926
0.961
0.976
0.986
0.989
0.995
0.998
0.999
0.999
0.975
1.000
1.000
1.000
1.000
1.000
1.000
1.000
1.000
1.000
1.000
1.000
0.241
0.528
0.262
0.492
0.657
0.735
0.806
0.831
0.856
0.877
0.910
0.961
0.960
0.961
0.971
0.980
0.990
0.993
0.997
0.999
0.999
1.000
0.982
1.000
1.000
1.000
1.000
1.000
1.000
1.000
1.000
1.000
0.307
0.160
0.342
0.485
0.602
0.777
0.804
0.830
0.877
0.911
0.945
0.952
0.980
0.991
0.992
0.996
0.998
0.999
0.999
1.000
1.000
1.000
1.000
1.000
1.000
1.000
1.000
1.000
1.000
1.000
1.000
1.000
0.415
0.417
0.478
0.482
0.600
0.700
0.806
0.833
0.925
0.972
0.982
0.985
0.991
0.995
0.998
0.998
0.999
1.000
1.000
1.000
1.000
1.000
1.000
1.000
1.000
1.000
1.000
1.000
1.000
1.000
1.000
0.188
0.541
0.100
0.277
0.343
0.413
0.541
0.591
0.703
0.778
0.778
0.881
0.911
0.947
0.967
0.983
0.985
0.991
0.996
0.998
0.999
0.999
1.000
1.000
1.000
1.000
1.000
1.000
1.000
1.000
1.000
1.000
1.000
1.000
0.417
0.656
0.439
0.500
0.501
0.619
0.661
0.711
0.748
0.784
0.884
0.938
0.962
0.815
0.994
0.996
0.998
0.999
0.999
1.000
1.000
1.000
1.000
1.000
1.000
1.000
1.000
1.000
1.000
1.000
1.000
0.304
0.025
0.127
0.289
0.342
0.479
0.647
0.642
0.641
0.831
0.875
0.909
0.935
0.952
0.976
0.979
0.990
0.995
0.996
0.998
0.999
1.000
1.000
1.000
0.990
1.000
1.000
1.000
1.000
1.000
1.000
1.000
1.000
0.217
-0.120
0.172
0.321
0.404
0.542
0.655
0.415
0.804
0.878
0.923
0.953
0.976
0.985
0.992
0.995
0.998
0.951
1.000
1.000
1.000
1.000
1.000
1.000
1.000
1.000
1.000
0.146
-0.108
0.026
0.104
0.340
0.485
0.659
0.776
0.808
0.879
0.876
0.925
0.953
0.967
0.759
0.976
0.986
0.993
0.997
0.999
0.999
0.999
0.999
1.000
1.000
1.000
1.000
1.000
1.000
1.000
1.000
1.000
1.000
1.000
0.669
0.428
0.427
0.493
0.609
0.701
0.741
0.776
0.833
0.938
0.954
0.960
0.976
0.985
0.991
0.867
0.997
0.999
0.999
0.999
1.000
1.000
0.990
1.000
1.000
1.000
1.000
1.000
1.000
1.000
1.000
1.000
1.000
1.000
0.502
0.026
0.198
0.414
0.590
0.693
0.835
0.547
0.924
0.967
0.986
0.991
0.995
0.997
0.998
0.999
1.000
1.000
1.000
1.000
1.000
1.000
1.000
1.000
1.000
1.000
1.000
1.000
1.000
0.387
0.192
0.479
0.597
0.646
0.647
0.691
0.802
0.854
0.877
0.923
0.934
0.960
0.976
0.983
0.988
0.991
0.995
0.996
0.998
0.998
0.999
1.000
1.000
1.000
1.000
1.000
1.000
1.000
1.000
1.000
1.000
1.000
1.000
1.000
0.355
0.176
0.417
0.472
0.611
0.744
0.779
0.862
0.880
0.611
0.955
0.967
0.983
0.988
0.994
0.997
0.998
0.999
1.000
1.000
1.000
1.000
1.000
1.000
1.000
1.000
1.000
1.000
1.000
1.000
1.000
1.000
0.499
0.613
0.499
0.552
0.545
0.609
0.700
0.806
0.856
0.876
0.876
0.897
0.894
0.946
0.967
0.979
0.984
0.991
0.994
0.996
0.997
0.998
0.999
0.999
1.000
1.000
1.000
1.000
1.000
1.000
1.000
1.000
1.000
1.000
1.000
1.000
1.000
0.367
0.220
0.263
0.342
0.404
0.403
0.538
0.591
0.647
0.774
0.832
0.858
0.896
0.912
0.925
0.946
0.954
0.976
0.986
0.990
0.995
0.997
0.999
0.999
1.000
1.000
1.000
1.000
1.000
1.000
1.000
1.000
1.000
1.000
1.000
1.000
1.000
0.389
0.557
0.120
0.295
0.345
0.543
0.740
0.832
0.877
0.895
0.936
0.960
0.972
0.986
0.991
0.994
0.995
0.997
0.999
0.999
0.979
1.000
1.000
0.996
1.000
1.000
1.000
1.000
1.000
1.000
1.000
0.439
0.488
0.110
0.187
0.261
0.350
0.421
0.553
0.655
0.697
0.777
0.833
0.926
0.960
0.980
0.991
0.995
0.997
0.998
0.999
1.000
1.000
1.000
1.000
1.000
1.000
1.000
0.999
1.000
1.000
1.000
1.000
1.000
0.044
0.188
0.273
0.359
0.362
0.494
0.552
0.703
0.697
0.741
0.837
0.897
0.925
0.954
0.976
0.988
0.993
0.996
0.998
0.999
0.999
1.000
1.000
1.000
1.000
1.000
1.000
1.000
1.000
1.000
1.000
1.000
1.000
1.000
0.302
0.023
0.098
0.263
0.542
0.773
0.799
0.856
0.545
0.924
0.972
0.982
0.994
0.995
0.997
0.998
0.998
1.000
1.000
1.000
1.000
1.000
1.000
1.000
1.000
1.000
1.000
1.000
1.000
0.389
0.132
0.211
0.413
0.539
0.595
0.694
0.770
0.801
0.830
0.875
0.909
0.961
0.980
0.979
0.988
0.991
0.995
0.997
0.998
0.999
1.000
1.000
1.000
1.000
1.000
1.000
1.000
1.000
1.000
1.000
1.000
1.000
1.000
1.000
1.000
0.492
-0.026
0.166
0.106
0.343
0.413
0.611
0.659
0.701
0.777
0.777
0.835
0.880
0.875
0.912
0.946
0.967
0.976
0.980
0.979
0.988
0.996
0.998
0.999
1.000
1.000
1.000
1.000
1.000
1.000
1.000
1.000
1.000
1.000
1.000
1.000
0.384
-0.117
0.027
0.249
0.140
0.540
0.691
0.728
0.771
0.769
0.877
0.908
0.935
0.966
0.975
0.979
0.990
0.995
0.997
0.998
0.999
1.000
1.000
1.000
1.000
1.000
1.000
1.000
1.000
1.000
1.000
1.000
1.000
0.384
0.020
0.104
0.351
0.497
0.487
0.545
0.704
0.351
0.698
0.776
0.881
0.926
0.953
0.972
0.983
0.988
0.995
0.996
0.998
0.999
0.999
1.000
1.000
1.000
1.000
1.000
1.000
1.000
1.000
1.000
1.000
1.000
0.559
0.285
0.436
0.208
0.554
0.705
0.839
0.899
0.937
0.961
0.980
0.990
0.995
0.998
0.999
0.999
1.000
1.000
1.000
1.000
1.000
1.000
0.997
1.000
1.000
1.000
1.000
1.000
1.000
0.423
0.200
0.192
0.434
0.552
0.656
0.699
0.835
0.896
0.934
0.953
0.966
0.985
0.991
0.995
0.998
0.999
0.999
1.000
1.000
1.000
1.000
1.000
1.000
1.000
1.000
1.000
1.000
1.000
1.000
0.156
0.096
0.145
0.267
0.353
0.349
0.498
0.242
0.709
0.708
0.813
0.897
0.938
0.954
0.972
0.983
0.983
0.993
0.994
0.997
0.998
0.999
0.999
1.000
1.000
1.000
1.000
1.000
1.000
1.000
1.000
1.000
1.000
1.000
0.496
0.481
0.190
0.358
0.500
0.607
0.654
0.705
0.779
0.862
0.913
0.926
0.702
0.740
0.810
0.988
0.995
0.996
0.998
0.999
1.000
1.000
1.000
1.000
1.000
1.000
1.000
1.000
1.000
1.000
1.000
1.000
0.388
0.482
0.092
0.181
0.327
0.602
0.732
0.805
0.880
0.924
0.924
0.935
0.966
0.979
0.982
0.987
0.993
0.994
0.996
0.998
0.999
1.000
1.000
1.000
1.000
1.000
1.000
1.000
1.000
1.000
1.000
1.000
0.388
0.085
0.428
0.551
0.547
0.655
0.776
0.833
0.878
0.910
0.961
0.971
0.986
0.993
0.996
0.997
0.998
0.941
0.999
1.000
1.000
1.000
1.000
1.000
1.000
1.000
1.000
1.000
1.000
1.000
1.000
1.000
0.214
0.626
0.366
0.431
0.557
0.704
0.425
0.808
0.835
0.858
0.855
0.897
0.924
0.945
0.972
0.980
0.988
0.991
0.996
0.998
0.999
1.000
1.000
1.000
1.000
1.000
1.000
1.000
1.000
1.000
1.000
1.000
1.000
0.495
0.100
0.105
0.280
0.557
0.648
0.685
0.768
0.830
0.857
0.926
0.961
0.980
0.988
0.993
0.995
0.997
0.998
0.999
0.999
1.000
1.000
1.000
1.000
1.000
1.000
1.000
1.000
1.000
1.000
1.000
1.000
0.384
0.027
0.123
0.367
0.419
0.415
0.554
0.703
0.698
0.810
0.523
0.897
0.924
0.968
0.976
0.990
0.994
0.996
0.997
0.999
0.959
1.000
1.000
1.000
1.000
1.000
1.000
1.000
1.000
1.000
1.000
1.000
0.238
0.214
0.349
0.411
0.594
0.588
0.653
0.642
0.829
0.875
0.923
0.921
0.960
0.971
0.979
0.987
0.987
0.995
0.997
0.998
0.999
1.000
1.000
1.000
1.000
1.000
1.000
1.000
1.000
1.000
1.000
1.000
1.000
0.463
0.091
0.083
0.093
0.081
0.149
0.304
0.474
0.590
0.584
0.730
0.796
0.848
0.908
0.636
0.932
0.966
0.971
0.983
0.987
0.991
0.996
0.998
0.999
1.000
1.000
1.000
1.000
1.000
1.000
1.000
1.000
1.000
1.000
1.000
1.000
1.000
0.239
0.624
0.376
0.411
0.479
0.536
0.650
0.807
0.833
0.913
0.946
0.967
0.983
0.987
0.991
0.994
0.996
0.998
0.999
1.000
1.000
1.000
1.000
1.000
1.000
1.000
1.000
1.000
1.000
1.000
0.568
0.353
0.343
0.408
0.604
0.654
0.779
0.806
0.880
0.936
0.961
0.759
0.990
0.996
0.998
0.998
0.999
1.000
1.000
1.000
1.000
1.000
0.998
1.000
1.000
1.000
1.000
1.000
1.000
0.245
0.025
0.135
0.122
0.375
0.500
0.617
0.663
0.701
0.808
0.897
0.937
0.962
0.983
0.991
0.994
0.997
0.998
0.999
0.999
1.000
1.000
1.000
1.000
1.000
1.000
1.000
1.000
1.000
1.000
1.000
1.000
1.000
0.389
0.091
-0.036
0.076
0.175
0.328
0.411
0.539
0.651
0.776
0.830
0.877
0.911
0.961
0.971
0.986
0.995
0.995
0.997
0.999
0.999
1.000
1.000
1.000
1.000
1.000
1.000
1.000
1.000
1.000
1.000
1.000
1.000
0.353
0.695
0.338
0.397
0.406
0.471
0.541
0.533
0.647
0.771
0.854
0.924
0.943
0.976
0.988
0.991
0.995
0.933
0.999
0.999
1.000
1.000
1.000
1.000
1.000
1.000
1.000
1.000
1.000
1.000
1.000
1.000
0.496
0.177
0.401
0.469
0.535
0.592
0.769
0.796
0.875
0.935
0.960
0.966
0.979
0.982
0.987
0.991
0.995
0.997
0.999
0.999
1.000
1.000
1.000
1.000
1.000
1.000
1.000
1.000
1.000
1.000
1.000
1.000
1.000
0.240
0.198
0.402
0.394
0.601
0.641
0.831
0.851
0.625
0.922
0.944
0.966
0.970
0.979
0.979
0.985
0.992
0.995
0.997
0.997
0.947
0.999
1.000
1.000
1.000
1.000
1.000
1.000
1.000
1.000
1.000
1.000
1.000
1.000
1.000
0.302
0.085
0.338
0.333
0.331
0.335
0.537
0.590
0.581
0.639
0.730
0.827
0.909
0.944
0.943
0.942
0.966
0.975
0.982
0.991
0.993
0.998
0.999
0.999
1.000
1.000
0.983
0.989
1.000
1.000
1.000
1.000
1.000
1.000
1.000
1.000
0.129
0.482
0.206
0.428
0.498
0.503
0.502
0.615
0.748
0.836
0.912
0.946
0.959
0.972
0.982
0.991
0.995
0.913
0.998
0.999
1.000
1.000
1.000
1.000
1.000
1.000
1.000
1.000
1.000
1.000
1.000
1.000
1.000
0.224
0.016
0.194
0.334
0.401
0.533
0.590
0.327
0.681
0.770
0.853
0.872
0.945
0.980
0.988
0.993
0.994
0.996
0.998
0.999
0.999
1.000
1.000
1.000
1.000
1.000
1.000
1.000
1.000
1.000
1.000
1.000
1.000
0.255
0.009
0.057
0.051
0.230
0.012
0.455
0.518
0.723
0.757
0.820
0.887
0.918
0.958
0.970
0.985
0.991
0.995
0.998
0.999
1.000
1.000
1.000
1.000
1.000
1.000
1.000
1.000
1.000
1.000
1.000
1.000
0.298
-0.133
0.092
0.250
0.310
0.310
0.573
0.679
0.720
0.386
0.850
0.870
0.907
0.933
0.640
0.951
0.979
0.987
0.995
0.998
0.999
1.000
1.000
1.000
1.000
1.000
1.000
1.000
1.000
1.000
1.000
1.000
1.000
0.386
0.193
0.262
0.323
0.329
0.469
0.642
0.764
0.874
0.894
0.909
0.944
0.952
0.960
0.971
0.985
0.867
0.994
0.997
0.929
0.999
0.999
1.000
1.000
1.000
1.000
1.000
1.000
1.000
1.000
1.000
1.000
1.000
0.372
0.135
0.135
0.405
0.467
0.530
0.638
0.684
0.801
0.534
0.933
0.951
0.965
0.975
0.985
0.989
0.992
0.996
0.998
0.999
1.000
1.000
1.000
1.000
1.000
1.000
1.000
1.000
1.000
1.000
1.000
1.000
1.000
0.285
0.004
0.010
0.070
0.255
0.471
0.526
0.522
0.640
0.728
0.765
0.798
0.828
0.854
0.935
0.966
0.985
0.989
0.993
0.996
0.997
0.998
0.999
0.999
1.000
1.000
1.000
1.000
1.000
1.000
1.000
1.000
1.000
1.000
1.000
0.370
0.467
0.258
0.245
0.339
0.380
0.565
0.626
0.721
0.759
0.383
0.849
0.871
0.872
0.908
0.942
0.965
0.979
0.989
0.993
0.998
0.999
1.000
1.000
1.000
1.000
1.000
1.000
1.000
0.998
1.000
1.000
1.000
1.000
1.000
1.000
0.372
0.076
0.079
0.078
0.272
0.679
0.853
0.908
0.944
0.965
0.979
0.978
0.985
0.991
0.993
0.995
0.996
0.997
0.998
0.999
1.000
1.000
1.000
1.000
1.000
1.000
1.000
1.000
1.000
1.000
1.000
1.000
1.000
1.000
0.398
0.410
0.167
0.521
0.642
0.735
0.769
0.830
0.852
0.923
0.934
0.972
0.979
0.989
0.994
0.993
0.996
0.998
0.999
0.966
1.000
1.000
1.000
0.993
1.000
1.000
1.000
1.000
1.000
1.000
1.000
1.000
0.413
0.074
0.168
0.401
0.645
0.682
0.731
0.831
0.852
0.874
0.935
0.944
0.971
0.976
0.987
0.994
0.920
0.998
0.999
1.000
1.000
1.000
1.000
1.000
1.000
1.000
1.000
1.000
1.000
0.283
0.087
0.084
0.082
0.169
0.165
0.234
0.314
0.474
0.462
0.585
0.688
0.728
0.766
0.873
0.908
0.943
0.951
0.959
0.985
0.989
0.996
0.998
0.956
1.000
1.000
1.000
1.000
1.000
1.000
1.000
1.000
1.000
1.000
1.000
1.000
1.000
1.000
0.109
0.246
0.394
0.533
0.587
0.725
0.797
0.849
0.869
0.891
0.935
0.944
0.983
0.989
0.994
0.995
0.997
0.998
0.999
0.999
0.972
1.000
1.000
1.000
1.000
1.000
1.000
1.000
1.000
1.000
1.000
1.000
1.000
0.352
0.074
0.312
0.386
0.457
0.687
0.676
0.760
0.824
0.874
0.945
0.965
0.975
0.985
0.991
0.995
0.998
0.999
1.000
1.000
1.000
1.000
1.000
1.000
1.000
1.000
1.000
1.000
1.000
0.289
0.127
0.384
0.521
0.639
0.684
0.724
0.797
0.891
0.906
0.906
0.921
0.932
0.943
0.965
0.970
0.987
0.995
0.997
0.999
0.999
1.000
1.000
1.000
1.000
1.000
1.000
1.000
1.000
1.000
1.000
1.000
0.479
0.173
0.263
0.346
0.418
0.486
0.602
0.600
0.651
0.697
0.697
0.771
0.801
0.829
0.874
0.923
0.934
0.960
0.979
0.991
0.994
0.995
0.998
0.999
0.999
1.000
1.000
1.000
1.000
1.000
1.000
1.000
1.000
1.000
1.000
1.000
1.000
1.000
0.283
-0.001
0.113
0.192
0.255
0.251
0.470
0.464
0.594
0.732
0.830
0.828
0.923
0.673
0.952
0.971
0.816
0.994
0.995
0.998
0.999
0.999
0.999
1.000
1.000
1.000
1.000
1.000
1.000
1.000
1.000
1.000
1.000
1.000
1.000
0.170
0.001
-0.089
0.320
0.469
0.529
0.578
0.732
0.801
0.827
0.851
0.891
0.922
0.944
0.976
0.988
0.994
0.885
0.998
0.999
1.000
1.000
1.000
1.000
1.000
1.000
1.000
1.000
1.000
1.000
1.000
1.000
0.272
0.632
0.328
0.393
0.463
0.461
0.527
0.685
0.831
0.853
0.924
0.980
0.805
0.982
0.987
0.994
0.998
0.999
0.999
1.000
1.000
1.000
1.000
1.000
1.000
1.000
1.000
1.000
1.000
1.000
1.000
0.366
-0.135
0.003
0.096
0.254
0.392
0.459
0.527
0.586
0.678
0.728
0.801
0.850
0.893
0.933
0.942
0.971
0.985
0.989
0.993
0.996
0.998
0.999
1.000
1.000
1.000
1.000
1.000
1.000
1.000
1.000
1.000
1.000
1.000
0.298
0.074
0.245
0.471
0.210
0.641
0.685
0.731
0.761
0.852
0.873
0.909
0.922
0.944
0.952
0.979
0.987
0.995
0.997
0.999
1.000
1.000
1.000
1.000
1.000
0.998
1.000
1.000
1.000
1.000
1.000
1.000
0.555
0.536
0.316
0.308
0.457
0.516
0.192
0.574
0.688
0.728
0.719
0.475
0.385
0.642
0.952
0.958
0.970
0.982
0.987
0.991
0.995
0.999
0.999
1.000
1.000
1.000
1.000
1.000
1.000
1.000
1.000
1.000
1.000
1.000
0.299
0.091
0.084
0.174
0.331
0.460
0.522
0.585
0.580
0.679
0.759
0.820
0.849
0.870
0.905
0.941
0.965
0.982
0.989
0.994
0.996
0.998
0.999
0.999
1.000
1.000
1.000
1.000
1.000
1.000
1.000
1.000
1.000
1.000
1.000
1.000
0.280
-0.010
0.332
0.385
0.523
0.571
0.623
0.796
0.892
0.943
0.964
0.970
0.979
0.987
0.989
0.994
0.997
0.998
0.999
0.999
1.000
1.000
1.000
1.000
1.000
1.000
1.000
1.000
1.000
1.000
1.000
1.000
1.000
0.400
-0.004
0.168
0.324
0.527
0.579
0.764
0.755
0.796
0.851
0.874
0.870
0.906
0.933
0.960
0.979
0.985
0.989
0.991
0.996
0.998
0.999
0.999
1.000
1.000
1.000
1.000
1.000
1.000
1.000
1.000
1.000
1.000
1.000
1.000
1.000
0.347
0.001
0.086
0.250
0.457
0.684
0.676
0.763
0.825
0.872
0.890
0.887
0.918
0.940
0.950
0.955
0.963
0.978
0.986
0.993
0.998
0.998
0.999
1.000
1.000
1.000
1.000
1.000
1.000
1.000
1.000
1.000
1.000
1.000
1.000
0.365
0.056
0.047
0.137
0.144
0.222
0.483
0.477
0.544
0.599
0.650
0.692
0.803
0.876
0.922
0.952
0.971
0.970
0.975
0.982
0.994
0.993
0.996
0.935
0.964
1.000
1.000
1.000
1.000
1.000
1.000
1.000
1.000
1.000
1.000
1.000
1.000
0.128
-0.006
0.176
0.240
0.324
0.321
0.532
0.590
0.687
0.729
0.829
0.826
0.910
0.944
0.965
0.979
0.985
0.991
0.995
0.999
0.999
1.000
1.000
1.000
1.000
1.000
1.000
1.000
1.000
1.000
1.000
1.000
1.000
0.529
0.126
0.141
0.138
0.314
0.307
0.388
0.450
0.517
0.516
0.633
0.321
0.279
0.527
0.907
0.920
0.952
0.959
0.975
0.978
0.857
0.996
0.998
0.999
1.000
1.000
1.000
1.000
1.000
1.000
1.000
1.000
1.000
1.000
1.000
1.000
1.000
0.292
-0.001
0.092
0.092
0.178
0.403
0.645
0.801
0.853
0.851
0.907
0.943
0.965
0.979
0.989
0.993
0.997
0.999
0.999
1.000
1.000
1.000
1.000
1.000
0.997
1.000
1.000
1.000
1.000
1.000
1.000
1.000
0.368
-0.006
0.234
0.326
0.321
0.537
0.529
0.590
0.734
0.768
0.855
0.933
0.966
0.975
0.982
0.987
0.995
0.996
0.998
0.999
0.999
0.972
1.000
1.000
1.000
1.000
1.000
1.000
1.000
1.000
1.000
1.000
1.000
1.000
0.405
0.515
0.249
0.234
0.389
0.457
0.513
0.576
0.630
0.400
0.825
0.920
0.942
0.965
0.970
0.987
0.856
0.994
0.997
0.999
0.999
1.000
1.000
1.000
1.000
1.000
1.000
1.000
1.000
1.000
1.000
1.000
1.000
1.000
1.000
0.372
0.273
0.486
0.541
0.649
0.729
0.768
0.854
0.909
0.920
0.952
0.959
0.971
0.979
0.982
0.987
0.994
0.997
0.998
0.998
0.999
0.999
1.000
1.000
1.000
1.000
1.000
1.000
1.000
1.000
1.000
1.000
1.000
1.000
0.205
0.276
-0.006
0.153
0.309
0.454
0.580
0.725
0.823
0.871
0.890
0.920
0.942
0.970
0.982
0.985
0.987
0.995
0.997
0.998
0.999
1.000
1.000
1.000
1.000
1.000
1.000
1.000
1.000
1.000
1.000
1.000
1.000
0.213
0.004
0.069
0.229
0.389
0.524
0.636
0.796
0.821
0.908
0.931
0.951
0.965
0.985
0.989
0.989
0.993
0.922
0.999
0.999
1.000
1.000
1.000
1.000
1.000
1.000
1.000
1.000
1.000
1.000
1.000
1.000
0.479
0.149
0.331
0.598
0.769
0.798
0.506
0.852
0.873
0.586
0.952
0.970
0.985
0.992
0.996
0.997
0.997
0.998
0.999
1.000
1.000
1.000
1.000
1.000
1.000
1.000
1.000
1.000
1.000
1.000
0.088
0.234
0.328
0.465
0.645
0.765
0.829
0.852
0.921
0.959
0.971
0.982
0.991
0.992
0.997
0.998
0.999
0.999
1.000
1.000
1.000
1.000
1.000
1.000
0.999
1.000
0.997
1.000
1.000
0.470
0.155
0.409
0.528
0.650
0.643
0.739
0.834
0.877
0.923
0.923
0.944
0.965
0.970
0.975
0.989
0.991
0.995
0.998
0.999
1.000
1.000
1.000
1.000
1.000
1.000
1.000
1.000
1.000
1.000
1.000
1.000
1.000
1.000
0.366
-0.138
-0.138
-0.136
0.095
0.178
0.334
0.466
0.592
0.587
0.639
0.684
0.767
0.829
0.853
0.909
0.960
0.971
0.982
0.989
0.995
0.996
0.998
0.999
0.999
1.000
1.000
1.000
1.000
1.000
1.000
1.000
1.000
1.000
1.000
1.000
1.000
1.000
1.000
0.599
0.239
0.150
0.572
0.718
0.751
0.848
0.889
0.951
0.978
0.987
0.993
0.997
0.999
1.000
1.000
1.000
1.000
1.000
1.000
1.000
1.000
1.000
1.000
1.000
1.000
1.000
1.000
0.387
0.088
0.083
0.176
0.334
0.407
0.471
0.529
0.689
0.759
0.853
0.892
0.944
0.959
0.979
0.993
0.995
0.998
0.999
1.000
1.000
1.000
1.000
1.000
1.000
1.000
1.000
1.000
1.000
1.000
0.288
0.154
0.329
0.390
0.587
0.731
0.830
0.850
0.891
0.905
0.943
0.951
0.965
0.979
0.985
0.993
0.993
0.997
0.999
1.000
1.000
1.000
1.000
1.000
1.000
1.000
1.000
1.000
1.000
1.000
1.000
0.291
0.004
0.106
0.327
0.447
0.521
0.629
0.684
0.795
0.850
0.891
0.960
0.971
0.989
0.991
0.995
0.997
0.998
0.999
1.000
1.000
1.000
1.000
1.000
1.000
1.000
1.000
1.000
1.000
1.000
0.137
-0.138
0.004
-0.025
0.454
0.729
0.891
0.944
0.971
0.975
0.989
0.995
0.997
0.998
0.999
0.999
1.000
1.000
1.000
0.994
1.000
1.000
1.000
1.000
1.000
1.000
1.000
0.298
0.466
0.162
0.260
0.379
0.375
0.567
0.618
0.310
0.673
0.787
0.869
0.884
0.942
0.974
0.984
0.986
0.989
0.993
0.995
0.997
0.998
0.999
0.999
1.000
1.000
1.000
1.000
1.000
1.000
1.000
1.000
1.000
1.000
1.000
0.478
-0.005
0.239
0.460
0.523
0.634
0.723
0.760
0.792
0.844
0.921
0.942
0.958
0.982
0.865
0.996
0.998
0.999
0.999
1.000
1.000
1.000
1.000
1.000
1.000
1.000
1.000
1.000
1.000
0.541
0.340
0.324
0.409
0.479
0.541
0.422
0.875
0.935
0.966
0.975
0.982
0.989
0.992
0.994
0.996
0.998
0.999
1.000
0.987
1.000
1.000
1.000
1.000
1.000
1.000
1.000
1.000
0.169
0.232
0.395
0.531
0.728
0.799
0.852
0.870
0.906
0.952
0.949
0.958
0.965
0.982
0.989
0.992
0.996
0.999
0.999
1.000
1.000
1.000
1.000
1.000
1.000
1.000
1.000
1.000
1.000
1.000
1.000
0.301
0.143
0.135
0.307
0.446
0.513
0.674
0.849
0.889
0.904
0.966
0.985
0.992
0.995
0.997
0.999
0.999
1.000
1.000
1.000
1.000
1.000
1.000
1.000
1.000
1.000
0.169
-0.000
0.110
0.272
0.329
0.478
0.596
0.693
0.770
0.855
0.893
0.923
0.944
0.976
0.979
0.987
0.991
0.992
0.998
0.999
0.999
1.000
1.000
1.000
1.000
1.000
1.000
1.000
1.000
1.000
1.000
1.000
1.000
1.000
1.000
0.374
-0.041
-0.017
0.165
0.251
0.318
0.525
0.580
0.636
0.727
0.850
0.920
0.950
0.958
0.970
0.979
0.987
0.987
0.991
0.996
0.998
0.998
0.999
1.000
1.000
1.000
1.000
1.000
1.000
1.000
1.000
1.000
1.000
1.000
0.271
0.153
0.243
0.137
0.597
0.693
0.769
0.798
0.924
0.933
0.690
0.971
0.971
0.975
0.985
0.996
0.917
0.999
0.999
1.000
1.000
1.000
1.000
1.000
1.000
1.000
1.000
1.000
1.000
0.471
-0.002
0.161
0.394
0.383
0.515
0.632
0.715
0.786
0.842
0.907
0.932
0.950
0.970
0.987
0.991
0.995
0.997
0.999
1.000
1.000
1.000
1.000
1.000
1.000
1.000
1.000
1.000
1.000
0.166
-0.142
-0.141
0.076
0.074
0.326
0.228
0.648
0.768
0.795
0.873
0.907
0.953
0.971
0.975
0.995
0.996
0.998
0.999
1.000
1.000
0.983
1.000
1.000
1.000
1.000
1.000
1.000
1.000
1.000
1.000
1.000
1.000
0.197
0.175
0.238
0.398
0.469
0.300
0.641
0.732
0.801
0.830
0.911
0.908
0.922
0.953
0.971
0.988
0.992
0.995
0.998
0.999
1.000
1.000
1.000
1.000
1.000
1.000
1.000
1.000
1.000
1.000
1.000
1.000
1.000
0.482
0.178
0.343
0.475
0.539
0.655
0.737
0.800
0.829
0.853
0.908
0.933
0.931
0.970
0.979
0.987
0.992
0.996
0.998
0.999
0.974
1.000
1.000
1.000
1.000
1.000
1.000
1.000
1.000
1.000
1.000
0.300
0.003
-0.041
0.239
0.233
0.324
0.460
0.589
0.730
0.854
0.893
0.921
0.952
0.980
0.989
0.992
0.995
0.997
0.998
0.999
1.000
1.000
1.000
1.000
1.000
1.000
1.000
1.000
1.000
1.000
1.000
1.000
0.372
0.164
0.237
0.237
0.620
0.671
0.756
0.787
0.817
0.453
0.920
0.941
0.958
0.964
0.969
0.974
0.978
0.991
0.994
0.997
0.998
0.999
1.000
1.000
1.000
1.000
1.000
1.000
1.000
1.000
1.000
1.000
1.000
1.000
0.370
-0.133
-0.162
0.149
0.230
0.389
0.453
0.565
0.627
0.721
0.822
0.906
0.976
0.984
0.992
0.994
0.997
0.998
0.998
0.999
1.000
1.000
1.000
1.000
1.000
1.000
1.000
1.000
1.000
1.000
1.000
1.000
1.000
1.000
0.295
-0.225
0.000
0.157
0.238
0.464
0.449
0.512
0.687
0.800
0.797
0.824
0.852
0.907
0.966
0.979
0.803
0.987
0.992
0.996
0.998
0.998
0.999
1.000
1.000
1.000
1.000
1.000
0.999
1.000
1.000
1.000
1.000
1.000
1.000
0.367
0.005
0.060
0.152
0.306
0.520
0.676
0.759
0.874
0.890
0.931
0.958
0.970
0.987
0.994
0.996
0.998
0.999
1.000
1.000
1.000
1.000
1.000
1.000
1.000
1.000
1.000
1.000
1.000
0.343
0.096
0.191
0.326
0.471
0.530
0.591
0.730
0.727
0.870
0.931
0.941
0.974
0.984
0.988
0.995
0.997
0.999
0.999
1.000
1.000
1.000
1.000
1.000
1.000
1.000
1.000
1.000
1.000
1.000
1.000
1.000
1.000
0.428
0.324
0.395
0.590
0.672
0.809
0.866
0.907
0.919
0.949
0.969
0.984
0.988
0.992
0.994
0.995
0.997
0.999
0.999
1.000
1.000
1.000
1.000
1.000
1.000
1.000
1.000
1.000
1.000
1.000
1.000
1.000
0.365
-0.137
0.003
0.090
0.173
0.235
0.401
0.532
0.639
0.832
0.876
0.907
0.905
0.932
0.959
0.971
0.982
0.987
0.987
0.991
0.993
0.996
0.998
0.999
0.999
1.000
1.000
1.000
1.000
1.000
1.000
1.000
1.000
1.000
1.000
1.000
1.000
1.000
1.000
0.273
0.535
0.094
0.404
0.462
0.585
0.642
0.768
0.910
0.945
0.965
0.975
0.987
0.992
0.995
0.997
0.999
0.999
0.974
1.000
1.000
1.000
1.000
1.000
1.000
1.000
1.000
1.000
1.000
1.000
0.291
-0.136
0.004
0.061
0.070
0.376
0.450
0.522
0.736
0.765
0.798
0.853
0.872
0.908
0.944
0.959
0.975
0.987
0.869
0.996
0.998
0.999
0.999
1.000
1.000
1.000
1.000
1.000
1.000
0.999
1.000
1.000
1.000
1.000
1.000
0.342
0.244
0.386
0.528
0.636
0.329
0.830
0.851
0.908
0.933
0.934
0.952
0.971
0.982
0.987
0.991
0.993
0.994
0.997
0.998
0.999
0.999
1.000
1.000
1.000
1.000
1.000
1.000
1.000
1.000
1.000
1.000
1.000
1.000
0.537
0.472
0.735
0.802
0.853
0.874
0.936
0.966
0.966
0.966
0.976
0.983
0.989
0.992
0.995
0.996
0.997
0.937
0.999
0.999
1.000
1.000
1.000
1.000
1.000
1.000
1.000
1.000
1.000
1.000
1.000
0.577
0.364
0.419
0.659
0.699
0.778
0.807
0.880
0.913
0.946
0.952
0.967
0.986
0.994
0.995
0.998
0.999
0.999
1.000
1.000
1.000
1.000
1.000
1.000
1.000
1.000
1.000
1.000
1.000
0.284
0.105
0.158
0.264
0.494
0.608
0.703
0.731
0.802
0.827
0.850
0.897
0.913
0.961
0.972
0.980
0.986
0.990
0.994
0.996
0.997
0.998
0.999
1.000
1.000
1.000
1.000
1.000
1.000
1.000
1.000
1.000
1.000
1.000
0.492
0.171
0.337
0.406
0.473
0.588
0.688
0.800
0.893
0.920
0.966
0.979
0.985
0.995
0.996
0.998
0.999
1.000
1.000
1.000
1.000
1.000
1.000
1.000
1.000
1.000
1.000
1.000
1.000
1.000
0.389
0.014
0.017
0.087
0.192
0.261
0.461
0.646
0.685
0.834
0.897
0.945
0.966
0.983
0.985
0.988
0.995
0.996
0.999
0.999
1.000
1.000
1.000
1.000
1.000
1.000
1.000
1.000
1.000
1.000
0.999
0.308
0.032
-0.025
0.271
0.420
0.486
0.428
0.858
0.895
0.925
0.945
0.960
0.976
0.990
0.994
0.997
0.998
0.999
0.999
1.000
1.000
1.000
1.000
1.000
1.000
1.000
1.000
1.000
1.000
1.000
0.556
0.704
0.424
0.484
0.480
0.482
0.601
0.695
0.689
0.802
0.851
0.873
0.909
0.944
0.943
0.979
0.991
0.994
0.997
0.998
0.999
0.999
1.000
1.000
1.000
1.000
1.000
1.000
1.000
1.000
1.000
1.000
0.416
0.021
0.276
0.426
0.474
0.662
0.699
0.803
0.856
0.895
0.924
0.953
0.980
0.988
0.994
0.996
0.998
0.999
0.999
1.000
1.000
1.000
1.000
1.000
1.000
0.999
1.000
1.000
1.000
1.000
1.000
0.311
-0.197
0.027
0.181
0.601
0.593
0.589
0.691
0.802
0.875
0.874
0.910
0.923
0.934
0.960
0.983
0.983
0.991
0.995
0.998
0.941
0.999
1.000
1.000
1.000
1.000
1.000
1.000
1.000
1.000
1.000
1.000
1.000
1.000
0.352
0.007
-0.039
0.071
0.016
0.151
0.481
0.603
0.650
0.740
0.834
0.858
0.912
0.936
0.961
0.967
0.976
0.980
0.983
0.988
0.989
0.996
0.998
0.999
0.999
1.000
1.000
1.000
1.000
1.000
1.000
1.000
1.000
1.000
1.000
1.000
1.000
0.147
0.032
0.277
0.406
0.478
0.536
0.735
0.768
0.799
0.796
0.851
0.910
0.944
0.953
0.966
0.966
0.975
0.989
0.996
0.998
0.999
1.000
1.000
1.000
1.000
0.995
1.000
1.000
1.000
1.000
1.000
1.000
1.000
1.000
0.360
0.009
0.010
0.019
0.015
0.270
0.264
0.161
0.707
0.741
0.836
0.881
0.926
0.968
0.983
0.986
0.991
0.908
0.999
1.000
1.000
1.000
1.000
1.000
1.000
1.000
1.000
1.000
1.000
1.000
1.000
0.381
0.526
0.255
0.328
0.480
0.648
0.736
0.773
0.802
0.855
0.925
0.946
0.704
0.976
0.986
0.991
0.995
0.997
0.998
0.999
1.000
1.000
1.000
1.000
1.000
1.000
1.000
1.000
1.000
1.000
1.000
1.000
0.384
0.483
0.114
0.286
0.431
0.421
0.549
0.659
0.747
0.744
0.738
0.742
0.859
0.909
0.935
0.979
0.987
0.995
0.998
0.998
0.999
1.000
1.000
1.000
1.000
1.000
1.000
1.000
1.000
1.000
1.000
1.000
1.000
1.000
0.147
0.019
0.096
0.169
0.174
0.330
0.409
0.602
0.599
0.649
0.697
0.697
0.773
0.807
0.857
0.912
0.946
0.953
0.960
0.972
0.988
0.992
0.996
0.998
0.999
1.000
1.000
1.000
1.000
1.000
1.000
1.000
1.000
1.000
1.000
1.000
1.000
0.219
0.099
0.231
0.479
0.469
0.464
0.538
0.740
0.771
0.860
0.925
0.954
0.960
0.971
0.983
0.985
0.990
0.995
0.998
0.999
0.999
1.000
1.000
1.000
1.000
1.000
1.000
1.000
1.000
1.000
1.000
1.000
1.000
1.000
1.000
1.000
0.239
0.160
0.413
0.406
0.654
0.773
0.832
0.878
0.912
0.936
0.954
0.967
0.975
0.988
0.991
0.996
0.997
0.998
0.998
0.999
0.999
1.000
0.988
1.000
1.000
1.000
1.000
1.000
1.000
1.000
1.000
1.000
1.000
0.436
0.338
0.324
0.414
0.543
0.595
0.651
0.740
0.808
0.898
0.909
0.935
0.967
0.976
0.983
0.993
0.995
0.998
0.999
1.000
1.000
1.000
1.000
1.000
1.000
1.000
1.000
1.000
1.000
1.000
1.000
1.000
0.306
-0.192
0.025
0.250
0.399
0.469
0.527
0.589
0.733
0.767
0.798
0.854
0.907
0.934
0.960
0.971
0.971
0.983
0.985
0.989
0.888
0.919
0.999
1.000
1.000
1.000
1.000
1.000
1.000
1.000
1.000
1.000
1.000
0.186
0.125
0.110
0.114
0.278
0.354
0.508
0.557
0.613
0.704
0.776
0.858
0.878
0.926
0.962
0.977
0.983
0.983
0.990
0.995
0.998
0.999
0.959
0.999
1.000
1.000
1.000
1.000
1.000
1.000
1.000
1.000
1.000
1.000
1.000
0.157
0.024
0.137
0.271
0.339
0.419
0.481
0.603
0.742
0.806
0.896
0.926
0.973
0.986
0.993
0.995
0.998
0.999
0.999
1.000
1.000
1.000
1.000
1.000
1.000
1.000
1.000
1.000
1.000
1.000
1.000
1.000
0.496
0.172
0.251
0.490
0.647
0.737
0.454
0.858
0.897
0.936
0.954
0.972
0.983
0.990
0.991
0.993
0.996
0.999
0.999
1.000
1.000
1.000
1.000
1.000
1.000
1.000
1.000
1.000
1.000
1.000
0.390
0.017
0.283
0.355
0.155
0.491
0.550
0.654
0.742
0.776
0.805
0.833
0.899
0.936
0.955
0.966
0.979
0.991
0.997
0.998
0.999
1.000
1.000
1.000
1.000
1.000
1.000
1.000
1.000
1.000
1.000
1.000
0.291
0.025
0.117
0.225
0.226
0.479
0.540
0.639
0.728
0.801
0.853
0.909
0.933
0.932
0.953
0.952
0.976
0.983
0.989
0.991
0.996
0.999
0.999
1.000
1.000
1.000
1.000
1.000
1.000
1.000
1.000
1.000
1.000
1.000
1.000
0.492
0.090
0.166
0.350
0.343
0.488
0.481
0.662
0.696
0.456
0.833
0.855
0.924
0.953
0.967
0.972
0.983
0.982
0.987
0.992
0.995
0.998
0.999
0.999
1.000
1.000
0.988
1.000
1.000
1.000
1.000
1.000
1.000
1.000
1.000
0.416
0.212
0.419
0.741
0.833
0.855
0.936
0.952
0.965
0.971
0.985
0.987
0.994
0.996
0.998
0.999
1.000
1.000
1.000
1.000
1.000
1.000
1.000
1.000
1.000
1.000
1.000
0.499
0.023
0.101
0.256
0.538
0.591
0.695
0.771
0.772
0.833
0.488
0.878
0.937
0.972
0.976
0.988
0.994
0.996
0.998
0.999
1.000
1.000
1.000
1.000
1.000
1.000
1.000
1.000
1.000
1.000
1.000
1.000
1.000
0.381
0.032
0.237
0.422
0.420
0.612
0.654
0.700
0.807
0.855
0.898
0.925
0.936
0.967
0.981
0.983
0.993
0.995
0.997
0.999
0.999
1.000
1.000
1.000
1.000
1.000
0.999
1.000
1.000
1.000
1.000
1.000
0.313
0.032
0.196
0.270
0.618
0.699
0.742
0.777
0.836
0.878
0.925
0.936
0.961
0.972
0.990
0.996
0.997
0.997
0.999
0.999
1.000
1.000
1.000
1.000
0.998
1.000
1.000
1.000
1.000
1.000
1.000
1.000
0.546
0.166
0.242
0.401
0.396
0.643
0.688
0.731
0.728
0.858
0.937
0.945
0.944
0.961
0.966
0.980
0.990
0.994
0.914
0.999
0.999
1.000
1.000
1.000
1.000
1.000
1.000
1.000
1.000
1.000
1.000
1.000
1.000
0.495
0.198
0.279
0.272
0.272
0.548
0.736
0.832
0.854
0.895
0.924
0.944
0.976
0.850
0.997
0.998
0.999
1.000
1.000
1.000
1.000
1.000
0.997
1.000
1.000
1.000
1.000
1.000
1.000
1.000
0.496
0.099
0.189
0.182
0.285
0.414
0.556
0.662
0.744
0.780
0.836
0.856
0.926
0.962
0.977
0.980
0.988
0.994
0.997
0.999
0.999
1.000
1.000
1.000
1.000
1.000
1.000
1.000
1.000
1.000
1.000
1.000
0.458
0.368
0.435
0.617
0.662
0.747
0.812
0.860
0.899
0.926
0.946
0.976
0.983
0.990
0.994
0.998
0.999
0.999
1.000
1.000
1.000
1.000
1.000
1.000
1.000
1.000
1.000
1.000
1.000
1.000
0.390
-0.112
0.031
0.268
0.326
0.479
0.543
0.599
0.594
0.775
0.805
0.804
0.879
0.896
0.632
0.954
0.972
0.980
0.991
0.991
0.994
0.997
0.999
0.999
1.000
1.000
1.000
1.000
1.000
1.000
1.000
1.000
1.000
1.000
1.000
1.000
0.308
-0.187
0.035
0.102
0.343
0.139
0.529
0.648
0.774
0.878
0.572
0.909
0.945
0.954
0.972
0.985
0.993
0.995
0.995
0.997
0.999
1.000
1.000
1.000
1.000
1.000
1.000
1.000
1.000
1.000
1.000
1.000
0.362
0.352
0.479
0.536
0.687
0.733
0.830
0.827
0.874
0.874
0.923
0.966
0.990
0.995
0.903
0.998
0.999
0.999
0.999
1.000
1.000
1.000
1.000
1.000
1.000
1.000
1.000
1.000
1.000
1.000
0.311
0.088
0.259
0.330
0.331
0.479
0.545
0.741
0.771
0.771
0.833
0.895
0.946
0.960
0.982
0.989
0.993
0.996
0.997
0.999
0.999
1.000
1.000
1.000
1.000
1.000
1.000
1.000
1.000
1.000
1.000
1.000
1.000
1.000
1.000
0.496
0.208
0.207
0.375
0.510
0.564
0.618
0.753
0.809
0.884
0.948
0.973
0.983
0.991
0.898
0.786
0.956
1.000
1.000
1.000
1.000
1.000
1.000
1.000
1.000
1.000
1.000
1.000
1.000
0.312
0.374
0.024
0.273
0.486
0.656
0.772
0.831
0.879
0.896
0.946
0.945
0.971
0.980
0.991
0.995
0.996
0.997
0.998
0.999
1.000
1.000
1.000
0.993
1.000
1.000
1.000
1.000
1.000
1.000
1.000
1.000
0.313
0.093
0.292
0.493
0.487
0.707
0.835
0.878
0.895
0.954
0.980
0.993
0.996
0.998
0.999
1.000
1.000
1.000
1.000
1.000
1.000
1.000
1.000
1.000
1.000
0.386
0.029
0.210
0.338
0.556
0.607
0.750
0.777
0.835
0.937
0.955
0.967
0.980
0.991
0.997
0.942
0.999
1.000
1.000
1.000
1.000
1.000
1.000
1.000
1.000
1.000
1.000
1.000
0.125
0.598
0.266
0.260
0.262
0.502
0.493
0.666
0.739
0.777
0.860
0.880
0.913
0.925
0.936
0.946
0.972
0.980
0.990
0.996
0.997
0.999
1.000
1.000
1.000
1.000
1.000
1.000
1.000
1.000
1.000
1.000
1.000
0.553
0.104
0.187
0.188
0.185
0.258
0.493
0.484
0.552
0.656
0.742
0.807
0.859
0.925
0.967
0.974
0.982
0.991
0.993
0.996
0.999
0.975
1.000
1.000
1.000
1.000
1.000
1.000
1.000
1.000
1.000
1.000
1.000
1.000
1.000
0.317
0.169
0.235
0.330
0.409
0.537
0.650
0.735
0.878
0.911
0.935
0.960
0.976
0.983
0.993
0.996
0.995
0.997
0.998
0.999
0.999
0.982
1.000
1.000
1.000
1.000
1.000
1.000
1.000
1.000
1.000
1.000
0.301
0.020
0.025
0.078
0.357
0.431
0.489
0.612
0.698
0.736
0.801
0.828
0.912
0.944
0.966
0.971
0.970
0.983
0.990
0.991
0.996
0.998
0.999
0.951
0.999
1.000
1.000
1.000
1.000
1.000
1.000
1.000
1.000
1.000
1.000
1.000
0.388
-0.114
0.029
0.022
0.288
0.555
0.660
0.776
0.775
0.883
0.914
0.712
0.962
0.972
0.980
0.986
0.990
0.993
0.996
0.999
0.999
0.999
1.000
1.000
1.000
0.994
1.000
1.000
1.000
1.000
1.000
1.000
1.000
1.000
0.240
0.022
0.120
0.223
0.219
0.352
0.482
0.606
0.778
0.809
0.804
0.895
0.911
0.638
0.954
0.980
0.983
0.990
0.995
0.998
0.999
1.000
1.000
1.000
1.000
1.000
1.000
1.000
1.000
1.000
1.000
0.362
-0.023
0.183
0.274
0.420
0.488
0.545
0.600
0.703
0.700
0.774
0.838
0.527
0.859
0.899
0.913
0.710
0.972
0.983
0.990
0.995
0.997
0.999
0.999
1.000
1.000
1.000
1.000
1.000
1.000
1.000
1.000
1.000
1.000
1.000
1.000
0.606
0.264
0.148
0.479
0.481
0.544
0.651
0.738
0.771
0.833
0.896
0.893
0.911
0.954
0.961
0.972
0.983
0.993
0.997
0.999
1.000
1.000
1.000
1.000
1.000
1.000
1.000
1.000
1.000
1.000
1.000
1.000
0.574
0.488
0.279
0.481
0.260
0.431
0.831
0.857
0.895
0.945
0.944
0.966
0.983
0.988
0.991
0.992
0.997
0.999
0.999
1.000
1.000
1.000
1.000
1.000
1.000
1.000
1.000
1.000
1.000
1.000
1.000
0.499
0.272
0.266
0.342
0.552
0.706
0.771
0.777
0.835
0.858
0.912
0.946
0.945
0.954
0.972
0.972
0.972
0.988
0.996
0.997
0.998
0.999
0.999
1.000
1.000
1.000
1.000
1.000
1.000
1.000
1.000
1.000
1.000
1.000
1.000
1.000
0.306
0.484
0.015
0.100
0.177
0.272
0.272
0.418
0.552
0.696
0.775
0.836
0.927
0.955
0.967
0.795
0.983
0.993
0.994
0.997
0.998
0.999
1.000
1.000
1.000
1.000
1.000
1.000
1.000
1.000
1.000
1.000
1.000
0.391
0.028
0.157
0.239
0.397
0.469
0.530
0.644
0.772
0.831
0.877
0.935
0.945
0.953
0.983
0.991
0.996
0.998
0.999
1.000
1.000
1.000
1.000
1.000
1.000
1.000
1.000
1.000
1.000
1.000
1.000
1.000
0.483
0.255
0.410
0.597
0.737
0.804
0.855
0.894
0.936
0.961
0.971
0.990
0.994
0.996
0.998
0.999
0.999
0.999
1.000
1.000
1.000
1.000
1.000
1.000
1.000
1.000
1.000
1.000
1.000
1.000
0.127
0.598
0.540
0.641
0.832
0.827
0.852
0.909
0.935
0.960
0.980
0.985
0.989
0.991
0.995
0.997
0.999
1.000
1.000
1.000
1.000
1.000
1.000
1.000
1.000
1.000
1.000
1.000
1.000
0.500
0.556
0.291
0.495
0.660
0.739
0.878
0.946
0.961
0.976
0.983
0.990
0.996
0.998
0.999
1.000
1.000
1.000
1.000
1.000
1.000
1.000
1.000
1.000
1.000
1.000
1.000
1.000
0.158
0.370
0.218
0.286
0.612
0.742
0.810
0.809
0.835
0.912
0.926
0.954
0.960
0.971
0.983
0.993
0.997
0.998
0.999
1.000
1.000
1.000
1.000
1.000
1.000
1.000
1.000
1.000
1.000
1.000
1.000
0.492
0.177
0.333
0.399
0.531
0.583
0.684
0.766
0.825
0.874
0.892
0.923
0.945
0.944
0.966
0.976
0.979
0.991
0.995
0.997
0.999
0.999
0.999
1.000
1.000
1.000
1.000
1.000
1.000
1.000
1.000
1.000
1.000
1.000
0.154
-0.193
-0.189
0.111
0.187
0.251
0.427
0.479
0.223
0.648
0.699
0.777
0.838
0.899
0.925
0.962
0.761
0.990
0.996
0.997
0.998
0.952
0.999
1.000
1.000
1.000
1.000
1.000
1.000
1.000
1.000
1.000
1.000
1.000
1.000
1.000
0.495
0.187
0.487
0.696
0.801
0.875
0.925
0.945
0.944
0.960
0.976
0.982
0.989
0.995
0.996
0.998
0.999
0.999
1.000
1.000
1.000
1.000
1.000
1.000
1.000
1.000
1.000
1.000
1.000
0.391
0.094
-0.029
0.084
0.086
0.173
0.409
0.471
0.599
0.644
0.696
0.860
0.925
0.961
0.975
0.986
0.993
0.996
0.998
0.999
0.999
1.000
1.000
1.000
1.000
1.000
1.000
1.000
1.000
1.000
1.000
1.000
0.065
-0.191
0.028
0.109
0.341
0.420
0.417
0.600
0.736
0.799
0.871
0.907
0.934
0.943
0.959
0.971
0.975
0.982
0.993
0.997
0.998
0.999
0.999
1.000
1.000
1.000
1.000
1.000
1.000
1.000
1.000
1.000
1.000
1.000
1.000
1.000
1.000
0.554
0.340
0.548
0.604
0.703
0.738
0.840
0.914
0.947
0.954
0.972
0.979
0.988
0.990
0.995
0.996
0.997
0.947
0.999
1.000
1.000
1.000
1.000
1.000
1.000
1.000
1.000
1.000
1.000
1.000
1.000
0.386
-0.113
0.131
0.279
0.357
0.550
0.661
0.709
0.746
0.781
0.842
0.880
0.881
0.928
0.947
0.961
0.977
0.983
0.986
0.990
0.995
0.997
0.999
0.999
1.000
1.000
1.000
0.997
1.000
1.000
1.000
1.000
1.000
1.000
1.000
1.000
1.000
0.626
0.268
0.277
0.436
0.714
0.746
0.811
0.878
0.909
0.945
0.967
0.980
0.989
0.991
0.995
0.997
0.998
0.999
0.999
1.000
1.000
1.000
1.000
1.000
1.000
1.000
1.000
1.000
1.000
1.000
1.000
0.240
0.342
0.600
0.699
0.806
0.853
0.856
0.893
0.892
0.944
0.966
0.975
0.987
0.995
0.998
0.999
1.000
1.000
1.000
1.000
1.000
1.000
1.000
1.000
1.000
1.000
1.000
1.000
1.000
0.234
-0.107
-0.114
0.128
0.445
0.502
0.556
0.663
0.745
0.811
0.881
0.927
0.955
0.962
0.972
0.977
0.983
0.991
0.996
0.998
0.999
1.000
1.000
1.000
1.000
1.000
1.000
1.000
1.000
1.000
1.000
1.000
1.000
0.304
0.368
0.013
0.075
0.077
0.250
0.406
0.541
0.648
0.773
0.860
0.911
0.945
0.976
0.988
0.993
0.995
0.997
0.999
0.999
0.999
1.000
1.000
1.000
1.000
1.000
0.999
1.000
1.000
1.000
1.000
1.000
1.000
0.530
0.260
0.347
0.201
0.598
0.696
0.807
0.483
0.895
0.911
0.924
0.935
0.945
0.967
0.976
0.979
0.989
0.994
0.997
0.998
0.999
0.999
1.000
1.000
1.000
1.000
1.000
1.000
1.000
1.000
1.000
1.000
1.000
1.000
1.000
0.422
0.122
0.209
0.184
0.196
0.198
0.198
0.336
0.488
0.594
0.694
0.774
0.831
0.910
0.967
0.976
0.983
0.989
0.995
0.996
0.997
0.998
0.999
0.999
1.000
1.000
1.000
1.000
1.000
1.000
1.000
1.000
1.000
1.000
1.000
1.000
1.000
0.080
0.533
0.207
0.558
0.604
0.703
0.836
0.856
0.911
0.945
0.960
0.979
0.819
0.989
0.996
0.997
0.999
0.999
1.000
1.000
1.000
0.993
1.000
1.000
1.000
1.000
1.000
1.000
1.000
-0.015
-0.110
0.117
0.095
0.273
0.349
0.619
0.697
0.808
0.804
0.832
0.855
0.895
0.936
0.961
0.980
0.988
0.996
0.998
0.999
0.999
1.000
1.000
1.000
1.000
1.000
1.000
1.000
1.000
1.000
1.000
1.000
1.000
1.000
1.000
1.000
0.494
0.622
0.493
0.610
0.656
0.698
0.739
0.775
0.832
0.880
0.938
0.954
0.954
0.967
0.971
0.972
0.979
0.991
0.992
0.996
0.943
0.999
1.000
1.000
1.000
1.000
1.000
1.000
1.000
1.000
1.000
1.000
1.000
1.000
0.619
0.325
0.392
0.466
0.535
0.691
0.878
0.909
0.959
0.971
0.847
0.992
0.995
0.996
0.997
0.998
0.999
1.000
1.000
1.000
1.000
1.000
1.000
1.000
1.000
1.000
1.000
1.000
1.000
0.386
-0.114
0.030
0.175
0.255
0.345
0.160
0.548
0.608
0.652
0.741
0.741
0.777
0.837
0.834
0.552
0.937
0.954
0.966
0.986
0.993
0.995
0.997
0.998
0.998
0.999
1.000
1.000
1.000
1.000
1.000
1.000
1.000
1.000
1.000
1.000
1.000
1.000
1.000
0.549
0.321
0.320
0.533
0.640
0.637
0.637
0.770
0.829
0.893
0.924
0.961
0.983
0.988
0.991
0.996
0.998
0.998
0.956
1.000
1.000
1.000
0.988
1.000
1.000
1.000
1.000
1.000
1.000
1.000
1.000
1.000
0.384
0.028
0.026
0.267
0.495
0.650
0.699
0.778
0.774
0.897
0.954
0.972
0.983
0.985
0.991
0.995
0.997
0.999
0.958
1.000
1.000
1.000
1.000
1.000
1.000
1.000
1.000
1.000
1.000
1.000
1.000
0.387
0.025
0.179
0.341
0.618
0.702
0.778
0.861
0.880
0.937
0.936
0.954
0.977
0.988
0.993
0.996
0.997
0.998
1.000
1.000
1.000
1.000
1.000
1.000
1.000
1.000
1.000
1.000
1.000
1.000
0.385
0.484
0.200
0.194
0.351
0.486
0.544
0.703
0.773
0.832
0.913
0.935
0.980
0.988
0.991
0.995
0.997
0.998
0.999
1.000
1.000
1.000
1.000
1.000
1.000
1.000
1.000
1.000
1.000
1.000
0.160
0.021
0.110
0.186
0.179
0.265
0.254
0.337
0.489
0.596
0.600
0.695
0.736
0.735
0.833
0.878
0.936
0.953
0.976
0.988
0.995
0.997
0.999
1.000
1.000
1.000
1.000
1.000
1.000
1.000
1.000
1.000
1.000
1.000
1.000
0.112
0.031
0.116
0.123
0.117
0.116
0.345
0.398
0.536
0.590
0.637
0.687
0.690
0.835
0.855
0.895
0.908
0.945
0.976
0.983
0.985
0.991
0.995
0.997
0.998
0.999
1.000
1.000
1.000
1.000
1.000
1.000
1.000
1.000
1.000
1.000
1.000
1.000
0.497
0.034
0.021
0.123
0.210
0.144
0.428
0.611
0.658
0.655
0.744
0.810
0.880
0.926
0.946
0.962
0.961
0.972
0.986
0.990
0.994
0.997
0.999
0.999
1.000
1.000
1.000
1.000
1.000
1.000
1.000
1.000
1.000
1.000
1.000
1.000
1.000
0.568
0.249
0.407
0.401
0.401
0.533
0.327
0.774
0.805
0.856
0.878
0.909
0.946
0.961
0.966
0.976
0.983
0.860
0.996
0.998
0.998
0.999
0.999
1.000
1.000
1.000
1.000
1.000
1.000
1.000
1.000
1.000
1.000
1.000
0.388
0.022
0.087
0.075
0.325
0.225
0.691
0.770
0.855
0.924
0.944
0.960
0.983
0.994
0.889
0.997
0.998
0.999
0.999
1.000
1.000
1.000
1.000
1.000
1.000
1.000
1.000
1.000
1.000
1.000
1.000
0.346
0.219
0.286
0.436
0.495
0.489
0.606
0.738
0.773
0.855
0.922
0.943
0.971
0.983
0.991
0.994
0.998
0.999
0.962
0.902
0.988
0.957
0.997
1.000
1.000
1.000
1.000
1.000
1.000
1.000
0.238
0.019
0.202
0.349
0.395
0.540
0.701
0.772
0.837
0.881
0.926
0.923
0.960
0.970
0.979
0.985
0.991
0.995
0.919
0.999
1.000
1.000
1.000
1.000
1.000
1.000
1.000
1.000
1.000
1.000
1.000
1.000
1.000
0.497
0.018
0.099
0.282
0.434
0.497
0.320
0.772
0.859
0.912
0.954
0.980
0.985
0.988
0.993
0.995
0.998
0.998
0.999
1.000
1.000
1.000
1.000
1.000
1.000
1.000
1.000
1.000
1.000
1.000
1.000
1.000
0.354
0.088
0.258
0.334
0.471
0.530
0.594
0.735
0.830
0.924
0.952
0.976
0.983
0.987
0.995
0.997
0.999
0.999
1.000
1.000
1.000
1.000
1.000
1.000
1.000
1.000
1.000
1.000
1.000
1.000
1.000
1.000
0.390
0.025
0.201
0.425
0.544
0.598
0.692
0.856
0.875
0.894
0.946
0.972
0.979
0.988
0.995
0.997
0.998
0.999
1.000
1.000
1.000
1.000
1.000
1.000
1.000
1.000
1.000
1.000
1.000
1.000
1.000
0.387
0.109
0.192
0.345
0.412
0.543
0.777
0.877
0.895
0.924
0.945
0.967
0.972
0.980
0.993
0.995
0.998
0.999
0.999
1.000
1.000
1.000
1.000
1.000
1.000
1.000
1.000
1.000
1.000
1.000
1.000
1.000
0.495
0.094
0.271
0.337
0.404
0.413
0.596
0.701
0.776
0.836
0.910
0.909
0.946
0.966
0.971
0.985
0.993
0.996
0.998
0.999
0.965
1.000
1.000
1.000
1.000
1.000
1.000
1.000
1.000
1.000
1.000
1.000
1.000
1.000
1.000
0.384
-0.117
-0.124
-0.113
0.106
0.085
0.093
0.178
0.273
0.334
0.477
0.542
0.656
0.780
0.837
0.862
0.913
0.938
0.946
0.961
0.802
0.811
0.991
0.994
0.997
0.998
0.999
0.999
1.000
1.000
1.000
1.000
1.000
1.000
1.000
1.000
1.000
1.000
1.000
1.000
0.547
0.590
0.329
0.397
0.534
0.645
0.832
0.826
0.875
0.893
0.943
0.959
0.982
0.991
0.994
0.996
0.998
0.999
0.999
1.000
1.000
1.000
1.000
1.000
1.000
1.000
1.000
1.000
1.000
1.000
1.000
0.191
0.017
0.111
0.237
0.233
0.304
0.626
0.813
0.832
0.926
0.945
0.972
0.980
0.988
0.991
0.994
0.997
0.998
0.999
0.999
1.000
1.000
1.000
1.000
1.000
1.000
1.000
1.000
1.000
1.000
1.000
1.000
1.000
0.387
0.026
0.369
0.433
0.494
0.611
0.660
0.659
0.742
0.835
0.877
0.936
0.953
0.966
0.980
0.985
0.858
0.994
0.995
0.997
0.947
0.999
1.000
1.000
1.000
1.000
1.000
1.000
1.000
1.000
1.000
1.000
1.000
1.000
1.000
1.000
0.499
0.192
0.353
0.428
0.553
0.605
0.701
0.807
0.834
0.835
0.898
0.937
0.676
0.966
0.972
0.983
0.994
0.898
0.997
0.998
0.999
1.000
0.987
0.939
0.994
1.000
1.000
1.000
1.000
1.000
1.000
1.000
1.000
0.546
0.084
0.160
0.327
0.401
0.467
0.540
0.531
0.532
0.698
0.773
0.835
0.608
0.924
0.936
0.953
0.972
0.983
0.985
0.993
0.996
0.997
0.999
1.000
1.000
1.000
1.000
1.000
1.000
1.000
1.000
1.000
1.000
1.000
1.000
1.000
1.000
0.292
-0.076
-0.001
0.348
0.489
0.704
0.701
0.809
0.835
0.876
0.923
0.946
0.945
0.960
0.971
0.980
0.988
0.992
0.995
0.997
0.999
0.999
1.000
1.000
1.000
1.000
1.000
1.000
1.000
1.000
1.000
1.000
1.000
1.000
1.000
1.000
0.422
0.132
0.130
0.160
0.318
0.542
0.690
0.731
0.830
0.897
0.896
0.936
0.967
0.976
0.990
0.995
0.998
0.999
1.000
1.000
1.000
1.000
1.000
1.000
1.000
1.000
1.000
1.000
1.000
1.000
1.000
1.000
1.000
0.415
0.110
0.257
0.421
0.422
0.486
0.476
0.605
0.600
0.600
0.696
0.771
0.826
0.877
0.934
0.976
0.982
0.989
0.896
0.998
0.999
1.000
1.000
1.000
1.000
1.000
1.000
1.000
1.000
1.000
1.000
1.000
0.382
0.029
0.249
0.252
0.402
0.530
0.591
0.638
0.380
0.833
0.856
0.895
0.924
0.967
0.980
0.988
0.989
0.995
0.998
0.999
1.000
1.000
0.983
1.000
1.000
1.000
1.000
1.000
1.000
1.000
1.000
1.000
1.000
1.000
0.310
0.214
0.273
0.427
0.610
0.657
0.782
0.858
0.912
0.968
0.983
0.988
0.994
0.997
0.951
1.000
1.000
0.987
1.000
1.000
1.000
1.000
1.000
1.000
1.000
1.000
1.000
0.429
0.248
0.333
0.546
0.604
0.811
0.859
0.898
0.924
0.935
0.953
0.966
0.971
0.979
0.990
0.992
0.997
0.999
0.999
0.999
1.000
1.000
1.000
0.994
1.000
1.000
1.000
1.000
1.000
1.000
1.000
1.000
0.386
0.481
0.182
0.490
0.601
0.742
0.774
0.805
0.881
0.897
0.936
0.967
0.972
0.983
0.988
0.995
0.997
0.998
0.999
1.000
1.000
1.000
1.000
1.000
1.000
1.000
1.000
1.000
1.000
1.000
1.000
1.000
0.366
0.352
0.403
0.476
0.533
0.593
0.686
0.733
0.730
0.802
0.848
0.893
0.908
0.952
0.966
0.979
0.988
0.993
0.995
0.998
0.999
1.000
1.000
0.990
1.000
1.000
1.000
1.000
1.000
1.000
1.000
1.000
1.000
0.134
0.473
0.195
0.282
0.339
0.332
0.340
0.557
0.601
0.655
0.696
0.740
0.857
0.577
0.936
0.967
0.980
0.985
0.990
0.994
0.996
0.997
0.999
0.999
1.000
1.000
1.000
1.000
1.000
1.000
1.000
1.000
1.000
1.000
1.000
1.000
1.000
0.386
0.021
0.077
0.257
0.258
0.257
0.422
0.542
0.599
0.691
0.768
0.431
0.799
0.799
0.798
0.856
0.925
0.944
0.952
0.972
0.985
0.991
0.996
0.998
0.999
0.999
1.000
1.000
1.000
1.000
1.000
1.000
1.000
1.000
1.000
1.000
1.000
1.000
1.000
0.305
0.009
-0.005
0.113
0.345
0.412
0.542
0.590
0.643
0.738
0.731
0.776
0.806
0.833
0.831
0.876
0.926
0.954
0.980
0.985
0.996
0.997
0.999
0.999
0.999
1.000
1.000
1.000
1.000
1.000
1.000
1.000
1.000
1.000
1.000
1.000
1.000
1.000
1.000
0.576
0.216
0.351
0.484
0.547
0.601
0.652
0.807
0.835
0.832
0.910
0.962
0.972
0.976
0.983
0.995
0.998
0.998
0.999
0.999
1.000
1.000
1.000
1.000
1.000
1.000
1.000
1.000
1.000
1.000
1.000
0.385
0.020
0.014
0.173
0.347
0.498
0.659
0.744
0.810
0.861
0.914
0.955
0.954
0.977
0.986
0.995
0.997
0.998
0.998
0.999
1.000
1.000
1.000
1.000
1.000
1.000
1.000
1.000
1.000
1.000
1.000
1.000
1.000
1.000
1.000
0.285
0.090
0.082
0.087
0.269
0.344
0.487
0.657
0.740
0.860
0.911
0.911
0.945
0.953
0.954
0.980
0.985
0.991
0.995
0.996
0.998
0.999
0.999
1.000
1.000
1.000
1.000
1.000
1.000
1.000
1.000
1.000
1.000
1.000
0.102
0.030
0.215
0.198
0.207
0.278
0.174
0.663
0.743
0.780
0.881
0.896
0.956
0.960
0.976
0.983
0.990
0.996
0.998
0.999
1.000
1.000
1.000
1.000
1.000
1.000
1.000
1.000
1.000
1.000
1.000
1.000
0.318
0.019
0.023
0.285
0.417
0.482
0.603
0.694
0.803
0.854
0.910
0.945
0.976
0.988
0.989
0.995
0.997
0.998
0.999
1.000
1.000
1.000
1.000
1.000
1.000
1.000
1.000
1.000
1.000
1.000
1.000
0.391
0.111
0.186
0.341
0.405
0.409
0.474
0.542
0.598
0.648
0.651
0.735
0.768
0.858
0.912
0.680
0.953
0.967
0.979
0.981
0.985
0.991
0.991
0.995
0.996
0.997
0.998
0.999
1.000
1.000
1.000
1.000
1.000
1.000
1.000
1.000
1.000
1.000
1.000
1.000
0.387
0.029
0.084
0.266
0.258
0.340
0.404
0.478
0.470
0.275
0.651
0.774
0.856
0.911
0.936
0.721
0.972
0.988
0.991
0.995
0.997
0.999
1.000
1.000
1.000
1.000
1.000
1.000
1.000
1.000
1.000
1.000
1.000
0.356
0.270
0.347
0.424
0.490
0.606
0.742
0.772
0.834
0.856
0.876
0.910
0.923
0.921
0.934
0.954
0.980
0.989
0.994
0.995
0.998
0.999
1.000
1.000
1.000
1.000
1.000
1.000
1.000
1.000
1.000
1.000
1.000
1.000
0.387
-0.117
0.009
-0.061
-0.006
0.241
0.390
0.528
0.641
0.729
0.404
0.797
0.852
0.935
0.943
0.966
0.979
0.987
0.994
0.995
0.997
0.998
1.000
1.000
1.000
1.000
1.000
1.000
1.000
1.000
1.000
1.000
1.000
0.385
-0.108
-0.109
0.085
0.163
0.321
0.482
0.486
0.276
0.318
0.778
0.834
0.896
0.909
0.935
0.945
0.967
0.966
0.976
0.988
0.991
0.996
0.998
0.998
0.999
1.000
1.000
1.000
1.000
1.000
1.000
1.000
1.000
1.000
1.000
1.000
0.287
0.185
0.328
0.468
0.468
0.598
0.647
0.694
0.806
0.830
0.911
0.910
0.946
0.965
0.975
0.985
0.992
0.996
0.998
0.999
0.958
0.885
0.985
1.000
1.000
1.000
1.000
1.000
1.000
1.000
0.480
0.250
0.412
0.586
0.637
0.832
0.852
0.875
0.873
0.893
0.922
0.961
0.972
0.980
0.985
0.991
0.991
0.995
0.998
0.946
0.999
1.000
1.000
1.000
1.000
1.000
1.000
1.000
1.000
1.000
1.000
1.000
0.312
-0.112
0.027
0.102
0.427
0.561
0.744
0.736
0.837
0.897
0.911
0.946
0.966
0.979
0.985
0.987
0.995
0.997
0.999
1.000
1.000
1.000
1.000
1.000
0.999
1.000
1.000
1.000
1.000
1.000
1.000
0.386
0.115
0.275
0.494
0.664
0.777
0.832
0.830
0.857
0.856
0.854
0.893
0.945
0.971
0.988
0.994
0.994
0.996
0.997
0.998
0.999
0.999
1.000
1.000
1.000
1.000
1.000
1.000
1.000
1.000
1.000
1.000
1.000
1.000
1.000
1.000
0.491
0.201
0.191
0.269
0.475
0.594
0.694
0.807
0.855
0.937
0.945
0.977
0.976
0.983
0.993
0.997
0.998
0.999
1.000
1.000
1.000
1.000
0.993
1.000
1.000
1.000
1.000
1.000
1.000
1.000
1.000
1.000
1.000
1.000
0.500
0.171
0.407
0.542
0.300
0.734
0.733
0.800
0.829
0.852
0.875
0.923
0.944
0.960
0.971
0.979
0.988
0.993
0.994
0.997
0.999
1.000
1.000
1.000
0.994
1.000
1.000
1.000
1.000
1.000
1.000
1.000
1.000
0.400
0.189
0.344
0.348
0.413
0.481
0.537
0.603
0.781
0.805
0.860
0.895
0.935
0.953
0.966
0.983
0.994
0.998
0.998
0.999
1.000
1.000
1.000
1.000
1.000
1.000
1.000
1.000
1.000
1.000
1.000
0.234
0.019
0.235
0.312
0.427
0.551
0.704
0.780
0.808
0.833
0.913
0.936
0.953
0.972
0.976
0.991
0.995
0.998
0.999
1.000
1.000
1.000
1.000
1.000
1.000
1.000
1.000
1.000
1.000
1.000
1.000
1.000
0.309
0.375
0.016
0.104
0.540
0.738
0.765
0.855
0.895
0.684
0.961
0.967
0.976
0.985
0.992
0.995
0.997
0.998
0.999
0.999
1.000
1.000
0.988
1.000
1.000
1.000
1.000
1.000
1.000
1.000
1.000
0.046
0.185
0.483
0.476
0.698
0.769
0.854
0.853
0.923
0.739
0.983
0.992
0.994
0.998
0.999
1.000
1.000
1.000
1.000
1.000
1.000
1.000
1.000
1.000
1.000
1.000
1.000
0.389
0.104
0.181
0.118
0.351
0.410
0.695
0.731
0.770
0.831
0.856
0.894
0.924
0.966
0.983
0.982
0.985
0.994
0.997
0.999
0.999
1.000
1.000
1.000
1.000
1.000
1.000
1.000
1.000
1.000
1.000
1.000
1.000
1.000
0.374
0.023
0.121
0.109
0.288
0.331
0.470
0.593
0.731
0.765
0.799
0.827
0.874
0.935
0.953
0.694
0.960
0.976
0.985
0.995
0.995
0.998
0.946
1.000
1.000
1.000
1.000
1.000
1.000
1.000
0.999
1.000
1.000
1.000
1.000
0.621
0.287
0.335
0.489
0.697
0.777
0.879
0.874
0.654
0.967
0.983
0.987
0.996
0.997
0.998
0.999
1.000
1.000
1.000
1.000
1.000
1.000
1.000
1.000
1.000
1.000
1.000
1.000
1.000
0.572
0.357
0.420
0.607
0.777
0.407
0.800
0.912
0.923
0.934
0.945
0.945
0.960
0.976
0.979
0.990
0.996
0.998
0.998
0.999
1.000
1.000
1.000
1.000
1.000
1.000
1.000
1.000
1.000
1.000
1.000
1.000
1.000
1.000
0.312
0.117
0.256
0.485
0.541
0.692
0.730
0.802
0.874
0.891
0.934
0.941
0.959
0.976
0.979
0.988
0.996
0.998
0.999
0.999
1.000
1.000
1.000
1.000
1.000
1.000
0.999
1.000
1.000
1.000
1.000
1.000
1.000
0.382
-0.113
-0.102
0.116
0.185
0.348
0.412
0.480
0.605
0.736
0.802
0.803
0.857
0.910
0.945
0.972
0.986
0.996
0.998
0.999
1.000
1.000
1.000
1.000
0.996
1.000
1.000
1.000
1.000
1.000
1.000
0.378
0.106
0.303
0.496
0.545
0.702
0.811
0.875
0.897
0.954
0.967
0.976
0.979
0.988
0.993
0.996
0.997
0.999
0.999
1.000
1.000
1.000
1.000
0.997
1.000
1.000
1.000
1.000
1.000
1.000
0.309
-0.105
-0.114
0.077
0.354
0.351
0.415
0.188
0.545
0.650
0.739
0.489
0.875
0.876
0.893
0.920
0.960
0.971
0.990
0.995
0.998
0.999
0.999
0.972
1.000
1.000
1.000
1.000
1.000
1.000
1.000
1.000
1.000
1.000
1.000
0.048
0.169
0.547
0.740
0.857
0.878
0.911
0.925
0.967
0.983
0.991
0.991
0.995
0.997
0.948
0.999
1.000
1.000
1.000
1.000
1.000
1.000
1.000
1.000
1.000
1.000
1.000
1.000
1.000
0.497
0.213
0.348
0.411
0.476
0.599
0.646
0.736
0.734
0.802
0.878
0.910
0.946
0.966
0.971
0.983
0.991
0.994
0.997
0.999
0.999
1.000
1.000
1.000
1.000
1.000
1.000
1.000
1.000
1.000
1.000
1.000
1.000
0.385
-0.117
0.016
0.173
0.163
0.284
0.285
0.425
0.491
0.489
0.606
0.744
0.779
0.807
0.897
0.910
0.936
0.955
0.977
0.824
0.991
0.996
0.997
0.998
0.998
1.000
1.000
1.000
1.000
1.000
1.000
1.000
1.000
1.000
1.000
1.000
1.000
1.000
0.495
0.482
0.025
0.022
0.089
0.265
0.253
0.260
0.411
0.411
0.407
0.479
0.597
0.258
0.644
0.731
0.771
0.804
0.831
0.879
0.896
0.925
0.953
0.960
0.976
0.986
0.991
0.995
0.997
0.999
0.999
1.000
1.000
1.000
1.000
1.000
1.000
1.000
1.000
1.000
1.000
1.000
1.000
1.000
1.000
0.290
0.138
0.288
0.286
0.358
0.609
0.744
0.839
0.914
0.912
0.936
0.961
0.977
0.986
0.991
0.995
0.998
0.999
1.000
1.000
1.000
1.000
1.000
1.000
1.000
0.999
1.000
1.000
1.000
1.000
1.000
1.000
0.381
-0.115
0.290
0.419
0.699
0.689
0.829
0.925
0.954
0.760
0.976
0.985
0.990
0.993
0.997
0.999
1.000
1.000
1.000
0.992
1.000
1.000
1.000
1.000
1.000
1.000
1.000
1.000
0.216
0.030
0.099
0.173
0.261
0.264
0.479
0.696
0.733
0.452
0.879
0.876
0.924
0.952
0.966
0.979
0.979
0.985
0.991
0.991
0.992
0.998
0.999
0.999
1.000
1.000
1.000
1.000
1.000
1.000
1.000
1.000
1.000
1.000
1.000
1.000
1.000
0.558
0.188
0.354
0.410
0.546
0.703
0.740
0.835
0.937
0.698
0.966
0.986
0.991
0.994
0.997
0.998
0.946
0.999
1.000
1.000
1.000
1.000
1.000
1.000
1.000
1.000
1.000
1.000
1.000
1.000
1.000
0.374
0.418
0.477
0.599
0.692
0.804
0.798
0.896
0.935
0.944
0.960
0.972
0.979
0.988
0.994
0.998
0.999
1.000
1.000
1.000
1.000
1.000
1.000
1.000
1.000
1.000
1.000
1.000
1.000
1.000
0.306
0.021
0.124
0.204
0.421
0.652
0.741
0.836
0.913
0.926
0.946
0.968
0.967
0.976
0.980
0.983
0.840
0.996
0.997
0.998
0.999
0.999
1.000
1.000
1.000
1.000
1.000
1.000
1.000
1.000
1.000
1.000
1.000
1.000
0.386
-0.109
0.151
0.142
0.426
0.485
0.654
0.698
0.777
0.859
0.896
0.933
0.945
0.967
0.980
0.988
0.993
0.996
0.998
0.947
0.999
0.968
1.000
1.000
1.000
1.000
0.997
1.000
1.000
1.000
1.000
1.000
1.000
1.000
0.503
0.661
0.427
0.494
0.549
0.606
0.740
0.834
0.860
0.911
0.935
0.954
0.972
0.993
0.996
0.998
0.998
0.999
1.000
1.000
1.000
1.000
1.000
1.000
1.000
1.000
1.000
1.000
1.000
1.000
0.366
0.197
0.426
0.488
0.663
0.739
0.834
0.857
0.896
0.935
0.945
0.961
0.980
0.990
0.995
0.996
0.997
0.998
0.999
0.999
1.000
1.000
1.000
1.000
1.000
1.000
1.000
1.000
1.000
1.000
1.000
0.303
0.196
0.333
0.420
0.545
0.543
0.702
0.455
0.805
0.858
0.858
0.878
0.936
0.972
0.976
0.988
0.995
0.939
0.999
1.000
1.000
1.000
1.000
1.000
1.000
1.000
1.000
1.000
1.000
1.000
1.000
1.000
0.313
0.127
0.365
0.616
0.704
0.810
0.880
0.914
0.912
0.937
0.955
0.954
0.954
0.968
0.984
0.991
0.996
0.997
0.997
0.998
0.999
0.962
1.000
1.000
1.000
0.992
1.000
1.000
1.000
1.000
0.999
1.000
1.000
1.000
1.000
0.318
0.175
0.400
0.542
0.593
0.648
0.739
0.807
0.831
0.856
0.894
0.924
0.679
0.967
0.986
0.989
0.994
0.897
0.791
0.951
1.000
1.000
1.000
1.000
1.000
1.000
1.000
1.000
1.000
1.000
1.000
0.202
0.083
0.245
0.247
0.343
0.280
0.744
0.741
0.833
0.925
0.946
0.741
0.985
0.992
0.997
0.998
0.939
0.999
0.999
1.000
1.000
1.000
1.000
1.000
1.000
1.000
1.000
1.000
1.000
1.000
1.000
0.537
0.695
0.813
0.881
0.699
0.738
0.771
0.806
0.898
0.911
0.968
0.979
0.985
0.993
0.997
0.998
0.999
1.000
0.976
0.919
0.991
1.000
1.000
1.000
1.000
1.000
1.000
1.000
1.000
1.000
0.494
0.087
0.333
0.476
0.215
0.646
0.736
0.774
0.804
0.912
0.946
0.972
0.983
0.989
0.994
0.996
0.998
0.999
1.000
1.000
1.000
1.000
1.000
1.000
1.000
1.000
1.000
1.000
1.000
0.381
0.023
0.259
0.245
0.596
0.770
0.894
0.934
0.676
0.518
0.769
0.991
0.995
0.998
0.999
1.000
0.979
1.000
1.000
1.000
1.000
1.000
1.000
1.000
1.000
1.000
1.000
1.000
1.000
0.385
-0.115
-0.129
0.084
0.164
0.486
0.544
0.653
0.695
0.804
0.855
0.876
0.911
0.935
0.945
0.953
0.966
0.975
0.979
0.982
0.831
0.994
0.995
0.995
0.997
0.999
0.999
0.999
1.000
1.000
1.000
0.994
1.000
1.000
1.000
1.000
1.000
1.000
1.000
1.000
0.452
0.251
0.430
0.493
0.497
0.611
0.703
0.747
0.860
0.927
0.937
0.961
0.988
0.991
0.994
0.997
0.998
0.999
0.999
0.999
1.000
1.000
1.000
1.000
1.000
1.000
0.999
1.000
1.000
1.000
1.000
0.622
0.345
0.545
0.224
0.600
0.700
0.695
0.739
0.807
0.836
0.913
0.945
0.972
0.774
0.988
0.993
0.994
0.997
0.998
0.999
1.000
1.000
1.000
1.000
1.000
1.000
1.000
1.000
1.000
1.000
1.000
0.500
0.106
0.178
0.619
0.660
0.775
0.835
0.898
0.947
0.967
0.971
0.976
0.985
0.988
0.994
0.997
0.998
0.999
1.000
1.000
0.989
1.000
1.000
1.000
1.000
1.000
1.000
1.000
1.000
1.000
0.112
0.181
0.495
0.484
0.546
0.703
0.740
0.881
0.913
0.955
0.967
0.976
0.990
0.993
0.996
0.926
0.999
0.999
1.000
1.000
1.000
1.000
1.000
1.000
1.000
1.000
1.000
1.000
1.000
1.000
0.226
0.025
0.127
0.280
0.358
0.660
0.737
0.804
0.830
0.856
0.924
0.945
0.960
0.980
0.987
0.991
0.996
0.998
0.999
0.999
1.000
1.000
1.000
1.000
1.000
1.000
1.000
1.000
1.000
1.000
1.000
1.000
0.408
0.287
0.490
0.547
0.601
0.702
0.808
0.831
0.877
0.895
0.895
0.946
0.960
0.971
0.985
0.990
0.991
0.991
0.994
0.995
0.997
0.999
0.999
1.000
1.000
1.000
1.000
1.000
1.000
1.000
1.000
1.000
1.000
1.000
1.000
0.494
0.082
0.090
0.328
0.394
0.647
0.730
0.802
0.893
0.907
0.953
0.980
0.991
0.995
0.998
0.999
0.999
1.000
1.000
1.000
1.000
1.000
1.000
1.000
1.000
1.000
1.000
1.000
1.000
0.548
0.164
0.486
0.649
0.806
0.877
0.912
0.924
0.945
0.960
0.972
0.979
0.990
0.996
0.998
0.999
0.999
1.000
1.000
1.000
1.000
1.000
1.000
1.000
1.000
1.000
1.000
1.000
1.000
1.000
0.494
0.106
0.109
0.481
0.537
0.539
0.595
0.737
0.776
0.803
0.879
0.896
0.923
0.935
0.961
0.980
0.983
0.808
0.990
0.996
0.998
0.999
0.999
1.000
0.982
1.000
1.000
1.000
1.000
1.000
1.000
1.000
1.000
1.000
1.000
0.415
0.338
0.477
0.595
0.777
0.771
0.805
0.879
0.912
0.925
0.946
0.962
0.961
0.972
0.976
0.988
0.993
0.995
0.997
0.998
0.999
1.000
1.000
1.000
1.000
0.996
1.000
1.000
1.000
1.000
1.000
1.000
0.107
0.074
0.081
0.403
0.533
0.637
0.770
0.805
0.859
0.878
0.927
0.961
0.976
0.988
0.989
0.992
0.995
0.997
0.998
0.999
1.000
0.977
1.000
1.000
1.000
1.000
1.000
1.000
1.000
1.000
1.000
1.000
1.000
0.390
0.023
0.166
0.262
0.418
0.548
0.544
0.700
0.806
0.803
0.897
0.911
0.935
0.954
0.980
0.837
0.994
0.914
0.998
0.999
0.999
1.000
1.000
1.000
1.000
1.000
1.000
1.000
0.999
1.000
1.000
1.000
0.387
0.024
0.352
0.476
0.537
0.644
0.641
0.734
0.832
0.854
0.854
0.910
0.935
0.966
0.983
0.991
0.996
0.999
0.999
1.000
1.000
1.000
1.000
1.000
1.000
1.000
1.000
1.000
1.000
1.000
1.000
0.391
0.176
0.351
0.494
0.593
0.807
0.894
0.909
0.922
0.945
0.972
0.988
0.994
0.995
0.998
0.999
1.000
1.000
1.000
1.000
1.000
1.000
1.000
1.000
1.000
1.000
1.000
1.000
0.494
0.113
0.348
0.553
0.656
0.776
0.881
0.913
0.925
0.946
0.968
0.980
0.986
0.989
0.994
0.997
0.999
0.999
1.000
1.000
1.000
1.000
1.000
1.000
1.000
1.000
1.000
1.000
1.000
1.000
1.000
1.000
0.548
0.347
0.231
0.383
0.297
0.576
0.922
0.945
0.959
0.979
0.985
0.992
0.995
0.998
0.999
0.999
1.000
1.000
1.000
1.000
1.000
1.000
1.000
1.000
1.000
1.000
0.385
0.495
0.600
0.739
0.774
0.855
0.910
0.920
0.953
0.758
0.983
0.985
0.988
0.989
0.995
0.997
0.998
0.999
1.000
1.000
1.000
1.000
1.000
1.000
1.000
1.000
1.000
1.000
1.000
1.000
1.000
0.499
0.100
0.251
0.407
0.542
0.697
0.694
0.379
0.805
0.832
0.877
0.947
0.960
0.972
0.980
0.988
0.991
0.994
0.997
0.998
0.999
1.000
1.000
1.000
1.000
1.000
1.000
1.000
1.000
1.000
1.000
1.000
1.000
0.241
0.026
0.120
0.206
0.268
0.430
0.618
0.710
0.752
0.841
0.882
0.898
0.634
0.937
0.973
0.983
0.993
0.998
0.999
1.000
1.000
1.000
1.000
1.000
0.998
1.000
1.000
1.000
1.000
1.000
1.000
1.000
0.288
0.187
0.354
0.480
0.538
0.652
0.736
0.773
0.805
0.802
0.878
0.895
0.909
0.961
0.967
0.988
0.991
0.995
0.997
0.998
0.999
1.000
1.000
1.000
1.000
1.000
1.000
1.000
1.000
1.000
1.000
1.000
1.000
0.314
-0.194
0.113
0.229
0.357
0.412
0.550
0.605
0.655
0.742
0.780
0.779
0.858
0.913
0.925
0.962
0.988
0.993
0.889
0.905
0.998
0.999
1.000
0.985
1.000
1.000
1.000
1.000
1.000
1.000
1.000
1.000
1.000
1.000
0.391
-0.113
0.085
0.381
0.208
0.560
0.610
0.662
0.705
0.750
0.813
0.838
0.898
0.896
0.925
0.926
0.935
0.955
0.972
0.983
0.988
0.994
0.998
0.999
0.999
0.999
1.000
1.000
1.000
1.000
1.000
1.000
1.000
1.000
1.000
1.000
1.000
1.000
0.306
0.025
0.341
0.400
0.593
0.692
0.732
0.731
0.827
0.923
0.944
0.960
0.980
0.985
0.989
0.995
0.996
0.998
0.999
0.973
1.000
1.000
1.000
1.000
1.000
1.000
1.000
1.000
1.000
1.000
1.000
1.000
0.425
0.027
0.356
0.347
0.410
0.654
0.736
0.804
0.858
0.927
0.953
0.972
0.983
0.983
0.993
0.996
0.998
0.999
0.999
0.999
1.000
1.000
1.000
1.000
1.000
1.000
1.000
1.000
1.000
1.000
1.000
1.000
1.000
0.365
0.300
0.444
0.572
0.716
0.817
0.815
0.841
0.861
0.913
0.937
0.962
0.983
0.988
0.988
0.993
0.996
0.998
0.999
0.999
0.971
0.917
0.987
0.992
1.000
1.000
1.000
1.000
1.000
1.000
1.000
0.303
0.021
0.196
0.261
0.354
0.494
0.489
0.602
0.595
0.594
0.697
0.834
0.879
0.926
0.935
0.960
0.976
0.988
0.993
0.994
0.996
0.998
0.998
0.999
1.000
1.000
1.000
1.000
1.000
1.000
1.000
1.000
1.000
1.000
1.000
1.000
0.149
0.019
0.015
-0.020
0.094
0.170
0.175
0.274
0.497
0.691
0.828
0.875
0.923
0.945
0.952
0.967
0.976
0.988
0.995
0.995
0.926
0.999
1.000
1.000
1.000
1.000
1.000
1.000
1.000
1.000
1.000
1.000
1.000
1.000
1.000
0.153
0.034
0.029
0.208
0.427
0.551
0.544
0.603
0.700
0.808
0.832
0.879
0.924
0.944
0.976
0.990
0.994
0.996
0.920
0.999
1.000
1.000
1.000
1.000
1.000
1.000
1.000
1.000
1.000
1.000
1.000
1.000
1.000
0.315
0.483
0.426
0.608
0.702
0.775
0.805
0.857
0.914
0.937
0.962
0.983
0.991
0.995
0.997
0.998
0.999
1.000
1.000
1.000
1.000
1.000
1.000
1.000
1.000
1.000
1.000
1.000
0.301
0.620
0.359
0.497
0.360
0.807
0.804
0.857
0.897
0.955
0.967
0.972
0.986
0.990
0.993
0.993
0.996
0.997
0.998
0.999
1.000
1.000
1.000
1.000
1.000
0.998
0.989
1.000
1.000
1.000
1.000
1.000
1.000
0.438
0.269
0.492
0.663
0.703
0.808
0.860
0.914
0.947
0.953
0.976
0.983
0.990
0.898
0.997
0.998
0.999
0.961
0.889
0.986
1.000
1.000
1.000
1.000
1.000
1.000
1.000
1.000
1.000
0.388
-0.112
-0.106
-0.107
0.090
0.253
0.336
0.406
0.606
0.738
0.807
0.859
0.913
0.936
0.967
0.971
0.983
0.991
0.995
0.998
0.998
0.999
0.999
1.000
1.000
1.000
1.000
1.000
1.000
0.999
0.992
1.000
1.000
1.000
1.000
1.000
0.384
-0.106
0.300
0.423
0.713
0.744
0.425
0.836
0.913
0.945
0.681
0.966
0.976
0.983
0.988
0.993
0.997
0.999
0.999
1.000
1.000
1.000
1.000
1.000
1.000
1.000
1.000
1.000
1.000
1.000
1.000
1.000
0.306
0.119
0.272
0.329
0.475
0.745
0.775
0.882
0.938
0.954
0.972
0.972
0.983
0.983
0.990
0.861
0.996
0.998
0.999
0.999
1.000
1.000
1.000
1.000
1.000
1.000
1.000
1.000
1.000
1.000
1.000
0.191
0.085
0.204
0.269
0.423
0.540
0.603
0.697
0.806
0.880
0.896
0.946
0.960
0.976
0.989
0.992
0.996
0.998
0.998
0.999
1.000
1.000
1.000
1.000
1.000
1.000
1.000
1.000
1.000
1.000
1.000
1.000
0.483
0.196
0.186
0.268
0.188
0.598
0.597
0.694
0.741
0.831
0.854
0.911
0.908
0.944
0.953
0.966
0.975
0.985
0.991
0.996
0.998
0.998
0.999
1.000
1.000
1.000
1.000
1.000
1.000
1.000
1.000
1.000
1.000
1.000
1.000
1.000
0.390
-0.114
0.022
0.030
0.178
0.256
0.486
0.598
0.652
0.697
0.739
0.777
0.832
0.925
0.954
0.980
0.980
0.988
0.993
0.996
0.997
0.937
0.999
0.999
1.000
1.000
1.000
1.000
1.000
1.000
1.000
1.000
1.000
1.000
1.000
1.000
1.000
0.314
0.139
0.358
0.351
0.348
0.500
0.618
0.707
0.781
0.808
0.881
0.664
0.973
0.983
0.988
0.995
0.997
0.998
0.999
0.999
1.000
1.000
1.000
1.000
1.000
1.000
1.000
1.000
1.000
1.000
1.000
1.000
0.385
0.027
0.188
0.258
0.491
0.557
0.745
0.775
0.837
0.861
0.879
0.896
0.911
0.924
0.946
0.961
0.960
0.980
0.985
0.993
0.995
0.997
0.999
0.999
1.000
1.000
1.000
1.000
1.000
1.000
1.000
1.000
1.000
1.000
1.000
1.000
0.312
-0.109
0.029
0.164
0.289
0.434
0.491
0.551
0.607
0.746
0.838
0.859
0.912
0.912
0.924
0.937
0.961
0.971
0.983
0.988
0.989
0.991
0.996
0.997
0.998
0.998
0.999
1.000
1.000
1.000
1.000
1.000
1.000
1.000
1.000
1.000
1.000
1.000
1.000
0.504
0.558
0.228
0.353
0.419
0.476
0.655
0.811
0.896
0.945
0.966
0.976
0.990
0.995
0.995
0.997
0.999
0.999
1.000
1.000
1.000
1.000
1.000
1.000
1.000
1.000
1.000
1.000
1.000
1.000
0.384
0.347
0.466
0.645
0.691
0.728
0.830
0.894
0.935
0.960
0.976
0.982
0.988
0.992
0.996
0.998
0.999
0.999
1.000
1.000
1.000
1.000
1.000
1.000
1.000
1.000
1.000
1.000
1.000
1.000
1.000
0.388
0.023
0.023
0.279
0.363
0.418
0.602
0.703
0.425
0.832
0.877
0.936
0.944
0.953
0.976
0.979
0.991
0.991
0.994
0.997
0.999
0.999
1.000
1.000
1.000
1.000
1.000
1.000
1.000
1.000
1.000
1.000
0.350
-0.107
-0.112
0.108
0.430
0.608
0.746
0.809
0.881
0.925
0.954
0.972
0.986
0.991
0.996
0.998
0.999
0.999
1.000
1.000
1.000
1.000
1.000
1.000
1.000
1.000
1.000
1.000
1.000
0.203
0.473
0.115
0.265
0.413
0.595
0.699
0.736
0.803
0.895
0.925
0.945
0.960
0.966
0.972
0.986
0.995
0.997
0.998
0.999
0.962
1.000
1.000
1.000
1.000
1.000
1.000
1.000
1.000
1.000
1.000
1.000
0.657
0.469
0.464
0.655
0.778
0.773
0.835
0.879
0.946
0.781
0.975
0.990
0.992
0.996
0.998
0.998
0.999
1.000
1.000
1.000
1.000
1.000
1.000
1.000
1.000
1.000
1.000
1.000
1.000
0.496
0.093
0.354
0.111
0.560
0.606
0.605
0.661
0.656
0.779
0.881
0.898
0.938
0.946
0.679
0.954
0.967
0.976
0.983
0.990
0.996
0.997
0.998
0.998
0.999
1.000
1.000
1.000
1.000
1.000
1.000
1.000
1.000
1.000
1.000
1.000
1.000
0.429
0.026
0.132
0.295
0.563
0.608
0.782
0.859
0.897
0.913
0.946
0.967
0.976
0.991
0.881
0.997
0.999
0.999
1.000
1.000
1.000
1.000
1.000
1.000
1.000
1.000
1.000
1.000
1.000
1.000
0.657
0.247
0.409
0.405
0.590
0.693
0.805
0.897
0.936
0.944
0.960
0.980
0.835
0.991
0.995
0.997
0.999
0.999
0.999
1.000
1.000
1.000
1.000
1.000
1.000
1.000
1.000
1.000
1.000
1.000
1.000
1.000
0.619
0.333
0.562
0.661
0.748
0.810
0.839
0.899
0.947
0.960
0.976
0.985
0.991
0.994
0.997
0.997
0.998
0.999
0.999
1.000
1.000
1.000
1.000
1.000
1.000
1.000
1.000
1.000
1.000
1.000
1.000
0.299
0.101
0.101
0.191
0.335
0.468
0.688
0.832
0.876
0.895
0.912
0.968
0.976
0.976
0.986
0.988
0.990
0.996
0.997
0.999
1.000
1.000
1.000
1.000
1.000
1.000
1.000
1.000
1.000
1.000
1.000
1.000
1.000
0.241
0.096
0.271
0.338
0.593
0.639
0.805
0.853
0.909
0.945
0.960
0.972
0.983
0.992
0.997
0.999
0.999
0.999
1.000
1.000
0.989
1.000
1.000
1.000
1.000
1.000
1.000
1.000
1.000
1.000
0.297
-0.113
0.118
0.282
0.430
0.490
0.552
0.653
0.778
0.807
0.882
0.897
0.947
0.967
0.980
0.988
0.991
0.993
0.996
0.999
0.999
0.999
1.000
1.000
1.000
0.995
0.980
0.999
1.000
1.000
1.000
1.000
1.000
0.314
-0.194
-0.193
-0.190
-0.193
-0.106
0.095
0.182
0.195
0.264
0.415
0.595
0.652
0.646
0.734
0.730
0.774
0.857
0.893
0.909
0.953
0.977
0.983
0.991
0.994
0.997
0.998
0.999
1.000
1.000
1.000
1.000
1.000
1.000
1.000
1.000
1.000
1.000
1.000
1.000
0.306
0.112
0.277
0.273
0.704
0.860
0.855
0.854
0.896
0.910
0.935
0.935
0.723
0.972
0.995
0.998
0.999
0.999
1.000
1.000
1.000
1.000
1.000
1.000
1.000
1.000
1.000
1.000
1.000
1.000
0.302
0.528
0.354
0.422
0.554
0.552
0.658
0.813
0.861
0.914
0.926
0.937
0.955
0.976
0.980
0.983
0.990
0.992
0.997
0.999
0.999
1.000
1.000
1.000
1.000
1.000
1.000
1.000
1.000
1.000
1.000
1.000
1.000
0.495
0.283
0.358
0.553
0.656
0.698
0.775
0.831
0.897
0.947
0.972
0.986
0.994
0.995
0.998
0.999
1.000
1.000
1.000
0.990
0.994
1.000
1.000
1.000
1.000
1.000
1.000
1.000
1.000
0.308
0.032
0.125
0.285
0.347
0.343
0.347
0.418
0.415
0.213
0.559
0.613
0.840
0.838
0.881
0.912
0.926
0.946
0.967
0.984
0.986
0.990
0.995
0.998
0.999
1.000
1.000
1.000
1.000
1.000
1.000
1.000
1.000
1.000
1.000
1.000
1.000
0.497
0.020
0.076
0.250
0.476
0.686
0.728
0.763
0.800
0.827
0.872
0.909
0.943
0.966
0.985
0.989
0.995
0.998
0.999
1.000
1.000
1.000
0.995
1.000
1.000
1.000
1.000
1.000
1.000
1.000
1.000
1.000
0.388
0.021
0.287
0.422
0.418
0.550
0.654
0.738
0.807
0.829
0.894
0.923
0.967
0.976
0.982
0.985
0.987
0.995
0.997
0.998
0.999
1.000
1.000
1.000
1.000
1.000
1.000
1.000
1.000
1.000
1.000
1.000
1.000
1.000
0.420
0.599
0.265
0.350
0.555
0.608
0.707
0.781
0.859
0.914
0.946
0.967
0.983
0.990
0.993
0.996
0.998
1.000
1.000
1.000
1.000
1.000
1.000
0.999
1.000
1.000
1.000
1.000
1.000
0.497
0.616
0.351
0.415
0.545
0.598
0.597
0.694
0.737
0.801
0.894
0.934
0.961
0.966
0.971
0.980
0.990
0.996
0.997
0.999
0.999
1.000
1.000
1.000
0.994
1.000
1.000
0.999
1.000
1.000
1.000
1.000
1.000
0.395
0.280
0.493
0.611
0.659
0.777
0.774
0.879
0.912
0.924
0.945
0.945
0.953
0.960
0.971
0.980
0.985
0.993
0.994
0.996
0.998
0.999
0.999
0.999
1.000
1.000
1.000
1.000
1.000
1.000
1.000
1.000
1.000
1.000
1.000
1.000
1.000
0.388
0.026
0.255
0.353
0.413
0.480
0.479
0.662
0.779
0.809
0.552
0.911
0.935
0.953
0.972
0.983
0.986
0.993
0.995
0.998
0.999
1.000
1.000
1.000
1.000
1.000
1.000
1.000
1.000
1.000
1.000
1.000
1.000
1.000
0.222
-0.110
0.129
0.208
0.424
0.484
0.601
0.705
0.697
0.775
0.861
0.913
0.954
0.953
0.966
0.976
0.990
0.996
0.998
0.999
0.999
0.999
1.000
1.000
1.000
1.000
1.000
1.000
1.000
1.000
1.000
1.000
1.000
1.000
0.158
-0.108
0.154
0.142
0.033
0.539
0.688
0.728
0.801
0.874
0.909
0.966
0.985
0.989
0.994
0.997
0.997
0.998
0.999
1.000
1.000
1.000
1.000
1.000
1.000
1.000
1.000
1.000
1.000
1.000
1.000
1.000
0.495
0.335
0.600
0.647
0.695
0.771
0.832
0.612
0.935
0.945
0.967
0.971
0.979
0.988
0.880
0.998
0.999
1.000
1.000
1.000
1.000
1.000
1.000
1.000
1.000
1.000
1.000
1.000
1.000
1.000
0.393
0.193
0.269
0.415
0.541
0.268
0.697
0.802
0.875
0.892
0.934
0.933
0.943
0.959
0.971
0.988
0.991
0.995
0.948
0.999
1.000
1.000
1.000
1.000
1.000
1.000
1.000
1.000
1.000
1.000
1.000
1.000
1.000
1.000
0.301
0.602
0.333
0.477
0.647
0.738
0.832
0.896
0.946
0.972
0.983
0.986
0.991
0.995
0.998
0.999
1.000
1.000
1.000
1.000
1.000
1.000
1.000
1.000
1.000
1.000
1.000
1.000
1.000
1.000
0.423
0.383
0.175
0.616
0.664
0.744
0.859
0.926
0.946
0.972
0.980
0.990
0.995
0.997
0.999
0.999
1.000
1.000
1.000
1.000
1.000
1.000
1.000
1.000
1.000
1.000
1.000
1.000
1.000
0.387
0.283
0.356
0.357
0.429
0.498
0.612
0.698
0.775
0.776
0.808
0.880
0.914
0.937
0.973
0.984
0.990
0.993
0.997
0.999
1.000
1.000
1.000
1.000
1.000
1.000
1.000
1.000
1.000
1.000
1.000
0.362
0.126
0.202
0.429
0.419
0.425
0.421
0.551
0.658
0.772
0.802
0.806
0.856
0.911
0.954
0.976
0.979
0.991
0.997
0.998
0.955
0.999
1.000
1.000
1.000
1.000
1.000
1.000
1.000
1.000
1.000
1.000
1.000
1.000
0.496
0.116
0.114
0.219
0.488
0.660
0.700
0.740
0.810
0.837
0.897
0.938
0.955
0.967
0.976
0.811
0.986
0.988
0.990
0.994
0.996
0.998
1.000
1.000
1.000
1.000
1.000
1.000
1.000
1.000
1.000
1.000
1.000
1.000
1.000
0.552
0.242
0.484
0.475
0.547
0.700
0.741
0.806
0.879
0.923
0.961
0.779
0.990
0.995
0.897
0.998
0.999
0.999
1.000
1.000
1.000
1.000
1.000
1.000
1.000
1.000
1.000
1.000
1.000
1.000
0.156
0.103
0.267
0.332
0.398
0.530
0.585
0.639
0.770
0.857
0.875
0.896
0.909
0.934
0.967
0.976
0.976
0.983
0.988
0.991
0.995
0.998
0.999
0.999
0.979
1.000
1.000
1.000
1.000
1.000
1.000
1.000
1.000
1.000
1.000
1.000
0.501
0.476
0.123
0.286
0.409
0.619
0.616
0.666
0.708
0.710
0.814
0.861
0.882
0.899
0.926
0.947
0.962
0.977
0.985
0.985
0.986
0.991
0.996
0.998
0.999
1.000
1.000
1.000
1.000
1.000
1.000
1.000
1.000
1.000
1.000
1.000
1.000
0.312
-0.109
0.165
0.252
0.336
0.410
0.541
0.595
0.594
0.689
0.733
0.802
0.876
0.893
0.922
0.935
0.951
0.971
0.982
0.993
0.993
0.995
0.998
0.950
1.000
1.000
1.000
1.000
0.996
1.000
1.000
1.000
1.000
1.000
1.000
1.000
0.497
0.425
0.603
0.742
0.809
0.879
0.913
0.936
0.953
0.977
0.983
0.985
0.995
0.997
0.998
0.999
0.999
1.000
1.000
1.000
1.000
1.000
1.000
1.000
1.000
1.000
1.000
1.000
1.000
0.494
0.018
0.021
0.105
0.289
0.359
0.346
0.426
0.490
0.490
0.607
0.654
0.810
0.898
0.926
0.954
0.967
0.980
0.986
0.988
0.993
0.996
0.997
0.998
0.999
1.000
1.000
1.000
1.000
1.000
1.000
1.000
0.999
1.000
1.000
1.000
1.000
0.382
0.112
0.107
0.109
0.343
0.537
0.690
0.764
0.468
0.872
0.908
0.934
0.952
0.959
0.975
0.979
0.979
0.985
0.994
0.995
0.998
0.999
1.000
1.000
1.000
1.000
1.000
1.000
1.000
1.000
1.000
1.000
1.000
1.000
0.572
0.219
0.345
0.492
0.608
0.654
0.747
0.808
0.880
0.936
0.967
0.980
0.986
0.990
0.993
0.996
0.999
0.999
1.000
1.000
1.000
1.000
1.000
1.000
1.000
1.000
1.000
1.000
1.000
0.424
0.023
0.283
0.361
0.504
0.559
0.666
0.317
0.780
0.858
0.895
0.935
0.946
0.945
0.961
0.976
0.985
0.994
0.997
0.999
1.000
1.000
1.000
1.000
1.000
1.000
1.000
1.000
1.000
1.000
1.000
1.000
0.313
0.030
0.179
0.206
0.659
0.701
0.806
0.897
0.936
0.703
0.966
0.980
0.991
0.996
0.998
0.999
1.000
1.000
1.000
1.000
1.000
1.000
1.000
1.000
1.000
1.000
1.000
1.000
1.000
0.555
0.097
0.219
0.289
0.341
0.492
0.601
0.601
0.696
0.739
0.774
0.836
0.899
0.937
0.961
0.983
0.987
0.992
0.995
0.998
0.998
0.999
0.999
1.000
1.000
1.000
1.000
1.000
1.000
1.000
1.000
1.000
1.000
1.000
0.385
0.028
0.377
0.555
0.710
0.839
0.881
0.910
0.955
0.972
0.979
0.990
0.993
0.996
0.997
0.999
0.999
1.000
1.000
1.000
1.000
1.000
0.998
1.000
1.000
1.000
1.000
1.000
1.000
0.130
0.185
0.174
0.408
0.479
0.593
0.731
0.799
0.894
0.893
0.909
0.961
0.976
0.979
0.995
0.998
0.999
0.999
1.000
1.000
1.000
1.000
1.000
1.000
1.000
1.000
1.000
1.000
1.000
1.000
0.388
0.190
0.181
0.417
0.413
0.609
0.741
0.777
0.773
0.834
0.913
0.954
0.971
0.985
0.991
0.995
0.997
0.999
0.999
1.000
1.000
1.000
1.000
1.000
1.000
1.000
1.000
1.000
1.000
1.000
0.143
0.097
0.174
0.251
0.409
0.532
0.584
0.633
0.769
0.797
0.854
0.945
0.959
0.982
0.992
0.995
0.996
0.998
0.999
1.000
0.980
1.000
1.000
1.000
1.000
0.999
1.000
1.000
1.000
1.000
1.000
0.316
0.344
0.415
0.550
0.649
0.776
0.834
0.831
0.897
0.936
0.954
0.742
0.980
0.990
0.994
0.997
0.998
0.999
1.000
1.000
1.000
1.000
1.000
1.000
1.000
1.000
1.000
1.000
1.000
1.000
1.000
1.000
0.497
0.206
0.355
0.487
0.551
0.744
0.773
0.834
0.879
0.910
0.926
0.936
0.961
0.977
0.982
0.991
0.996
0.997
0.998
0.941
0.999
1.000
1.000
1.000
1.000
0.993
0.997
1.000
1.000
1.000
1.000
1.000
1.000
0.309
0.123
0.428
0.317
0.745
0.810
0.880
0.879
0.925
0.935
0.935
0.967
0.980
0.991
0.995
0.913
0.999
0.946
0.999
1.000
1.000
1.000
1.000
1.000
1.000
1.000
1.000
1.000
1.000
1.000
1.000
1.000
1.000
0.159
-0.103
0.024
0.011
0.118
0.215
0.255
0.422
0.549
0.701
0.695
0.699
0.858
0.878
0.936
0.967
0.986
0.994
0.995
0.997
0.998
0.999
0.999
1.000
1.000
1.000
1.000
1.000
1.000
1.000
1.000
1.000
1.000
1.000
1.000
0.497
0.098
0.470
0.540
0.596
0.696
0.737
0.764
0.831
0.878
0.936
0.961
0.777
0.988
0.995
0.998
0.999
1.000
1.000
1.000
1.000
1.000
1.000
1.000
1.000
1.000
1.000
1.000
1.000
1.000
0.491
0.194
0.189
0.258
0.433
0.505
0.567
0.666
0.810
0.838
0.898
0.936
0.954
0.960
0.967
0.988
0.995
0.998
0.999
0.999
1.000
1.000
1.000
1.000
1.000
1.000
1.000
1.000
1.000
1.000
1.000
1.000
1.000
0.305
0.529
0.319
0.531
0.641
0.730
0.765
0.797
0.876
0.924
0.953
0.960
0.961
0.972
0.985
0.848
0.995
0.998
0.999
0.999
1.000
1.000
0.987
1.000
1.000
1.000
1.000
1.000
1.000
1.000
0.235
-0.111
-0.107
0.024
0.196
0.556
0.601
0.696
0.697
0.807
0.859
0.926
0.924
0.748
0.983
0.990
0.995
0.997
0.999
0.999
1.000
1.000
1.000
1.000
1.000
1.000
1.000
1.000
1.000
1.000
1.000
1.000
1.000
1.000
0.413
0.022
0.338
0.610
0.597
0.597
0.697
0.803
0.897
0.912
0.911
0.955
0.966
0.980
0.990
0.991
0.907
0.999
0.999
1.000
1.000
1.000
1.000
1.000
0.998
1.000
1.000
1.000
1.000
1.000
1.000
0.388
0.545
0.264
0.426
0.424
0.541
0.652
0.776
0.858
0.877
0.895
0.936
0.954
0.971
0.983
0.987
0.989
0.995
0.998
0.999
0.999
1.000
1.000
1.000
1.000
1.000
1.000
1.000
1.000
1.000
1.000
1.000
1.000
0.560
0.261
0.343
0.394
0.402
0.472
0.694
0.733
0.833
0.894
0.911
0.934
0.953
0.976
0.982
0.991
0.994
0.998
0.999
1.000
1.000
0.987
1.000
1.000
1.000
1.000
1.000
1.000
1.000
1.000
1.000
0.610
0.256
0.466
0.686
0.831
0.878
0.910
0.954
0.953
0.952
0.960
0.976
0.988
0.991
0.996
0.999
0.999
1.000
1.000
1.000
1.000
1.000
1.000
1.000
1.000
1.000
1.000
1.000
1.000
1.000
0.498
0.023
0.369
0.558
0.607
0.694
0.774
0.913
0.945
0.945
0.967
0.979
0.991
0.993
0.997
0.998
0.999
1.000
1.000
1.000
1.000
1.000
1.000
1.000
1.000
1.000
1.000
1.000
1.000
0.386
0.024
0.138
0.213
0.215
0.498
0.707
0.777
0.835
0.912
0.935
0.972
0.983
0.991
0.996
0.998
0.999
0.999
1.000
1.000
1.000
1.000
1.000
1.000
1.000
1.000
1.000
1.000
0.361
0.011
0.095
0.168
0.410
0.541
0.638
0.802
0.854
0.907
0.943
0.967
0.980
0.990
0.994
0.997
0.998
0.999
1.000
1.000
1.000
1.000
1.000
1.000
1.000
1.000
1.000
1.000
1.000
0.367
0.182
0.331
0.473
0.526
0.571
0.725
0.800
0.801
0.897
0.960
0.976
0.983
0.991
0.996
0.998
0.999
0.999
1.000
1.000
1.000
1.000
1.000
1.000
1.000
1.000
1.000
1.000
1.000
1.000
0.387
0.018
0.111
0.336
0.540
0.653
0.733
0.834
0.875
0.924
0.932
0.961
0.960
0.983
0.991
0.995
0.998
0.998
0.999
0.999
1.000
1.000
1.000
1.000
1.000
1.000
1.000
1.000
1.000
1.000
1.000
1.000
0.194
0.479
0.283
0.366
0.493
0.660
0.784
0.839
0.913
0.925
0.954
0.976
0.980
0.988
0.993
0.996
0.926
0.999
0.999
0.999
1.000
0.985
1.000
1.000
1.000
1.000
1.000
1.000
1.000
1.000
1.000
0.422
0.656
0.271
0.335
0.341
0.414
0.547
0.601
0.651
0.698
0.805
0.898
0.925
0.945
0.702
0.967
0.986
0.994
0.997
0.998
0.999
0.999
1.000
1.000
1.000
1.000
1.000
1.000
1.000
1.000
1.000
1.000
1.000
1.000
0.359
0.126
0.276
0.485
0.601
0.603
0.600
0.696
0.379
0.808
0.879
0.925
0.954
0.967
0.971
0.985
0.989
0.997
0.998
0.999
0.999
1.000
1.000
1.000
1.000
1.000
1.000
1.000
1.000
1.000
1.000
1.000
1.000
0.141
-0.196
0.012
0.255
0.404
0.540
0.650
0.737
0.808
0.836
0.879
0.912
0.926
0.953
0.972
0.988
0.994
0.996
0.997
0.998
1.000
1.000
1.000
1.000
1.000
1.000
1.000
1.000
1.000
1.000
1.000
0.498
0.089
0.510
0.702
0.694
0.806
0.856
0.911
0.645
0.953
0.959
0.983
0.990
0.994
0.996
0.995
0.998
0.999
1.000
1.000
1.000
1.000
1.000
1.000
1.000
1.000
1.000
1.000
1.000
1.000
0.574
0.371
0.566
0.552
0.714
0.814
0.810
0.816
0.883
0.939
0.955
0.954
0.961
0.977
0.980
0.983
0.991
0.994
0.996
0.998
0.999
0.999
0.999
1.000
1.000
1.000
1.000
1.000
1.000
1.000
1.000
1.000
1.000
1.000
0.390
0.130
0.256
0.257
0.330
0.418
0.601
0.595
0.737
0.727
0.837
0.857
0.894
0.925
0.961
0.972
0.980
0.988
0.993
0.995
0.998
0.999
1.000
1.000
1.000
1.000
1.000
1.000
1.000
1.000
1.000
1.000
1.000
1.000
0.493
0.250
0.338
0.409
0.655
0.739
0.832
0.581
0.924
0.961
0.971
0.988
0.861
0.995
0.996
0.926
0.999
0.999
0.999
1.000
1.000
1.000
1.000
1.000
1.000
1.000
1.000
1.000
1.000
1.000
0.384
0.176
0.083
0.107
0.266
0.591
0.772
0.772
0.879
0.911
0.946
0.977
0.983
0.994
0.997
0.998
0.954
1.000
1.000
1.000
1.000
1.000
0.998
1.000
1.000
1.000
1.000
1.000
1.000
1.000
0.387
0.029
0.265
0.418
0.602
0.649
0.701
0.778
0.805
0.928
0.946
0.968
0.972
0.827
0.658
0.869
0.995
0.999
0.999
1.000
1.000
1.000
1.000
1.000
1.000
1.000
1.000
1.000
1.000
0.310
-0.119
0.024
0.101
0.333
0.480
0.530
0.532
0.645
0.734
0.802
0.895
0.922
0.952
0.972
0.983
0.985
0.987
0.870
0.997
0.999
0.999
1.000
1.000
1.000
1.000
1.000
1.000
1.000
1.000
1.000
1.000
1.000
1.000
0.548
0.343
0.496
0.657
0.741
0.835
0.857
0.896
0.937
0.961
0.971
0.983
0.989
0.992
0.998
0.999
0.999
1.000
1.000
1.000
1.000
1.000
1.000
1.000
1.000
1.000
1.000
1.000
1.000
0.490
0.205
0.206
0.358
0.481
0.650
0.699
0.775
0.834
0.834
0.896
0.893
0.911
0.945
0.960
0.976
0.980
0.983
0.985
0.990
0.994
0.997
0.998
0.999
0.999
1.000
1.000
1.000
1.000
0.999
1.000
1.000
1.000
1.000
1.000
0.497
0.104
0.099
0.231
0.224
0.362
0.492
0.550
0.704
0.740
0.776
0.860
0.857
0.914
0.947
0.977
0.988
0.994
0.997
0.998
0.999
1.000
1.000
1.000
1.000
1.000
1.000
1.000
1.000
1.000
1.000
1.000
0.214
-0.108
-0.111
0.020
0.315
0.385
0.654
0.736
0.832
0.896
0.923
0.953
0.965
0.979
0.985
0.994
0.997
0.999
0.999
1.000
1.000
1.000
1.000
1.000
1.000
1.000
1.000
1.000
1.000
1.000
1.000
1.000
0.389
0.286
0.426
0.491
0.612
0.703
0.806
0.833
0.859
0.927
0.960
0.966
0.980
0.988
0.991
0.995
0.996
0.998
0.999
0.999
1.000
1.000
1.000
1.000
1.000
1.000
1.000
1.000
1.000
1.000
1.000
1.000
0.383
0.026
0.198
0.186
0.497
0.495
0.663
0.743
0.811
0.859
0.878
0.913
0.947
0.967
0.980
0.996
0.998
0.999
1.000
1.000
1.000
1.000
1.000
1.000
1.000
1.000
1.000
1.000
1.000
1.000
1.000
0.495
0.215
0.355
0.551
0.543
0.656
0.696
0.737
0.740
0.739
0.810
0.833
0.897
0.912
0.954
0.972
0.980
0.988
0.992
0.998
0.999
0.999
1.000
1.000
1.000
1.000
1.000
1.000
1.000
1.000
1.000
1.000
1.000
1.000
1.000
1.000
0.297
-0.010
0.087
0.342
0.539
0.685
0.731
0.801
0.826
0.874
0.908
0.958
0.979
0.987
0.992
0.995
0.998
0.999
0.999
1.000
1.000
1.000
1.000
1.000
1.000
1.000
1.000
1.000
1.000
1.000
1.000
1.000
0.321
0.099
0.200
0.194
0.262
0.355
0.412
0.479
0.606
0.601
0.699
0.743
0.776
0.775
0.860
0.856
0.894
0.936
0.953
0.977
0.983
0.994
0.997
0.999
0.999
1.000
1.000
1.000
1.000
1.000
1.000
1.000
1.000
1.000
1.000
1.000
0.237
0.627
0.445
0.671
0.783
0.837
0.914
0.946
0.961
0.980
0.990
0.993
0.996
0.998
0.999
0.999
1.000
1.000
1.000
1.000
1.000
1.000
1.000
1.000
1.000
1.000
1.000
1.000
1.000
1.000
0.312
0.023
0.192
0.260
0.404
0.405
0.589
0.638
0.636
0.638
0.801
0.874
0.909
0.944
0.964
0.835
0.993
0.993
0.997
0.998
0.999
0.999
1.000
1.000
1.000
1.000
1.000
0.997
1.000
1.000
1.000
1.000
1.000
0.493
0.009
0.266
0.477
0.534
0.777
0.773
0.806
0.858
0.898
0.925
0.962
0.976
0.986
0.991
0.889
0.997
0.998
0.999
0.999
1.000
1.000
1.000
1.000
1.000
1.000
1.000
1.000
1.000
1.000
1.000
1.000
1.000
0.493
0.184
0.606
0.309
0.804
0.857
0.878
0.895
0.924
0.944
0.953
0.971
0.975
0.991
0.997
0.998
0.999
0.999
1.000
1.000
1.000
1.000
1.000
1.000
1.000
1.000
1.000
1.000
1.000
1.000
0.573
0.281
0.106
0.482
0.482
0.698
0.735
0.805
0.853
0.937
0.935
0.953
0.952
0.953
0.961
0.976
0.988
0.992
0.995
0.997
0.999
0.999
1.000
1.000
1.000
1.000
1.000
1.000
1.000
1.000
1.000
1.000
1.000
1.000
0.305
-0.106
0.025
0.175
0.335
0.132
0.534
0.641
0.775
0.806
0.895
0.894
0.894
0.936
0.961
0.976
0.983
0.987
0.992
0.996
0.997
0.952
0.999
1.000
1.000
1.000
1.000
1.000
1.000
1.000
1.000
1.000
1.000
1.000
1.000
1.000
1.000
0.314
0.030
0.025
0.189
0.420
0.542
0.598
0.698
0.733
0.805
0.912
0.935
0.960
0.976
0.988
0.995
0.998
0.999
0.999
1.000
1.000
1.000
1.000
1.000
1.000
1.000
1.000
1.000
1.000
1.000
1.000
0.437
0.084
0.170
0.427
0.607
0.705
0.860
0.858
0.896
0.926
0.961
0.971
0.976
0.985
0.991
0.995
0.998
0.999
1.000
1.000
1.000
1.000
1.000
1.000
1.000
1.000
1.000
1.000
1.000
1.000
1.000
0.499
0.202
0.281
0.354
0.355
0.423
0.669
0.745
0.741
0.805
0.878
0.894
0.947
0.953
0.967
0.763
0.980
0.991
0.994
0.995
0.996
0.997
0.998
0.999
1.000
1.000
1.000
1.000
1.000
1.000
1.000
1.000
1.000
1.000
0.301
-0.112
-0.113
0.139
0.230
0.301
0.417
0.196
0.602
0.653
0.701
0.840
0.880
0.913
0.924
0.936
0.954
0.962
0.972
0.980
0.991
0.996
0.998
0.999
0.999
1.000
1.000
1.000
1.000
1.000
1.000
1.000
1.000
1.000
1.000
1.000
1.000
0.379
0.029
0.110
0.111
0.198
0.191
0.554
0.694
0.738
0.771
0.856
0.912
0.935
0.967
0.976
0.983
0.990
0.995
0.997
0.998
0.999
1.000
1.000
1.000
1.000
1.000
1.000
1.000
1.000
1.000
1.000
1.000
1.000
1.000
1.000
0.080
-0.112
0.014
0.162
0.241
0.416
0.598
0.738
0.772
0.835
0.878
0.896
0.910
0.936
0.945
0.953
0.966
0.971
0.980
0.985
0.989
0.991
0.995
0.997
0.997
0.998
0.999
0.999
1.000
1.000
1.000
1.000
1.000
0.999
1.000
1.000
1.000
1.000
1.000
0.496
0.177
0.339
0.408
0.406
0.531
0.696
0.448
0.824
0.876
0.911
0.945
0.953
0.983
0.988
0.993
0.994
0.996
0.998
0.999
0.999
1.000
1.000
1.000
1.000
1.000
1.000
1.000
1.000
1.000
1.000
1.000
0.489
0.408
0.537
0.647
0.689
0.728
0.763
0.767
0.765
0.827
0.851
0.893
0.644
0.960
0.970
0.975
0.987
0.992
0.995
0.998
0.999
1.000
1.000
1.000
1.000
1.000
1.000
1.000
1.000
1.000
1.000
1.000
1.000
1.000
0.485
0.111
0.269
0.552
0.358
0.775
0.857
0.895
0.936
0.961
0.966
0.983
0.988
0.993
0.996
0.997
0.999
0.999
1.000
1.000
1.000
1.000
1.000
1.000
1.000
1.000
1.000
1.000
1.000
1.000
0.390
-0.111
0.095
0.344
0.408
0.474
0.592
0.597
0.691
0.548
0.924
0.944
0.953
0.966
0.983
0.993
0.994
0.995
0.998
0.999
0.999
1.000
1.000
1.000
1.000
1.000
1.000
1.000
1.000
1.000
1.000
1.000
1.000
0.153
0.556
0.209
0.414
0.603
0.700
0.741
0.807
0.882
0.896
0.947
0.961
0.966
0.986
0.991
0.995
0.996
0.999
0.999
0.999
1.000
1.000
1.000
1.000
1.000
1.000
1.000
1.000
1.000
1.000
1.000
1.000
1.000
0.424
0.096
0.172
0.245
0.542
0.594
0.650
0.832
0.853
0.894
0.954
0.966
0.975
0.988
0.991
0.996
0.998
0.999
0.999
1.000
1.000
1.000
1.000
1.000
0.998
1.000
1.000
1.000
1.000
1.000
0.384
0.031
0.026
0.277
0.479
0.700
0.691
0.738
0.447
0.831
0.856
0.876
0.926
0.705
0.966
0.980
0.985
0.993
0.995
0.995
0.997
0.999
0.999
1.000
1.000
1.000
1.000
1.000
1.000
1.000
1.000
1.000
1.000
1.000
1.000
0.499
0.193
0.341
0.491
0.544
0.654
0.834
0.897
0.937
0.973
0.980
0.990
0.996
0.998
0.999
1.000
1.000
1.000
1.000
1.000
1.000
1.000
1.000
1.000
1.000
1.000
1.000
1.000
1.000
1.000
0.560
0.189
0.188
0.173
0.185
0.359
0.485
0.597
0.696
0.776
0.453
0.877
0.911
0.944
0.676
0.976
0.988
0.994
0.997
0.997
0.998
0.999
0.999
1.000
1.000
1.000
1.000
1.000
0.999
1.000
1.000
1.000
1.000
1.000
1.000
0.238
0.181
0.253
0.102
0.335
0.496
0.610
0.654
0.780
0.835
0.858
0.877
0.925
0.936
0.961
0.980
0.874
0.996
0.999
0.999
1.000
1.000
1.000
1.000
1.000
1.000
1.000
1.000
1.000
1.000
1.000
1.000
1.000
0.216
-0.194
-0.112
0.109
0.264
0.425
0.498
0.606
0.707
0.739
0.417
0.802
0.879
0.877
0.911
0.955
0.972
0.976
0.986
0.990
0.994
0.996
0.998
0.999
1.000
1.000
1.000
1.000
1.000
1.000
1.000
1.000
1.000
1.000
1.000
0.497
0.480
0.194
0.194
0.340
0.490
0.605
0.741
0.738
0.806
0.804
0.879
0.925
0.648
0.960
0.980
0.985
0.989
0.996
0.998
0.999
0.999
0.999
1.000
1.000
1.000
1.000
1.000
1.000
1.000
1.000
1.000
1.000
1.000
1.000
0.489
0.091
0.085
0.329
0.326
0.408
0.470
0.589
0.731
0.875
0.909
0.953
0.972
0.980
0.989
0.992
0.995
0.999
1.000
1.000
0.986
1.000
1.000
1.000
1.000
1.000
1.000
1.000
1.000
1.000
0.382
0.657
0.340
0.413
0.410
0.539
0.651
0.644
0.692
0.804
0.910
0.953
0.975
0.987
0.995
0.997
0.999
0.999
1.000
1.000
1.000
1.000
1.000
1.000
1.000
1.000
1.000
1.000
1.000
1.000
1.000
0.413
0.266
0.328
0.392
0.535
0.773
0.801
0.801
0.829
0.874
0.871
0.893
0.933
0.933
0.960
0.979
0.985
0.989
0.993
0.997
0.998
0.999
1.000
0.978
1.000
1.000
1.000
1.000
1.000
1.000
1.000
1.000
1.000
1.000
1.000
0.304
0.100
0.100
0.272
0.404
0.544
0.652
0.697
0.696
0.692
0.807
0.835
0.858
0.896
0.925
0.944
0.961
0.983
0.992
0.995
0.998
0.999
1.000
1.000
1.000
1.000
1.000
1.000
1.000
1.000
1.000
1.000
1.000
0.192
0.353
0.556
0.610
0.742
0.833
0.926
0.936
0.967
0.983
0.990
0.992
0.996
0.999
1.000
1.000
1.000
1.000
1.000
1.000
0.999
0.999
1.000
1.000
1.000
1.000
1.000
0.494
0.120
0.201
0.352
0.348
0.413
0.540
0.603
0.598
0.601
0.653
0.651
0.738
0.804
0.897
0.923
0.944
0.952
0.960
0.966
0.979
0.989
0.993
0.996
0.997
0.999
0.999
1.000
1.000
1.000
1.000
1.000
1.000
1.000
1.000
1.000
1.000
1.000
1.000
0.390
0.301
0.344
0.487
0.542
0.653
0.737
0.804
0.808
0.879
0.947
0.960
0.971
0.983
0.990
0.994
0.995
0.996
0.997
0.998
0.947
1.000
1.000
1.000
1.000
1.000
1.000
1.000
1.000
1.000
1.000
1.000
1.000
1.000
1.000
1.000
0.621
0.347
0.414
0.405
0.606
0.696
0.773
0.803
0.858
0.857
0.894
0.894
0.935
0.960
0.976
0.985
0.989
0.995
0.998
1.000
1.000
1.000
1.000
1.000
1.000
1.000
1.000
1.000
1.000
1.000
1.000
1.000
0.637
0.375
0.499
0.502
0.495
0.666
0.750
0.783
0.865
0.900
0.913
0.688
0.961
0.980
0.983
0.990
0.994
0.916
0.999
0.999
1.000
1.000
1.000
1.000
1.000
1.000
1.000
1.000
1.000
1.000
1.000
0.301
0.023
0.263
0.479
0.539
0.645
0.772
0.804
0.832
0.877
0.894
0.890
0.924
0.934
0.944
0.960
0.976
0.985
0.989
0.991
0.995
0.997
0.999
0.999
0.999
1.000
1.000
1.000
1.000
1.000
1.000
1.000
1.000
1.000
1.000
0.487
0.653
0.418
0.409
0.699
0.804
0.835
0.858
0.876
0.912
0.945
0.961
0.976
0.983
0.982
0.987
0.994
0.995
0.998
0.999
0.999
1.000
1.000
1.000
1.000
1.000
1.000
1.000
1.000
1.000
1.000
1.000
1.000
1.000
0.304
0.263
0.336
0.469
0.645
0.766
0.763
0.794
0.826
0.894
0.909
0.946
0.944
0.966
0.980
0.988
0.994
0.997
0.998
0.999
0.999
1.000
1.000
0.988
1.000
1.000
1.000
1.000
1.000
1.000
1.000
1.000
0.390
0.025
0.205
0.196
0.270
0.540
0.646
0.727
0.765
0.832
0.925
0.655
0.936
0.944
0.976
0.985
0.993
0.992
0.994
0.997
0.999
0.999
0.999
1.000
1.000
1.000
1.000
1.000
0.998
1.000
1.000
1.000
1.000
1.000
0.312
-0.193
-0.189
-0.193
-0.112
-0.112
0.004
0.125
0.352
0.417
0.545
0.593
0.696
0.774
0.830
0.874
0.909
0.953
0.966
0.979
0.991
0.995
0.996
0.997
0.998
0.999
0.999
1.000
1.000
1.000
1.000
1.000
1.000
1.000
1.000
1.000
1.000
0.381
0.014
0.015
0.180
0.180
0.418
0.547
0.657
0.811
0.837
0.859
0.936
0.966
0.983
0.985
0.987
0.994
0.997
0.998
0.999
1.000
1.000
1.000
1.000
1.000
1.000
1.000
1.000
1.000
1.000
1.000
0.195
0.263
0.435
0.613
0.741
0.809
0.856
0.897
0.896
0.925
0.977
0.983
0.990
0.995
0.998
0.999
1.000
1.000
1.000
1.000
1.000
1.000
1.000
1.000
1.000
1.000
1.000
1.000
1.000
0.488
0.180
0.172
0.412
0.602
0.595
0.646
0.694
0.834
0.897
0.911
0.923
0.953
0.976
0.979
0.985
0.989
0.991
0.994
0.996
0.998
0.999
1.000
1.000
1.000
1.000
1.000
1.000
1.000
1.000
1.000
1.000
1.000
0.300
0.122
0.230
0.288
0.288
0.513
0.666
0.813
0.801
0.861
0.899
0.936
0.972
0.976
0.980
0.991
0.996
0.997
0.999
0.999
1.000
1.000
1.000
1.000
1.000
1.000
1.000
1.000
1.000
1.000
1.000
1.000
0.498
-0.014
0.328
0.328
0.608
0.341
0.735
0.802
0.854
0.895
0.923
0.944
0.960
0.971
0.983
0.994
0.995
0.998
0.999
1.000
1.000
1.000
1.000
1.000
1.000
1.000
1.000
1.000
1.000
1.000
1.000
1.000
1.000
0.391
0.125
0.202
0.405
0.538
0.596
0.688
0.736
0.803
0.914
0.946
0.966
0.976
0.983
0.988
0.994
0.997
0.998
0.999
1.000
1.000
1.000
1.000
1.000
1.000
1.000
1.000
1.000
1.000
1.000
1.000
0.194
0.302
0.445
0.505
0.712
0.708
0.837
0.897
0.895
0.658
0.961
0.967
0.983
0.993
0.996
0.932
0.999
1.000
1.000
1.000
1.000
1.000
1.000
1.000
1.000
1.000
1.000
1.000
1.000
0.388
0.097
0.333
0.324
0.447
0.456
0.697
0.726
0.770
0.855
0.895
0.923
0.945
0.953
0.972
0.976
0.985
0.989
0.992
0.995
0.997
0.999
0.999
1.000
1.000
1.000
1.000
1.000
1.000
1.000
1.000
1.000
1.000
1.000
1.000
0.422
0.122
0.205
0.278
0.479
0.592
0.695
0.772
0.897
0.946
0.967
0.976
0.991
0.995
0.998
0.999
0.999
0.999
1.000
1.000
1.000
1.000
1.000
1.000
1.000
1.000
1.000
1.000
1.000
1.000
0.408
0.340
0.550
0.701
0.800
0.894
0.910
0.910
0.936
0.954
0.967
0.985
0.992
0.995
0.997
0.998
0.999
1.000
1.000
1.000
1.000
0.997
1.000
1.000
1.000
1.000
1.000
1.000
1.000
1.000
0.430
0.251
0.258
0.424
0.552
0.704
0.735
0.836
0.858
0.877
0.946
0.972
0.976
0.988
0.989
0.996
0.998
0.999
0.999
1.000
1.000
1.000
1.000
1.000
1.000
1.000
1.000
1.000
1.000
1.000
1.000
1.000
0.557
0.181
0.359
0.426
0.705
0.775
0.531
0.881
0.927
0.936
0.954
0.967
0.976
0.985
0.991
0.994
0.997
0.998
0.998
0.999
1.000
1.000
1.000
1.000
1.000
1.000
1.000
1.000
1.000
1.000
1.000
1.000
0.044
0.371
0.036
0.364
0.415
0.552
0.702
0.736
0.808
0.834
0.832
0.860
0.898
0.925
0.955
0.972
0.983
0.991
0.995
0.998
0.998
0.999
1.000
1.000
1.000
1.000
1.000
1.000
1.000
1.000
1.000
1.000
0.628
0.701
0.474
0.538
0.539
0.594
0.774
0.878
0.912
0.954
0.967
0.980
0.986
0.993
0.996
0.997
0.943
0.999
0.999
1.000
1.000
1.000
1.000
1.000
1.000
1.000
1.000
1.000
1.000
1.000
1.000
1.000
0.392
0.120
0.159
0.254
0.464
0.692
0.764
0.877
0.907
0.943
0.965
0.988
0.994
0.995
0.998
0.999
0.999
0.999
1.000
1.000
1.000
1.000
1.000
1.000
1.000
1.000
1.000
1.000
0.386
0.192
0.332
0.406
0.471
0.537
0.654
0.646
0.810
0.832
0.897
0.924
0.935
0.961
0.971
0.983
0.994
0.995
0.998
0.999
0.999
1.000
1.000
1.000
0.995
1.000
1.000
1.000
1.000
1.000
1.000
1.000
1.000
1.000
0.389
0.285
0.417
0.411
0.546
0.656
0.739
0.858
0.876
0.912
0.945
0.967
0.983
0.985
0.991
0.996
0.998
0.999
1.000
1.000
1.000
1.000
1.000
1.000
1.000
1.000
1.000
1.000
1.000
1.000
0.498
0.210
0.298
0.346
0.599
0.647
0.643
0.809
0.897
0.923
0.976
0.985
0.989
0.993
0.995
0.997
0.998
0.954
0.881
0.807
0.928
0.991
1.000
1.000
1.000
1.000
1.000
1.000
1.000
1.000
0.388
-0.109
0.025
0.212
0.363
0.552
0.606
0.389
0.776
0.773
0.805
0.879
0.913
0.946
0.967
0.977
0.990
0.995
0.998
0.999
0.999
1.000
1.000
1.000
1.000
1.000
1.000
1.000
1.000
1.000
1.000
1.000
1.000
1.000
0.503
0.204
0.563
0.658
0.705
0.744
0.811
0.879
0.878
0.937
0.962
0.983
0.990
0.994
0.997
0.999
0.999
1.000
1.000
1.000
1.000
1.000
1.000
1.000
1.000
1.000
1.000
1.000
0.500
0.182
0.361
0.418
0.568
0.674
0.708
0.708
0.783
0.862
0.579
0.912
0.937
0.680
0.514
0.796
0.990
0.994
0.995
0.997
0.998
0.999
0.999
1.000
1.000
1.000
1.000
1.000
1.000
1.000
1.000
1.000
1.000
1.000
0.369
0.176
0.257
0.343
0.420
0.556
0.605
0.704
0.834
0.878
0.910
0.946
0.953
0.972
0.976
0.983
0.990
0.992
0.995
0.997
0.998
0.999
1.000
1.000
1.000
1.000
1.000
1.000
1.000
1.000
1.000
1.000
1.000
1.000
0.475
0.256
0.325
0.389
0.384
0.532
0.644
0.732
0.769
0.791
0.851
0.893
0.953
0.960
0.976
0.983
0.989
0.995
0.912
0.998
0.999
1.000
1.000
1.000
0.996
1.000
1.000
1.000
1.000
1.000
1.000
1.000
0.224
-0.114
0.026
0.023
0.087
0.088
0.196
0.279
0.342
0.481
0.595
0.737
0.773
0.856
0.912
0.945
0.961
0.965
0.976
0.988
0.993
0.996
0.998
0.999
0.999
1.000
1.000
1.000
1.000
1.000
1.000
1.000
1.000
1.000
1.000
1.000
0.486
0.741
0.551
0.653
0.701
0.698
0.696
0.739
0.777
0.859
0.880
0.947
0.972
0.983
0.985
0.990
0.991
0.996
0.997
0.998
0.999
0.961
1.000
1.000
1.000
1.000
1.000
1.000
1.000
1.000
1.000
1.000
0.294
0.166
0.350
0.405
0.534
0.528
0.776
0.828
0.874
0.954
0.971
0.979
0.988
0.995
0.996
0.998
0.999
1.000
1.000
1.000
1.000
1.000
1.000
1.000
1.000
1.000
0.245
-0.111
0.103
0.105
0.248
0.406
0.647
0.730
0.832
0.852
0.894
0.945
0.952
0.959
0.976
0.982
0.995
0.998
0.999
0.999
1.000
1.000
1.000
1.000
1.000
1.000
1.000
1.000
1.000
1.000
0.160
0.115
0.106
0.166
0.478
0.595
0.646
0.735
0.731
0.732
0.769
0.807
0.832
0.855
0.925
0.953
0.954
0.967
0.976
0.983
0.991
0.907
0.998
0.999
0.999
1.000
1.000
1.000
1.000
1.000
1.000
1.000
1.000
1.000
1.000
1.000
1.000
0.446
0.665
0.371
0.575
0.616
0.711
0.809
0.898
0.926
0.937
0.954
0.967
0.976
0.976
0.988
0.994
0.998
0.999
1.000
1.000
1.000
1.000
0.993
1.000
1.000
1.000
1.000
1.000
1.000
1.000
1.000
0.224
-0.113
0.027
0.023
0.263
0.476
0.598
0.656
0.697
0.732
0.832
0.895
0.961
0.980
0.988
0.987
0.991
0.995
0.998
0.999
0.999
1.000
1.000
1.000
1.000
1.000
1.000
1.000
1.000
1.000
1.000
