3702
204
348
258
186
192
198
216
192
240
228
204
174
210
204
186
192
180
228
228
192
174
216
204
168
174
198
168
180
210
216
210
234
216
180
216
210
192
198
180
168
174
204
192
192
204
192
210
180
210
216
180
210
204
222
222
204
210
204
186
216
234
204
204
192
180
216
210
192
198
210
198
204
198
234
192
192
198
204
198
198
222
228
204
204
198
216
210
204
210
228
234
210
180
234
204
180
192
228
222
204
192
204
204
234
216
198
216
210
234
198
252
198
216
222
204
198
198
198
204
210
234
180
180
186
180
180
216
180
180
186
156
210
204
192
174
210
210
192
198
216
204
222
174
204
192
234
186
228
210
192
180
204
186
204
198
192
198
210
264
216
198
198
204
222
216
204
192
210
216
192
186
198
210
222
162
204
204
198
204
192
192
180
222
204
186
210
198
198
150
174
204
216
204
234
216
192
234
198
204
216
204
192
180
174
168
186
204
234
180
198
222
192
228
186
174
198
204
222
222
186
216
210
180
246
204
192
180
180
210
228
228
216
198
228
210
198
198
186
192
222
252
192
198
228
246
228
228
198
198
216
174
204
192
204
228
240
252
186
216
204
198
186
246
222
204
228
228
204
198
198
216
210
210
186
192
210
168
210
228
180
210
210
192
186
234
180
198
234
276
210
180
228
204
180
210
222
186
186
204
228
216
204
204
180
204
252
192
198
186
186
192
210
174
180
228
204
204
210
186
168
198
186
192
204
204
204
222
234
198
210
216
216
216
204
168
234
204
240
210
192
192
228
228
198
222
234
180
192
198
180
198
180
234
192
198
186
204
186
222
246
186
198
192
228
198
204
180
216
228
216
204
198
192
222
180
180
186
210
216
192
222
222
228
180
228
210
174
198
186
204
180
186
186
204
198
216
222
210
192
198
192
216
216
198
192
180
174
168
174
180
192
210
210
204
186
186
204
204
198
222
198
216
180
216
192
192
192
186
216
192
216
180
216
204
186
210
240
186
192
210
228
210
240
198
210
186
204
198
186
222
180
234
210
216
216
186
186
216
198
174
234
222
192
198
210
204
198
216
228
192
174
198
192
210
186
186
210
186
186
192
198
198
198
168
210
180
240
210
168
240
204
204
216
198
156
180
228
192
198
