5.291
4.438
5.374
6.111
4.823
4.795
4.949
5.393
4.716
5.373
5.607
4.787
4.570
4.922
5.009
4.461
4.536
4.765
5.783
5.954
4.383
4.368
5.051
5.278
4.196
4.375
5.036
4.466
4.488
5.097
5.242
5.192
5.668
5.299
4.690
5.081
5.443
4.700
5.031
4.683
4.259
4.252
5.020
4.887
4.699
5.277
4.806
5.275
4.441
5.421
5.137
4.370
5.363
4.832
5.849
5.665
4.776
5.097
5.363
4.533
5.596
5.837
5.226
5.194
4.468
4.628
5.340
4.942
5.009
4.832
5.322
5.160
5.071
5.437
6.093
4.976
4.559
5.148
5.177
5.045
5.167
5.764
5.839
5.860
5.359
6.275
6.468
6.375
6.261
6.746
7.148
6.427
6.079
5.514
7.485
6.200
5.866
6.271
7.160
6.703
6.137
5.929
6.804
6.019
6.497
6.944
6.625
6.858
7.124
7.358
6.394
7.274
6.109
6.568
6.766
6.631
6.451
6.301
5.890
5.846
6.512
7.617
5.515
6.312
5.796
5.876
5.141
7.207
5.560
5.274
5.925
4.989
6.764
6.694
5.699
6.092
6.209
6.337
6.011
6.003
6.442
6.601
6.754
5.644
7.196
6.914
7.564
5.626
7.114
6.465
5.039
4.664
5.915
5.014
5.192
4.847
5.407
4.993
5.533
6.070
5.411
5.097
5.044
5.673
6.117
5.688
5.148
5.144
5.414
5.627
5.005
4.820
5.277
5.719
6.026
4.156
5.129
5.015
4.917
5.098
4.563
5.004
4.649
5.649
5.219
4.679
5.442
4.515
5.098
3.997
4.434
5.207
5.562
4.953
5.819
5.339
4.945
5.721
4.932
4.828
5.584
5.226
4.872
4.579
4.384
4.379
4.861
5.693
5.815
4.515
5.152
5.988
4.804
5.794
4.840
4.552
5.315
5.277
5.522
6.068
4.699
5.763
5.448
4.853
6.232
4.956
4.846
4.647
4.628
5.581
6.110
5.786
5.495
4.878
4.892
5.872
4.971
4.845
4.810
4.966
5.590
6.482
4.865
5.114
5.657
5.201
5.828
6.071
5.371
5.410
5.383
4.177
5.088
5.030
5.708
6.020
6.277
6.289
4.857
5.332
5.338
4.951
4.812
6.405
5.225
5.452
5.364
5.918
5.027
5.150
4.900
5.621
5.171
5.120
4.960
5.085
4.899
4.072
5.310
5.865
4.785
5.341
5.397
5.133
5.023
5.637
4.487
5.246
6.043
7.213
5.051
4.558
5.843
4.894
4.562
5.295
5.345
4.601
4.841
4.919
5.378
4.893
5.013
4.735
4.702
4.688
6.389
4.920
4.866
4.680
4.593
4.993
5.434
4.486
4.599
5.522
5.072
5.084
5.072
4.742
4.265
4.845
4.037
4.737
5.119
5.031
5.172
5.344
6.039
4.919
5.077
4.783
5.752
6.039
5.187
4.377
5.005
4.403
5.637
4.912
4.844
5.002
5.747
5.988
4.909
5.673
6.118
4.619
4.929
5.148
4.547
5.159
4.515
5.827
4.646
4.932
4.718
5.110
4.654
5.132
6.550
4.589
5.058
4.474
5.924
4.955
5.304
4.561
5.140
5.752
5.325
5.283
4.949
4.623
5.255
4.616
4.438
4.883
5.378
5.393
4.613
5.720
5.819
5.704
4.398
6.038
5.409
4.519
5.034
4.442
5.454
4.523
4.619
4.792
5.006
4.819
5.322
5.026
5.540
4.698
5.270
4.721
5.262
4.767
5.142
4.804
4.543
4.454
4.451
4.669
4.830
4.914
4.775
5.341
5.226
5.311
4.779
5.445
5.484
4.758
4.765
4.646
5.457
4.518
5.594
5.085
5.054
5.003
4.880
5.656
5.215
5.744
4.471
5.448
5.125
4.639
5.397
5.784
4.906
4.849
5.562
5.919
5.556
6.300
5.103
5.442
4.636
5.172
5.018
4.703
5.456
4.545
5.469
5.131
5.753
5.542
4.790
4.970
5.605
5.410
4.053
6.199
5.495
5.013
4.905
5.619
5.370
5.195
5.427
5.978
5.006
4.441
5.234
5.044
5.112
4.922
4.473
5.538
4.568
4.711
4.981
5.090
5.104
4.999
4.280
5.241
4.552
4.597
5.233
4.300
5.224
5.212
5.063
5.768
5.138
4.118
4.665
5.781
4.879
4.952
