1704
30
24
24
18
18
24
36
12
18
12
12
12
18
24
60
66
36
66
24
66
18
24
24
42
66
42
42
90
48
102
54
60
126
60
66
66
66
150
78
72
78
150
78
84
78
150
252
102
54
114
48
108
48
90
48
48
90
96
48
132
48
42
72
54
18
24
24
18
24
6
6
6
18
12
42
42
42
18
36
24
18
18
18
36
12
18
30
18
18
6
36
24
42
12
18
24
30
36
30
36
30
36
30
54
18
24
6
6
12
12
30
18
54
78
48
42
90
42
42
42
48
48
102
90
42
78
36
36
78
138
48
114
66
72
72
66
114
54
60
54
54
48
48
84
36
42
48
96
54
48
42
90
36
90
42
96
54
60
66
60
66
126
66
114
60
102
42
78
36
84
66
30
54
54
66
60
54
42
12
30
24
24
30
6
30
24
30
24
30
24
30
24
24
24
48
30
54
24
54
36
42
84
78
36
36
42
42
42
42
78
84
48
108
48
48
42
36
42
36
30
66
24
24
30
24
18
54
54
30
24
18
18
24
6
12
18
24
12
30
24
30
24
24
42
30
54
60
30
24
30
102
36
30
36
66
36
30
24
60
24
18
18
18
24
54
36
36
30
30
54
30
72
12
6
12
6
6
12
18
18
42
24
30
54
18
54
30
36
36
36
36
36
30
30
66
60
36
72
30
30
24
30
24
18
24
6
6
12
6
6
6
6
18
18
12
6
12
24
12
12
6
12
36
30
6
6
6
12
12
12
36
24
6
18
18
54
66
30
72
42
42
66
30
30
42
18
12
12
18
24
36
24
24
42
12
30
18
18
24
18
12
6
12
6
6
6
6
6
12
12
12
6
6
6
6
12
6
12
18
24
24
18
48
24
30
36
42
48
54
60
54
90
42
48
54
54
54
156
102
78
36
84
36
36
54
24
24
30
36
30
72
84
42
102
96
42
66
48
48
54
24
48
54
30
66
42
66
30
48
24
36
18
18
12
42
30
48
42
12
6
6
6
6
6
6
30
18
18
24
12
6
18
42
30
78
36
36
78
36
78
102
108
114
48
78
42
48
42
36
42
96
48
48
48
42
36
36
30
30
78
90
78
42
90
36
30
54
30
24
30
30
30
42
24
18
12
24
18
24
78
66
30
48
24
42
12
18
24
48
30
30
30
30
24
18
12
6
12
6
18
18
18
24
24
18
30
12
30
24
18
12
12
12
30
24
84
42
18
30
12
6
12
12
24
18
24
36
54
66
60
30
30
36
42
42
96
42
42
48
114
138
78
78
150
162
78
78
84
180
96
210
222
114
228
114
108
102
192
192
210
108
108
102
102
198
102
96
186
90
192
192
102
108
108
108
210
96
204
108
114
108
102
210
114
114
108
228
240
120
126
234
120
252
234
120
234
114
210
96
90
186
90
84
150
66
72
66
138
126
114
60
60
120
132
60
66
114
48
54
48
48
48
48
84
90
36
36
30
24
24
54
48
18
24
18
42
18
24
54
42
42
12
12
24
6
12
6
12
6
6
6
6
6
6
6
18
18
42
24
24
42
18
12
12
6
30
24
18
12
6
6
6
6
18
12
24
6
6
12
12
36
12
18
12
6
18
18
54
24
54
30
30
36
36
36
66
60
54
30
18
12
12
30
24
42
30
30
18
12
6
6
6
6
12
36
6
6
6
30
18
48
24
18
24
42
30
54
30
24
48
18
24
48
18
18
6
6
24
36
18
18
24
18
42
18
24
18
24
18
24
30
24
54
18
12
18
30
18
18
18
36
18
12
36
36
30
24
24
36
12
30
42
36
18
30
6
6
6
24
24
12
6
12
6
12
18
18
12
12
18
18
6
6
6
12
12
6
12
18
18
42
24
12
6
6
6
18
6
42
36
12
12
12
6
6
12
18
6
6
12
12
18
12
12
6
12
12
18
18
24
0
18
12
12
12
12
12
18
30
18
24
18
18
18
24
60
36
36
42
42
102
168
126
306
84
78
162
156
360
90
174
198
108
114
114
222
222
108
108
228
108
396
90
180
96
96
90
90
84
150
156
78
84
90
90
90
90
186
84
90
174
78
84
186
96
96
96
96
90
174
90
90
180
96
186
204
108
204
198
108
228
228
108
204
96
96
90
84
174
162
156
78
78
78
162
174
96
174
78
138
66
66
72
72
66
72
72
66
66
60
66
66
162
54
48
48
54
114
60
126
132
120
126
66
72
66
66
120
114
114
66
72
132
60
60
66
60
54
60
60
138
66
60
54
60
54
54
102
54
