0.542
0.457
0.633
0.771
0.538
0.715
0.942
0.744
0.738
0.657
0.630
0.529
0.724
0.735
0.606
0.505
0.666
0.782
0.755
1.098
0.676
0.615
0.733
0.820
0.690
0.634
0.781
0.546
0.652
0.847
0.686
0.690
0.892
0.738
0.860
0.791
0.674
0.799
0.619
0.654
0.653
0.738
0.783
0.634
0.708
0.868
0.577
0.717
0.806
0.795
0.603
0.640
0.760
0.806
0.758
0.835
0.725
0.657
0.965
0.797
0.667
0.857
0.764
0.820
0.715
0.699
0.753
0.736
0.799
0.902
0.680
0.776
0.629
0.874
0.599
0.649
0.623
0.880
0.678
0.705
0.771
0.633
0.823
0.662
0.782
0.751
0.812
0.841
0.740
0.803
0.656
0.867
0.792
0.792
0.634
0.768
0.665
0.694
0.737
0.658
0.664
0.803
0.693
0.701
0.601
0.700
0.795
0.765
0.651
0.750
0.599
0.722
0.754
0.851
0.711
0.724
0.835
0.865
0.749
0.634
0.791
0.735
0.653
0.802
0.641
0.797
0.782
0.644
0.643
0.733
0.598
0.695
0.828
0.754
0.679
0.783
0.796
0.872
0.829
0.836
0.818
0.750
0.716
0.772
0.796
0.720
0.838
0.657
0.756
0.749
0.862
0.721
0.645
0.739
0.688
0.810
0.727
0.511
0.897
0.783
0.803
0.759
0.657
0.720
0.699
0.747
0.937
0.664
0.752
0.578
0.856
0.614
0.719
0.773
0.819
0.755
0.787
0.840
0.590
0.767
0.643
0.649
0.718
0.890
0.582
0.812
0.579
0.782
0.670
0.887
0.729
0.890
0.701
0.567
0.712
0.860
0.713
0.859
0.803
0.793
0.750
0.690
0.642
0.813
0.751
0.675
0.751
0.638
0.866
0.723
0.698
0.848
0.633
0.827
0.711
0.664
0.708
0.680
0.748
0.788
0.623
0.707
0.596
0.620
0.765
0.659
0.816
0.749
0.887
0.848
0.779
0.789
0.712
0.652
0.702
0.941
0.702
0.879
0.634
0.571
0.740
0.850
0.653
0.749
0.738
0.757
0.932
0.724
0.742
0.696
0.705
0.678
0.666
0.755
0.749
0.717
0.760
0.660
0.661
0.770
0.776
0.612
0.874
0.863
0.693
0.726
0.735
0.698
0.882
0.924
0.726
0.697
0.742
0.723
0.822
0.812
0.778
0.884
0.625
0.900
0.956
0.625
0.768
0.617
0.720
0.716
0.724
0.716
0.753
0.572
0.709
0.635
0.780
0.681
0.821
0.835
0.771
0.635
0.606
0.599
0.874
0.875
0.668
0.766
0.605
0.641
0.688
0.822
0.744
0.773
0.846
0.746
0.617
0.681
0.670
0.733
0.705
0.790
0.789
0.738
0.664
0.826
0.731
0.741
0.723
0.547
0.696
0.665
1.028
0.586
0.648
0.750
1.054
0.558
0.634
0.612
0.730
0.663
0.636
0.710
0.749
0.890
0.686
0.812
0.617
0.620
0.803
0.666
0.678
0.788
0.751
0.700
0.789
0.844
0.714
0.582
0.616
0.771
0.787
0.811
0.688
0.871
0.673
0.806
0.634
0.810
0.784
0.739
0.631
0.750
0.760
1.015
0.912
0.797
0.700
0.708
0.765
0.603
0.882
0.772
0.607
0.763
0.697
0.800
0.604
0.752
0.744
0.795
0.788
0.790
0.659
0.591
0.696
0.758
0.786
0.644
0.724
0.760
0.864
0.757
0.841
0.998
0.671
0.646
0.694
0.781
0.931
0.750
0.867
0.893
0.816
0.795
0.870
0.680
0.680
0.821
0.751
0.540
0.718
0.670
0.624
0.655
0.615
0.813
0.790
0.776
0.684
0.775
0.772
0.725
0.680
0.813
0.709
0.833
0.722
0.853
0.616
0.707
0.726
0.733
0.787
0.790
0.708
0.678
0.679
0.934
0.846
0.673
0.933
0.595
0.793
0.791
0.809
0.757
0.848
0.752
0.810
0.612
0.708
0.777
0.688
0.681
0.774
0.779
0.658
0.768
0.937
0.731
0.576
0.586
0.666
0.719
0.657
0.781
0.630
0.881
0.676
0.627
0.750
0.742
0.795
0.640
0.637
0.700
0.799
0.580
0.828
0.748
0.725
0.795
0.719
0.787
0.728
0.771
0.664
0.719
0.671
0.666
0.571
0.733
0.620
0.780
0.639
0.729
0.985
0.683
0.771
0.827
0.773
0.607
0.684
0.742
0.762
0.732
0.694
0.505
0.841
0.823
0.686
0.846
0.656
0.649
0.678
0.786
0.765
0.805
0.729
0.625
0.795
0.606
0.622
0.746
0.653
0.771
0.725
0.569
0.772
0.885
0.625
0.651
0.596
0.660
0.779
0.630
1.044
0.721
0.766
0.705
0.708
0.910
0.833
0.582
0.836
0.727
0.678
0.759
0.962
0.763
0.740
0.684
0.586
0.731
0.778
0.574
0.718
0.650
0.726
0.614
0.723
0.718
0.683
0.738
0.862
0.775
0.608
0.686
0.955
0.731
0.663
0.698
0.787
0.747
0.774
0.940
0.786
0.689
0.835
0.560
0.883
0.640
0.854
0.553
0.641
0.779
0.548
0.666
0.742
0.759
0.613
0.689
0.649
0.790
0.719
0.794
0.632
0.783
0.599
0.710
0.657
0.697
0.696
0.624
0.770
0.691
0.757
0.600
0.747
0.726
0.652
0.795
0.764
0.702
0.686
0.663
0.722
0.777
0.819
0.898
0.718
0.871
0.904
0.756
0.748
0.658
0.702
0.620
0.729
0.696
0.849
0.675
0.814
0.820
0.766
0.889
0.856
0.787
0.877
0.781
0.732
0.624
1.009
0.806
0.665
0.603
0.649
0.732
0.685
0.771
1.012
0.883
0.675
0.725
0.739
0.895
0.802
0.786
0.648
0.751
0.643
0.649
0.648
0.784
0.670
0.814
0.754
0.721
0.529
0.668
0.566
0.617
0.724
0.692
0.667
0.854
0.701
0.770
0.739
0.767
0.662
0.631
0.714
0.660
0.633
0.725
0.576
0.683
0.639
0.762
0.799
0.651
0.897
0.842
0.692
0.609
0.729
0.554
0.735
0.821
0.744
0.675
0.785
0.652
0.998
0.618
0.783
0.697
0.842
0.753
0.603
0.770
0.768
0.590
0.653
0.748
0.702
0.712
0.726
0.543
0.670
0.917
0.727
0.886
0.665
0.700
0.728
0.679
0.755
0.737
0.857
0.775
0.731
0.748
0.583
0.656
0.766
0.712
0.586
0.654
0.769
0.863
0.731
0.695
0.887
0.879
0.728
0.851
0.612
0.795
0.840
0.676
0.731
0.856
0.791
0.774
0.633
0.601
0.517
0.779
0.780
0.670
0.666
0.599
0.794
0.613
0.715
0.859
0.624
0.655
0.821
0.752
0.763
0.752
0.671
0.759
0.665
0.519
0.880
0.814
0.843
0.775
0.703
0.617
0.785
0.707
1.000
0.729
0.880
0.708
0.750
0.754
0.775
0.694
0.573
0.696
0.715
0.616
0.716
0.576
0.750
0.785
0.650
0.781
0.988
0.699
0.858
0.825
0.757
0.707
0.893
0.498
0.618
0.807
0.848
0.591
0.805
0.609
0.660
0.650
0.728
0.759
0.511
0.845
0.783
0.764
0.679
0.823
0.787
0.551
0.634
0.615
0.742
0.804
0.843
0.924
0.740
0.794
0.697
0.642
0.686
0.621
0.775
0.906
0.642
0.607
0.812
0.751
0.780
0.666
0.659
0.754
0.655
0.679
0.669
0.605
0.696
0.702
0.639
0.779
0.726
0.725
0.631
0.735
0.596
0.854
0.785
0.669
0.852
0.762
0.547
0.726
0.717
0.619
0.692
0.696
0.631
0.637
0.810
0.563
0.898
0.662
0.885
0.824
0.746
0.713
0.661
0.736
0.729
0.723
0.565
0.602
0.868
0.820
0.817
0.690
0.669
0.825
0.666
0.798
0.669
0.705
0.816
0.743
0.804
0.759
0.700
0.733
0.718
0.914
0.595
0.802
0.587
0.795
0.803
0.648
0.582
0.766
0.771
0.714
0.627
0.747
0.710
0.752
0.719
1.032
0.906
0.676
0.662
0.681
0.669
0.748
0.783
0.675
0.683
0.759
0.647
0.826
0.812
0.801
0.709
0.564
0.786
0.762
0.631
0.808
0.673
0.616
0.664
0.706
0.742
0.871
0.608
0.677
0.739
0.791
0.665
0.976
0.831
0.695
0.818
0.812
0.741
0.697
0.706
0.674
0.662
0.771
0.662
0.713
0.781
0.726
0.762
0.618
0.792
0.585
1.036
0.651
0.914
0.765
0.863
0.665
0.616
0.858
0.839
0.650
0.846
0.571
0.739
0.776
0.720
0.768
