0.479
0.443
0.676
0.765
0.523
0.737
0.638
0.846
0.772
0.576
0.596
0.840
0.613
0.930
0.613
0.809
0.681
0.645
0.534
0.647
0.686
0.702
0.677
0.791
0.665
0.608
0.781
0.774
0.804
0.660
0.774
0.655
0.679
0.681
0.595
0.712
0.590
0.568
0.802
0.874
0.951
0.839
0.805
0.687
0.829
0.749
0.665
0.606
0.757
0.778
0.664
0.842
0.798
0.723
0.732
0.771
0.620
0.868
0.879
0.733
0.809
0.816
0.696
0.798
0.722
0.634
0.783
0.625
0.618
0.722
0.597
0.784
0.585
0.737
0.698
0.870
0.836
0.825
0.756
0.761
0.921
0.695
0.703
0.633
0.660
0.762
0.760
0.600
0.795
0.807
0.859
0.821
0.965
0.712
0.797
0.814
0.692
0.674
0.822
0.717
0.792
0.846
0.665
0.759
0.701
0.536
0.829
0.683
0.675
0.651
0.599
0.782
0.701
0.720
0.780
0.722
0.673
0.850
0.650
0.886
0.827
0.795
0.729
0.763
0.879
0.751
0.796
0.645
0.872
0.845
0.685
0.790
0.711
0.770
0.745
0.671
0.634
0.626
0.728
0.691
0.805
0.629
0.975
0.904
0.739
0.569
0.664
0.751
0.856
0.733
0.923
0.839
0.874
0.860
0.681
0.650
0.678
0.643
0.717
0.674
0.543
0.765
0.726
0.756
0.752
0.606
0.584
0.606
0.746
0.649
0.569
0.641
0.734
0.781
0.791
0.673
0.515
0.770
0.778
0.770
0.756
0.792
0.799
0.711
0.835
0.726
0.754
0.678
0.782
0.720
0.764
0.885
0.676
0.741
0.849
0.745
0.685
0.785
0.754
0.693
0.934
0.627
0.610
0.683
0.622
0.886
0.731
0.885
0.726
0.818
0.606
0.791
0.679
0.832
0.698
0.596
0.648
0.537
0.747
0.669
0.763
0.781
0.587
0.842
0.791
0.686
0.679
0.741
0.730
0.642
0.592
0.735
0.638
0.748
0.697
0.675
0.522
0.627
0.661
0.648
0.602
0.790
0.745
0.572
0.761
0.741
0.717
0.503
0.831
0.729
0.672
0.617
0.567
0.703
0.745
0.758
0.774
0.708
0.824
0.657
0.657
0.662
0.807
0.651
0.580
0.696
0.753
0.948
0.693
0.755
0.823
0.837
0.833
0.808
0.636
0.921
0.772
0.657
0.553
0.801
0.746
0.788
0.717
0.967
0.852
0.888
0.744
0.736
0.604
0.738
0.865
0.690
0.628
0.917
0.632
0.642
0.592
0.633
0.724
0.723
0.879
0.759
0.711
0.793
0.777
0.899
0.905
0.539
0.719
0.749
0.616
0.702
0.634
0.507
0.773
0.963
0.664
0.799
0.743
0.722
0.804
0.700
0.639
0.731
0.711
0.760
0.588
0.738
0.681
0.618
0.852
0.925
0.934
0.719
0.914
0.782
0.786
0.676
0.666
0.835
0.745
0.580
1.000
0.702
0.781
0.686
0.728
0.680
0.709
0.639
0.600
0.637
0.788
0.835
0.799
0.758
0.659
0.745
0.689
0.627
0.716
0.638
0.804
0.639
0.831
0.714
0.612
0.594
0.840
0.812
0.701
0.675
0.719
0.600
0.746
0.723
0.673
0.631
0.703
0.705
0.509
0.618
0.783
0.551
0.909
0.669
0.825
0.809
0.839
0.782
0.720
0.651
0.746
0.665
0.972
0.617
0.598
0.627
0.707
0.612
0.913
0.626
0.716
0.583
0.611
0.825
0.586
0.677
0.598
0.581
0.759
0.677
0.690
0.783
0.742
0.738
0.620
0.640
0.782
0.672
0.821
0.927
0.586
0.606
0.689
0.948
0.625
0.820
0.638
0.604
0.930
0.886
1.019
0.817
0.649
0.798
0.734
0.668
0.663
0.662
0.747
0.749
0.849
0.676
0.768
0.683
0.794
0.705
0.892
0.577
0.891
0.756
0.702
0.662
0.751
0.753
0.686
0.757
0.658
0.714
0.784
0.892
0.703
0.751
0.652
0.722
0.655
0.578
0.734
0.727
0.649
0.630
0.705
0.886
0.842
0.533
0.773
0.694
0.562
0.710
0.638
0.581
0.653
0.789
0.568
0.656
0.750
0.726
0.666
0.710
0.610
0.639
0.579
0.635
0.693
0.576
0.681
0.715
0.716
0.688
0.688
0.614
0.793
0.818
0.904
0.745
0.589
0.687
0.660
0.831
0.644
0.701
0.765
0.586
0.748
0.656
0.716
0.522
0.965
0.648
0.755
0.690
0.675
0.752
0.733
0.699
0.611
0.772
0.868
0.559
0.685
0.805
0.679
0.725
0.875
0.619
0.605
0.692
0.777
0.798
0.898
0.721
0.651
0.780
0.655
0.800
0.788
0.598
0.740
0.922
0.616
0.885
0.873
0.821
0.740
0.598
0.904
0.853
0.672
0.817
0.735
0.669
0.835
0.685
0.643
0.772
0.800
0.674
0.670
0.759
0.764
0.574
0.683
0.778
0.706
0.789
0.717
0.689
0.636
0.894
0.749
0.645
0.706
0.515
0.671
0.665
0.797
0.619
0.750
0.789
0.621
0.556
0.630
0.767
0.613
0.619
0.833
0.674
0.780
0.628
0.705
0.871
0.689
0.706
0.711
0.678
0.647
0.506
0.911
0.771
0.733
0.880
0.788
0.712
0.666
0.779
0.733
0.755
0.897
0.821
0.655
0.847
0.911
0.699
0.691
0.778
0.682
0.619
0.657
0.683
0.760
0.841
0.743
0.584
0.762
0.744
0.572
0.578
0.759
0.637
0.814
0.525
0.669
0.650
0.637
0.759
0.736
0.792
0.717
0.654
0.643
0.622
0.583
0.758
0.951
0.624
0.694
0.683
0.654
0.753
0.704
0.619
0.768
0.774
0.722
0.615
0.741
0.528
0.832
0.669
0.592
0.749
0.853
0.707
0.628
0.664
0.695
0.764
0.689
0.773
0.729
0.706
0.691
0.840
0.587
0.669
0.753
0.672
0.889
0.729
0.984
0.621
0.786
0.835
0.627
0.683
0.585
0.548
0.698
0.587
0.740
0.673
0.750
0.691
0.767
0.644
0.808
0.603
0.738
0.727
0.771
0.740
0.841
0.643
0.581
0.827
0.786
0.709
0.693
0.858
0.744
0.522
0.820
0.721
0.747
0.647
0.719
0.582
0.600
0.698
0.646
0.702
0.806
0.780
0.591
0.573
0.781
0.747
0.676
0.593
0.625
0.595
0.652
0.640
0.707
0.758
0.787
0.728
0.656
0.731
0.679
0.611
0.718
0.825
0.773
0.757
0.838
0.603
0.665
0.738
0.633
0.729
0.662
0.540
0.542
0.643
0.734
0.599
0.585
0.630
0.619
0.664
0.679
0.834
0.674
0.831
0.718
0.654
0.598
0.629
0.688
0.868
0.680
0.684
0.729
0.692
0.758
0.818
0.649
0.866
0.716
0.739
0.754
0.523
0.831
0.930
0.783
0.599
0.750
0.837
0.808
0.599
0.590
0.909
0.660
0.642
0.784
0.686
0.752
0.739
0.684
0.683
0.754
0.680
0.606
0.590
0.817
0.761
0.907
0.647
0.696
0.614
0.677
0.605
0.693
0.667
0.715
0.662
0.726
0.533
0.575
0.664
0.612
0.614
0.715
0.805
0.700
0.484
0.583
0.591
0.718
0.719
0.737
0.757
0.756
0.642
0.572
0.688
0.575
0.668
0.826
0.526
0.642
0.650
0.849
0.871
0.558
0.850
0.890
0.841
0.630
0.722
0.812
0.962
0.680
0.757
0.637
0.653
0.591
0.930
0.667
0.581
0.593
0.790
0.779
0.702
0.810
0.697
0.624
0.747
0.685
0.753
0.706
0.737
0.743
0.618
0.698
0.738
0.618
0.768
0.803
0.912
0.670
0.664
0.675
0.539
0.805
0.771
0.876
0.892
0.733
0.758
0.527
0.659
0.641
0.715
0.617
0.778
0.713
0.619
0.847
0.759
0.697
0.776
0.963
0.546
0.656
0.813
0.866
0.654
0.769
0.706
0.555
0.744
0.539
0.576
0.496
0.682
0.717
0.830
0.711
0.855
0.691
0.862
0.744
0.695
0.692
0.692
0.865
0.713
0.659
0.632
0.676
0.785
0.619
0.884
0.669
0.767
0.707
0.665
0.660
0.737
0.784
0.802
0.779
0.769
0.839
0.695
0.904
0.650
0.825
0.662
0.788
0.569
0.615
0.691
0.605
0.658
0.803
0.694
0.612
0.827
0.755
0.766
0.628
0.605
0.717
0.827
0.673
0.942
0.619
0.660
0.646
0.623
0.778
0.599
0.739
0.566
0.798
0.718
0.579
0.686
0.701
0.765
0.709
0.659
0.804
0.579
0.670
0.760
