702
84
84
90
60
90
72
90
90
102
66
96
72
120
72
90
78
72
60
84
78
78
78
90
78
66
84
108
90
84
114
78
72
96
90
102
72
60
84
102
114
78
90
78
90
84
72
66
84
84
72
78
90
78
90
90
72
96
90
78
90
90
78
102
90
90
90
66
96
96
96
84
72
78
72
96
96
102
84
78
120
84
78
66
78
84
78
78
84
84
78
84
78
72
84
84
78
102
102
84
102
126
72
96
84
60
96
78
78
78
66
114
90
90
90
78
96
96
72
108
102
84
90
84
108
96
84
72
102
72
72
84
72
84
72
72
72
72
84
72
90
72
108
102
78
66
72
78
78
84
120
84
84
108
84
78
78
72
90
84
60
114
90
90
84
66
66
72
90
72
60
72
78
96
102
78
60
96
78
84
90
108
162
810
2070
2088
2676
2490
2688
2490
2874
3066
2304
2670
2874
2484
2298
2688
2490
2304
3060
2106
2100
2304
2088
2856
2304
2688
2292
2682
2106
2676
2286
2850
2478
2100
2298
1914
2688
2304
2880
2862
2106
2880
2880
2490
2496
2688
2676
2292
2112
2646
2304
2688
2490
2298
1914
2304
2304
2304
2112
2880
2688
2082
2682
2688
2496
1722
2880
2676
2298
2292
1920
2490
2688
2874
2688
2484
2862
2268
2112
2304
2676
2304
1920
2478
2490
3252
2490
2496
2688
2868
2880
2880
2106
2490
2676
2304
1920
2880
2688
2862
2496
3252
2688
3258
2478
2490
2112
2484
3066
2304
2106
3258
2304
2304
2106
2112
2472
2484
3048
2490
2490
2682
2688
3048
3258
1914
2490
2682
2106
2496
2106
1728
2688
3264
2250
2496
2298
2496
2874
2496
2286
2688
2490
2682
2100
2682
2496
2298
2880
3072
3042
2298
2880
2688
2688
2298
2298
2682
2496
2094
3438
2496
2496
2304
2304
2112
2496
2112
2106
2304
2676
2880
2490
2682
2292
2880
2490
2106
2490
2106
2880
2106
2868
2472
2100
2100
2682
2688
2304
2304
2496
2112
2496
2490
2304
2100
2292
2490
1908
2106
2688
1914
3066
2298
2682
2670
2298
2682
2496
2280
2676
2496
3264
2292
2112
2298
2490
2112
3072
2292
2490
1908
2112
2880
2106
2490
2100
2112
2496
2286
2484
2682
2496
2448
2112
2112
2682
2304
3072
3072
1920
1920
2688
3258
2304
2874
2112
2106
3072
3060
2682
2868
2304
2688
2688
2304
2304
2298
2676
2682
2874
2304
2676
2304
2682
2484
3072
2100
3054
2490
2430
2304
2664
2496
2490
2688
2304
2490
2478
2688
2490
2682
2298
2682
2298
2106
2496
2688
2304
2100
2496
3060
3066
1920
2688
2496
2106
2490
2304
2112
2292
2868
2112
2496
2634
2682
2472
2688
2112
2304
2088
2304
2490
2112
2484
2490
2682
2484
2472
2106
2880
2868
3264
2688
2112
2682
2298
2880
2304
2490
2676
1920
2478
2304
2490
1914
3066
2292
2634
2298
2496
2496
2490
2298
2106
2682
3072
1920
2496
2688
2292
2496
3060
2088
2082
2490
2682
2682
3066
2484
2304
2682
2298
2874
2880
1908
2688
3072
2106
2874
3234
2682
2304
2112
2490
2862
2286
2868
2496
2298
2880
2112
2304
2874
2880
2484
2496
2682
2688
1902
2490
2688
2484
2490
2112
2298
2112
2880
2850
2298
2490
1920
2484
2304
2688
2106
2676
2832
2304
1914
2106
2688
2112
2112
2676
2112
2496
2106
2478
2844
2304
2490
2496
2496
2112
1722
3066
2688
2292
2880
2682
2298
2304
2664
2676
2490
2874
2688
2292
2490
2682
2490
2292
2682
2304
2094
2304
2292
2496
2496
2682
2112
2676
2688
2106
2112
2676
2304
2880
1728
2496
2298
2286
2868
2490
2688
2298
2304
2298
2112
2112
2484
3066
2274
2496
2244
2304
2682
2478
2106
2682
2682
2496
2106
2478
1908
3060
2292
2106
2682
2682
2496
2112
2292
2304
2688
2298
2676
2490
2496
2298
2874
1914
2292
2490
2304
2874
2112
2880
2106
2688
3042
2298
2490
2106
1920
2490
1728
2496
2304
2490
2496
2868
2292
2658
2112
2490
2496
2682
2676
2862
2304
2112
2874
2874
2484
2484
3060
2688
1920
3042
2496
2682
2304
2490
2106
2106
2496
2304
2490
2874
2874
2112
2100
2682
2688
2688
2304
2304
2088
2298
2298
2496
2880
2682
2490
2304
2496
2304
2112
2490
2838
2676
2682
2880
2112
2298
2496
2304
2496
2496
1920
1920
2298
2496
2106
1908
2112
1920
2304
2490
2874
2304
2868
2496
2292
2106
2298
2490
3258
2298
2490
2484
2484
2490
2880
2112
2874
2490
2496
2688
1920
3060
3066
2688
2304
2880
2688
2880
2106
2112
3240
2292
2298
2874
2490
2688
2688
2664
2478
2496
2490
2106
2112
2880
2880
3252
2304
2496
2112
2490
2112
2490
2304
2496
2292
2682
1908
2106
2298
2094
2094
2688
2874
2490
1722
2112
2112
2484
2496
2688
2682
2652
2298
2094
2496
2106
2298
2850
1920
2304
2100
2880
3072
1914
2688
2688
3060
2304
2490
2676
2880
2298
2466
2298
2304
2112
3258
2304
2112
2112
2682
2682
2496
2850
2250
2106
2496
2298
2490
2676
2496
2490
2298
2298
2496
2112
2676
2484
3246
2298
2304
2286
1920
2874
2496
2670
2880
2112
2676
1920
2298
2304
2496
2112
2688
2490
2088
2874
2682
2484
2688
2490
1914
2298
2688
3072
2298
2682
2688
1920
2496
1914
2112
1728
2304
2484
2868
2490
2874
2304
3066
2682
2484
2496
2490
2874
2490
2112
2112
2298
2682
2112
2880
2304
2676
2484
2478
2304
2472
2862
2496
2112
2688
2682
2298
3072
2106
2688
2298
2496
1920
2298
2484
2112
2298
2682
2112
2076
2688
2682
2490
2112
2112
2478
2874
2304
3264
2112
2304
2298
2292
2688
2106
2484
1920
2874
2496
2112
2490
2496
2682
2484
2304
2676
2112
2292
2682
