2.009
0.025
0.027
0.025
0.025
0.025
0.024
0.026
0.026
0.026
0.035
0.037
0.047
0.038
0.031
0.037
0.040
0.035
0.030
0.037
0.031
0.043
0.041
0.036
0.037
0.035
0.036
0.036
0.030
0.038
0.036
0.035
0.031
0.040
0.035
0.036
0.030
0.035
0.031
0.029
0.031
0.029
0.047
0.041
0.037
0.036
0.035
0.034
0.036
0.030
0.029
0.035
0.029
0.041
0.038
0.036
0.044
0.035
0.035
0.038
0.036
0.035
0.037
0.030
0.037
0.036
0.036
0.029
0.037
0.037
0.036
0.037
0.035
0.036
0.035
0.035
0.036
0.035
0.035
0.039
0.036
0.034
0.038
0.043
0.031
0.041
0.036
0.036
0.036
0.036
0.036
0.030
0.029
0.037
0.043
0.035
0.036
0.030
0.028
0.029
0.029
0.036
0.030
0.036
0.037
0.043
0.036
0.037
0.037
0.035
0.039
0.029
0.036
0.037
0.035
0.036
0.036
0.035
0.035
0.036
0.037
0.030
0.044
0.037
0.036
0.035
0.038
0.035
0.036
0.036
0.036
0.035
0.038
0.038
0.038
0.038
0.029
0.036
0.035
0.044
0.030
0.031
0.031
0.036
0.036
0.037
0.031
0.031
0.031
0.038
0.036
0.043
0.038
0.031
0.036
0.030
0.032
0.029
0.037
0.033
0.037
0.044
0.036
0.038
0.038
0.037
0.039
0.037
0.038
0.031
0.043
0.038
0.037
0.032
0.032
0.039
0.047
0.042
0.047
0.042
0.035
0.038
0.039
0.034
0.035
0.038
0.040
0.051
0.045
0.034
0.033
0.035
0.037
0.049
0.043
0.033
0.038
0.040
0.042
0.041
0.042
0.039
0.039
0.045
0.043
0.041
0.045
0.031
0.038
0.041
0.049
0.048
0.041
0.040
0.038
0.038
0.042
0.032
0.038
0.036
0.039
0.035
0.040
0.032
0.039
0.044
0.050
0.038
0.031
0.038
0.031
0.040
0.033
0.040
0.033
0.039
0.042
0.042
0.040
0.032
0.032
0.039
0.050
0.038
0.043
0.039
0.035
0.041
0.040
0.045
0.037
0.041
0.034
0.040
0.041
0.038
0.039
0.039
0.045
0.031
0.044
0.034
0.038
0.034
0.032
0.044
0.038
0.041
0.044
0.039
0.049
0.032
0.040
0.043
0.033
0.040
0.050
0.039
0.046
0.039
0.032
0.042
0.032
0.034
0.032
0.038
0.047
0.030
0.036
0.041
0.041
0.040
0.038
0.032
0.043
0.031
0.042
0.035
0.032
0.042
0.033
0.034
0.042
0.032
0.041
0.042
0.040
0.047
0.042
0.040
0.042
0.035
0.042
0.043
0.042
0.049
0.033
0.038
0.030
0.031
0.037
0.047
0.038
0.040
0.038
0.043
0.042
0.035
0.040
0.043
0.039
0.031
0.037
0.040
0.032
0.049
0.040
0.040
0.042
0.042
0.041
0.039
0.049
0.033
0.032
0.032
0.046
0.041
0.047
0.041
0.046
0.043
0.041
0.039
0.032
0.048
0.038
0.041
0.032
0.039
0.030
0.032
0.038
0.032
0.032
0.040
0.041
0.039
0.039
0.043
0.038
0.030
0.032
0.032
0.032
0.058
0.046
0.045
0.043
0.039
0.035
0.041
0.044
0.033
0.040
0.041
0.035
0.037
0.043
0.037
0.041
0.041
0.041
0.050
0.049
0.032
0.039
0.042
0.039
0.031
0.032
0.042
0.033
0.040
0.042
0.034
0.031
0.032
0.032
0.039
0.034
0.043
0.030
0.038
0.034
0.033
0.042
0.043
0.035
0.037
0.042
0.039
0.029
0.032
0.032
0.038
0.045
0.044
0.033
0.032
0.038
0.043
0.041
0.052
0.029
0.030
0.049
0.049
0.045
0.039
0.041
0.039
0.040
0.038
0.031
0.032
0.040
0.040
0.039
0.042
0.033
0.032
0.039
0.040
0.043
0.042
0.039
0.044
0.053
0.040
0.049
0.038
0.030
0.034
0.048
0.037
0.031
0.032
0.032
0.039
0.039
0.040
0.041
0.040
0.041
0.041
0.032
0.038
0.039
0.038
0.037
0.036
0.040
0.038
0.037
0.030
0.030
0.040
0.037
0.039
0.032
0.033
0.031
0.038
0.030
0.039
0.038
0.039
0.037
0.036
0.034
0.038
0.038
0.039
0.038
0.031
0.038
0.038
0.039
0.038
0.038
0.043
0.040
0.040
0.038
0.032
0.032
0.032
0.037
0.039
0.037
0.038
0.037
0.037
0.038
0.042
0.039
0.042
0.043
0.031
0.042
0.038
0.043
0.039
0.042
0.041
0.043
0.038
0.041
0.040
0.033
0.048
0.047
0.049
0.033
0.032
0.042
0.038
0.043
0.044
0.041
0.047
0.044
0.041
0.048
0.039
0.040
0.035
0.032
0.033
0.032
0.038
0.046
0.039
0.039
0.034
0.033
0.045
0.038
0.043
0.041
0.044
0.040
0.040
0.038
0.040
0.038
0.031
0.040
0.037
0.040
0.036
0.042
0.042
0.033
0.034
0.038
0.042
0.038
0.037
0.045
0.032
0.045
0.039
0.042
0.049
0.038
0.052
0.042
0.044
0.040
0.044
0.039
0.039
0.039
0.036
0.053
0.041
0.040
0.041
0.045
0.039
0.039
0.033
0.041
0.040
0.039
0.042
0.042
0.040
0.032
0.038
0.032
0.034
0.041
0.040
0.044
0.048
0.039
0.040
0.044
0.033
0.041
0.042
0.040
0.042
0.039
0.029
0.038
0.045
0.031
0.039
0.042
0.033
0.041
0.042
0.046
0.033
0.037
0.043
0.033
0.034
0.041
0.033
0.040
0.039
0.046
0.043
0.041
0.030
0.043
0.041
0.043
0.053
0.054
0.044
0.040
0.033
0.041
0.030
0.030
0.031
0.045
0.031
0.038
0.032
0.037
0.038
0.031
0.040
0.038
0.037
0.038
0.036
0.038
0.032
0.033
0.037
0.038
0.046
0.038
0.036
0.038
0.041
0.040
0.035
0.037
0.034
0.040
0.039
0.038
0.061
0.044
0.038
0.045
0.039
0.037
0.038
0.038
0.032
0.037
0.032
0.036
0.037
0.039
0.041
0.030
0.045
0.064
0.050
0.036
0.040
0.037
0.035
0.031
0.038
0.039
0.038
0.040
0.039
0.038
0.039
0.038
0.040
0.039
0.030
0.029
0.039
0.039
0.030
0.038
0.032
0.036
0.046
0.037
0.040
0.039
0.039
0.031
0.041
0.031
0.037
0.045
0.040
0.040
0.037
0.037
0.039
0.044
0.039
0.030
0.038
0.042
0.038
0.032
0.041
0.043
0.032
0.045
0.034
0.046
0.038
0.042
0.041
0.041
0.033
0.039
0.040
0.040
0.042
0.033
0.038
0.040
0.042
0.043
0.048
0.040
0.032
0.044
0.037
0.042
0.043
0.042
0.040
0.051
0.040
0.042
0.042
0.041
0.045
0.043
0.033
0.031
0.039
0.049
0.038
0.041
0.035
0.038
0.042
0.038
0.042
0.034
0.038
0.033
0.040
0.041
0.042
0.047
0.039
0.050
0.031
0.042
0.041
0.051
0.036
0.049
0.041
0.041
0.032
0.051
0.033
0.038
0.030
0.042
0.038
0.043
0.041
0.034
0.043
0.036
0.042
0.040
0.042
0.049
0.038
0.041
0.038
0.045
0.032
0.038
0.031
0.042
0.049
0.034
0.048
0.033
0.038
0.042
0.038
0.039
0.068
0.040
0.033
0.042
0.039
0.043
0.032
0.051
0.037
0.048
0.047
0.042
0.043
0.054
0.044
0.039
0.038
0.031
0.040
0.044
0.038
0.046
0.031
0.039
0.046
0.042
0.042
0.039
0.032
0.040
0.049
0.041
0.032
0.044
0.035
0.033
0.046
0.056
0.056
0.048
0.054
0.044
0.039
0.041
0.038
0.039
0.042
0.038
0.040
0.041
0.038
0.041
0.045
0.049
0.038
0.039
0.040
0.030
0.037
0.041
0.063
0.051
0.048
0.058
0.048
0.047
0.058
0.051
0.056
0.046
0.048
0.046
0.053
0.052
0.041
0.045
0.036
0.049
0.050
0.051
0.055
0.040
0.031
0.038
0.057
0.033
0.039
0.033
0.041
0.037
0.033
0.037
0.038
0.043
0.039
0.042
0.033
0.032
0.039
0.043
0.039
0.031
0.036
0.041
0.048
0.045
0.059
0.046
0.047
0.048
0.050
0.043
0.045
0.056
0.053
0.067
0.057
0.068
0.053
0.046
0.040
0.045
0.049
0.037
0.032
0.039
0.040
0.033
0.044
0.038
0.033
0.037
0.038
0.041
0.038
0.033
0.034
0.033
0.036
