0.428
0.640
0.561
0.615
0.663
0.691
0.738
0.792
0.802
0.833
0.494
0.471
0.499
0.522
0.522
0.507
0.500
0.532
0.561
0.561
0.545
0.544
0.577
0.615
0.628
0.638
0.650
0.654
0.657
0.657
0.666
0.673
0.687
0.691
0.706
0.713
0.724
0.700
0.717
0.782
0.801
0.809
0.822
0.835
0.848
0.866
0.880
0.848
0.868
0.928
0.938
0.945
0.951
0.956
0.956
0.399
0.586
0.626
0.503
0.503
0.503
0.503
0.441
0.440
0.440
0.440
0.440
0.455
0.456
0.462
0.462
0.469
0.470
0.476
0.486
0.487
0.488
0.487
0.488
0.488
0.495
0.499
0.497
0.498
0.500
0.505
0.512
0.517
0.520
0.521
0.520
0.526
0.539
0.550
0.554
0.554
0.557
0.558
0.557
0.557
0.567
0.550
0.567
0.577
0.598
0.609
0.656
0.660
0.672
0.678
0.692
0.695
0.665
0.717
0.733
0.697
0.756
0.774
0.785
0.803
0.815
0.830
0.837
0.804
0.866
0.883
0.897
0.912
0.926
0.936
0.948
0.954
0.394
0.486
0.499
0.503
0.458
0.459
0.459
0.459
0.469
0.467
0.473
0.478
0.478
0.485
0.485
0.485
0.485
0.478
0.506
0.512
0.501
0.493
0.503
0.507
0.516
0.526
0.543
0.567
0.620
0.670
0.710
0.708
0.726
0.737
0.735
0.526
0.493
0.542
0.593
0.653
0.711
0.729
0.739
0.504
0.630
0.549
0.607
0.651
0.717
0.780
0.840
0.903
0.951
0.956
0.484
0.434
0.468
0.472
0.489
0.491
0.498
0.506
0.508
0.521
0.522
0.531
0.531
0.532
0.539
0.540
0.545
0.549
0.551
0.558
0.565
0.565
0.570
0.577
0.582
0.581
0.594
0.600
0.599
0.599
0.614
0.613
0.620
0.623
0.634
0.642
0.653
0.657
0.666
0.675
0.682
0.689
0.702
0.683
0.669
0.730
0.790
0.803
0.823
0.846
0.865
0.886
0.907
0.922
0.935
0.948
0.956
0.519
0.568
0.565
0.572
0.448
0.448
0.448
0.463
0.463
0.467
0.472
0.474
0.481
0.485
0.491
0.492
0.496
0.512
0.511
0.521
0.524
0.525
0.524
0.529
0.530
0.530
0.531
0.529
0.533
0.533
0.533
0.536
0.539
0.543
0.546
0.564
0.563
0.580
0.590
0.599
0.599
0.604
0.583
0.627
0.637
0.645
0.648
0.660
0.634
0.680
0.689
0.696
0.715
0.723
0.731
0.738
0.751
0.758
0.773
0.777
0.742
0.729
0.814
0.879
0.893
0.906
0.919
0.885
0.937
0.947
0.954
0.955
0.956
0.393
0.499
0.503
0.503
0.503
0.503
0.454
0.462
0.462
0.462
0.462
0.460
0.473
0.470
0.485
0.493
0.499
0.509
0.519
0.521
0.531
0.532
0.534
0.538
0.544
0.545
0.549
0.555
0.537
0.544
0.583
0.589
0.573
0.613
0.612
0.612
0.623
0.621
0.638
0.638
0.645
0.650
0.618
0.671
0.679
0.693
0.711
0.724
0.731
0.734
0.744
0.752
0.711
0.773
0.793
0.809
0.821
0.832
0.842
0.854
0.873
0.878
0.893
0.907
0.922
0.934
0.945
0.953
0.954
0.956
0.521
0.574
0.439
0.456
0.456
0.457
0.465
0.479
0.480
0.472
0.491
0.490
0.490
0.491
0.491
0.490
0.482
0.500
0.502
0.491
0.521
0.523
0.510
0.542
0.530
0.554
0.562
0.567
0.567
0.580
0.585
0.585
0.590
0.596
0.599
0.604
0.578
0.583
0.628
0.643
0.617
0.601
0.642
0.682
0.683
0.683
0.687
0.694
0.703
0.721
0.736
0.748
0.760
0.769
0.776
0.787
0.803
0.817
0.834
0.847
0.865
0.873
0.888
0.862
0.923
0.934
0.945
0.920
0.956
0.516
0.625
0.576
0.442
0.441
0.473
0.477
0.483
0.509
0.527
0.559
0.586
0.609
0.635
0.659
0.676
0.677
0.530
0.629
0.561
0.598
0.620
0.522
0.511
0.557
0.585
0.592
0.605
0.528
0.562
0.574
0.618
0.536
0.561
0.606
0.527
0.558
0.569
0.588
0.525
0.557
0.567
0.610
0.530
0.559
0.579
0.529
0.557
0.608
0.533
0.559
0.567
0.562
0.527
0.564
0.569
0.612
0.532
0.558
0.567
0.607
0.514
0.548
0.566
0.566
0.518
0.547
0.568
0.608
0.525
0.554
0.573
0.605
0.653
0.554
0.568
0.612
0.655
0.559
0.568
0.484
0.527
0.554
0.567
0.552
0.525
0.563
0.574
0.600
0.526
0.557
0.569
0.617
0.530
0.563
0.569
0.598
0.514
0.551
0.567
0.603
0.526
0.556
0.568
0.570
0.582
0.651
0.560
0.569
0.557
0.523
0.550
0.568
0.548
0.533
0.564
0.599
0.517
0.553
0.569
0.554
0.529
0.555
0.568
0.611
0.524
0.560
0.620
0.538
0.563
0.569
0.600
0.517
0.552
0.568
0.609
0.533
0.558
0.569
0.604
0.519
0.552
0.567
0.610
0.537
0.563
0.569
0.605
0.520
0.554
0.567
0.558
0.530
0.555
0.569
0.563
0.521
0.555
0.566
0.569
0.585
0.540
0.563
0.568
0.582
0.525
0.557
0.568
0.607
0.527
0.559
0.567
0.611
0.528
0.550
0.565
0.569
0.608
0.527
0.560
0.558
0.517
0.553
0.566
0.559
0.646
0.557
0.601
0.529
0.560
0.568
0.613
0.536
0.558
0.569
0.599
0.530
0.566
0.551
0.518
0.551
0.571
0.604
0.531
0.557
0.605
0.525
0.554
0.569
0.539
0.647
0.558
0.568
0.604
0.527
0.555
0.568
0.569
0.540
0.646
0.551
0.568
0.616
0.535
0.560
0.569
0.606
0.528
0.553
0.568
0.614
0.531
0.557
0.568
0.569
0.606
0.531
0.559
0.569
0.613
0.534
0.559
0.569
0.583
0.529
0.559
0.568
0.597
0.526
0.552
0.566
0.610
0.535
0.558
0.566
0.617
0.652
0.559
0.569
0.612
0.538
0.560
0.604
0.521
0.560
0.569
0.593
0.657
0.563
0.569
0.610
0.524
0.556
0.566
0.601
0.529
0.562
0.567
0.554
0.535
0.560
0.569
0.603
0.524
0.558
0.566
0.569
0.610
0.525
0.555
0.568
0.569
0.616
0.541
0.564
0.570
0.587
0.535
0.563
0.613
0.529
0.561
0.568
0.600
0.650
0.559
0.567
0.598
0.531
0.556
0.568
0.566
0.650
0.560
0.569
0.612
0.529
0.559
0.568
0.605
0.518
0.556
0.569
0.573
0.541
0.565
0.560
0.525
0.554
0.569
0.594
0.531
0.559
0.571
0.611
0.536
0.565
0.572
0.611
0.534
0.555
0.566
0.611
0.526
0.559
0.577
0.544
0.526
0.558
0.569
0.579
0.656
0.558
0.568
0.565
0.534
0.555
0.567
0.557
0.526
0.558
0.569
0.583
0.527
0.558
0.568
0.611
0.641
0.554
0.566
0.586
0.534
0.559
0.575
0.518
0.552
0.567
0.574
0.540
0.563
0.576
0.554
0.526
0.557
0.568
0.569
0.603
0.531
0.562
0.611
0.530
0.559
0.568
0.618
0.540
0.561
0.568
0.576
0.648
0.561
0.616
0.528
0.557
0.568
0.615
0.532
0.558
0.578
0.518
0.563
0.569
0.609
0.533
0.563
0.619
0.534
0.560
0.570
0.606
0.520
0.556
0.567
0.570
0.611
0.532
0.560
0.577
0.526
0.551
0.568
0.595
0.524
0.560
0.569
0.576
0.527
0.559
0.567
0.616
0.527
0.559
0.566
0.569
0.610
0.537
0.559
0.557
0.529
0.556
0.569
0.614
0.530
0.557
0.566
0.569
0.600
0.525
0.556
0.568
0.611
0.536
0.559
0.594
0.515
0.550
0.567
0.614
0.535
0.561
0.570
0.605
0.532
0.557
0.569
0.612
0.531
0.562
0.568
0.569
0.554
0.521
0.552
0.566
0.581
0.535
0.569
0.569
0.608
0.524
0.561
0.568
0.604
0.530
0.556
0.568
0.608
0.643
0.559
0.569
0.570
0.555
0.526
0.557
0.569
0.600
0.531
0.558
0.580
0.529
0.560
0.569
0.610
0.658
0.560
0.568
0.577
0.640
0.546
0.566
0.561
0.529
0.554
0.569
0.613
0.527
0.559
0.567
0.604
0.528
0.554
0.573
0.587
0.528
0.555
0.594
0.533
0.559
0.569
0.560
0.640
0.550
0.567
0.615
0.530
0.555
0.569
0.587
0.535
0.559
0.569
0.616
0.538
0.559
0.568
0.613
0.539
0.565
0.569
0.613
0.536
0.563
0.568
0.620
0.537
0.562
0.569
0.611
0.530
0.557
0.568
0.603
0.536
0.555
0.568
0.587
0.643
0.551
0.567
0.615
0.536
0.560
0.612
0.522
0.554
0.568
0.551
0.517
0.551
0.566
0.569
0.549
0.653
0.565
0.569
0.564
0.529
0.564
0.573
0.612
0.649
0.555
0.569
0.583
0.534
0.560
0.613
0.526
0.555
0.570
0.530
0.521
0.560
0.569
0.607
0.525
0.557
0.571
0.541
0.564
0.569
0.569
0.613
0.539
0.566
0.570
0.612
0.532
0.561
0.569
0.589
0.530
0.554
0.567
0.611
0.522
0.560
0.606
0.530
0.559
0.591
0.522
0.557
0.568
0.572
0.527
0.559
0.569
0.536
0.528
0.556
0.569
0.590
0.525
0.560
0.567
0.571
0.652
0.558
0.567
0.560
0.527
0.557
0.564
0.612
0.528
0.557
0.568
0.608
0.527
0.552
0.568
0.576
0.531
0.559
0.569
0.565
0.532
0.561
0.569
0.614
0.533
0.558
0.572
0.613
0.525
0.545
0.567
0.605
0.532
0.563
0.611
0.535
0.558
0.611
0.525
0.557
0.568
0.589
0.522
0.559
0.569
0.604
0.536
0.561
0.569
0.570
0.537
0.560
0.605
0.519
0.554
0.567
0.570
0.580
0.531
0.556
0.566
0.569
0.545
0.530
0.557
0.568
0.580
0.527
0.560
0.568
0.582
0.529
0.553
0.569
0.542
0.649
0.557
0.569
0.556
0.526
0.556
0.569
0.581
0.647
0.558
0.572
0.573
0.535
0.563
0.569
0.605
0.529
0.552
0.617
0.534
0.561
0.575
0.534
0.560
0.607
0.645
0.559
0.596
0.532
0.558
0.567
0.569
0.613
0.534
0.561
0.568
0.613
0.532
0.562
0.568
0.544
0.527
0.559
0.581
0.533
0.556
0.569
0.605
0.541
0.563
0.576
0.526
0.550
0.566
0.569
0.608
0.538
0.561
0.585
0.531
0.555
0.566
0.568
0.615
0.537
0.560
0.568
0.611
0.525
0.556
0.569
0.583
0.529
0.556
0.568
0.557
0.524
0.558
0.557
0.530
0.557
0.567
0.612
0.529
0.561
0.572
0.610
0.539
0.563
0.584
0.529
0.557
0.567
0.616
0.523
0.553
0.567
0.615
0.534
0.561
0.613
0.528
0.557
0.544
0.526
0.564
0.576
0.537
0.566
0.596
0.531
0.560
0.569
0.556
0.522
0.556
0.567
0.540
0.518
0.549
0.567
0.606
0.520
0.551
0.565
0.568
0.604
0.536
0.564
0.611
0.533
0.561
0.569
0.593
0.531
0.563
0.567
0.596
0.521
0.555
0.570
0.574
0.644
0.555
0.595
0.526
0.562
0.569
0.616
0.533
0.562
0.569
0.565
0.535
0.557
0.568
0.573
0.531
0.560
0.613
0.531
0.565
0.568
0.579
0.538
0.558
0.570
0.579
0.650
0.560
0.569
0.580
0.645
0.550
0.567
0.611
0.532
0.554
0.569
0.613
0.536
0.561
0.569
0.610
0.541
0.561
0.571
0.532
0.560
0.567
0.569
0.586
0.532
0.560
0.570
0.535
0.533
0.562
0.566
0.642
0.555
0.602
0.533
0.562
0.614
0.529
0.556
0.570
0.581
0.655
0.561
0.573
0.615
0.530
0.563
0.569
0.605
0.530
0.557
0.569
0.611
0.528
0.557
0.594
0.534
0.564
0.612
0.533
0.563
0.577
0.525
0.553
0.568
0.579
0.537
0.565
0.550
0.650
0.556
0.606
0.644
0.556
0.567
0.569
0.612
0.524
0.553
0.568
0.563
0.525
0.559
0.546
0.520
0.552
0.566
0.569
0.565
0.524
0.555
0.569
0.609
0.524
0.551
0.613
0.525
0.552
0.567
0.570
0.601
0.511
0.551
0.572
0.576
0.528
0.560
0.566
0.528
0.558
0.568
0.570
0.570
0.629
0.541
0.567
0.608
0.531
0.560
0.569
0.609
0.532
0.559
0.610
0.533
0.558
0.588
0.516
0.547
0.566
0.612
0.535
0.556
0.570
0.603
0.523
0.551
0.568
0.553
0.522
0.552
0.566
0.560
0.649
0.556
0.569
0.569
0.618
0.531
0.561
0.568
0.601
0.526
0.557
0.569
0.581
0.531
0.562
0.568
0.556
0.534
0.554
0.597
0.532
0.564
0.601
0.531
0.559
0.569
0.540
0.529
0.562
0.569
0.543
0.656
0.560
0.569
0.587
0.529
0.556
0.568
0.569
0.584
0.535
0.560
0.569
0.579
0.527
0.550
0.568
0.612
0.526
0.559
0.568
0.570
0.549
0.649
0.557
0.570
0.554
0.539
0.559
0.567
0.612
0.651
0.562
0.567
0.613
0.527
0.559
0.568
0.603
0.528
0.562
0.610
0.528
0.557
0.569
0.583
0.533
0.564
0.568
0.570
0.581
0.518
0.556
0.566
0.597
0.530
0.563
0.609
0.530
0.563
0.609
0.647
0.552
0.567
0.583
0.653
0.560
0.600
0.640
0.547
0.565
0.569
0.577
0.534
0.565
0.619
0.539
0.564
0.606
0.527
0.559
0.598
0.532
0.560
0.570
0.653
0.560
0.600
0.511
0.547
0.567
0.605
0.538
0.562
0.551
0.529
0.563
0.571
0.604
0.528
0.555
0.565
0.615
0.525
0.557
0.570
0.560
0.531
0.562
0.568
0.575
0.533
0.560
0.569
0.582
0.530
0.561
0.602
0.533
0.556
0.569
0.569
0.525
0.550
0.569
0.612
0.532
0.556
0.575
0.531
0.559
0.540
0.642
0.549
0.567
0.612
0.533
0.563
0.616
0.536
0.563
0.552
0.644
0.558
0.571
0.569
0.611
0.530
0.562
0.568
0.610
0.530
0.559
0.568
0.613
0.525
0.553
0.567
0.584
0.535
0.562
0.569
0.551
0.652
0.554
0.568
0.612
0.531
0.558
0.570
0.605
0.652
0.559
0.567
0.568
0.527
0.558
0.555
0.529
0.562
0.611
0.531
0.557
0.570
0.580
0.529
0.552
0.563
0.618
0.652
0.551
0.569
0.610
0.527
0.555
0.566
0.598
0.639
0.551
0.568
0.592
0.531
0.562
0.567
0.569
0.522
0.549
0.566
0.598
0.530
0.554
0.567
0.607
0.529
0.555
0.569
0.569
0.653
0.557
0.576
0.535
0.562
0.568
0.616
0.533
0.554
0.568
0.620
0.539
0.561
0.577
0.515
0.550
0.564
0.610
0.533
0.559
0.569
0.599
0.515
0.550
0.563
0.562
0.531
0.556
0.567
0.568
0.533
0.552
0.566
0.617
0.530
0.556
0.567
0.606
0.521
0.545
0.565
0.610
0.535
0.559
0.607
0.526
0.562
0.598
0.518
0.545
0.564
0.604
0.528
0.552
0.573
0.610
0.527
0.555
0.568
0.548
0.526
0.557
0.566
0.546
0.520
0.550
0.566
0.569
0.530
0.563
0.569
0.557
0.653
0.567
0.596
0.533
0.552
0.569
0.544
0.527
0.560
0.568
0.569
0.531
0.563
0.570
0.609
0.522
0.551
0.566
0.602
0.534
0.565
0.629
0.541
0.560
0.573
0.600
0.527
0.560
0.569
0.609
0.534
0.565
0.584
0.530
0.560
0.569
0.610
0.528
0.562
0.569
0.612
0.534
0.560
0.569
0.616
0.536
0.554
0.569
0.609
0.649
0.557
0.569
0.580
0.531
0.564
0.585
0.536
0.561
0.605
0.526
0.558
0.600
0.524
0.553
0.568
0.592
0.521
0.555
0.567
0.576
0.530
0.557
0.567
0.604
0.525
0.557
0.569
0.609
0.530
0.559
0.570
0.550
0.530
0.560
0.569
0.611
0.525
0.555
0.568
0.552
0.521
0.546
0.566
0.600
0.539
0.558
0.557
0.542
0.564
0.561
0.652
0.561
0.569
0.545
0.532
0.561
0.572
0.575
0.648
0.560
0.569
0.569
0.523
0.558
0.569
0.585
0.528
0.560
0.587
0.534
0.559
0.567
0.545
0.647
0.561
0.610
0.530
0.555
0.567
0.570
0.576
0.528
0.562
0.568
0.540
0.528
0.561
0.607
0.526
0.556
0.575
0.535
0.564
0.614
0.533
0.560
0.568
0.590
0.529
0.554
0.569
0.602
0.535
0.559
0.566
0.588
0.524
0.546
0.569
0.599
0.517
0.560
0.568
0.606
0.529
0.558
0.569
0.603
0.526
0.556
0.578
0.528
0.563
0.569
0.599
0.531
0.559
0.569
0.614
0.531
0.558
0.567
0.563
0.639
0.556
0.568
0.627
0.538
0.560
0.569
0.604
0.536
0.565
0.569
0.613
0.529
0.560
0.558
0.523
0.561
0.547
0.529
0.561
0.570
0.596
0.523
0.558
0.597
0.645
0.554
0.569
0.607
0.522
0.553
0.567
0.613
0.534
0.563
0.614
0.534
0.562
0.610
0.528
0.560
0.567
0.569
0.542
0.643
0.554
0.563
0.526
0.561
0.568
0.606
0.528
0.553
0.572
0.605
0.528
0.560
0.614
0.536
0.566
0.574
0.545
0.514
0.557
0.566
0.609
0.529
0.560
0.591
0.524
0.550
0.567
0.561
0.531
0.559
0.564
0.536
0.557
0.569
0.602
0.524
0.559
0.567
0.561
0.521
0.554
0.568
0.569
0.612
0.529
0.553
0.568
0.558
0.523
0.562
0.566
0.529
0.559
0.614
0.530
0.559
0.569
0.573
0.639
0.550
0.564
0.615
0.537
0.563
0.603
0.526
0.554
0.568
0.576
0.533
0.558
0.569
0.560
0.527
0.558
0.567
0.579
0.528
0.555
0.567
0.589
0.528
0.559
0.603
0.534
0.561
0.599
0.532
0.553
0.569
0.601
0.522
0.553
0.567
0.566
0.659
0.563
0.567
0.614
0.530
0.562
0.609
0.535
0.563
0.585
0.534
0.562
0.569
0.591
0.534
0.560
0.602
0.529
0.557
0.570
0.598
0.524
0.555
0.569
0.611
0.523
0.551
0.567
0.569
0.586
0.539
0.567
0.570
0.539
0.527
0.558
0.621
0.539
0.562
0.563
0.521
0.556
0.569
0.621
0.536
0.564
0.570
0.580
0.530
0.558
0.550
0.532
0.563
0.599
0.524
0.553
0.564
0.551
0.528
0.559
0.567
0.564
0.527
0.554
0.567
0.567
0.647
0.553
0.569
0.573
0.518
0.564
0.569
0.584
0.537
0.569
0.572
0.612
0.531
0.560
0.610
0.530
0.561
0.582
0.652
0.560
0.569
0.613
0.531
0.560
0.569
0.566
0.518
0.553
0.600
0.526
0.553
0.565
0.569
0.603
0.532
0.559
0.566
0.594
0.530
0.557
0.566
0.603
0.526
0.551
0.567
0.578
0.527
0.560
0.568
0.575
0.522
0.558
0.570
0.602
0.532
0.557
0.568
0.572
0.652
0.559
0.612
0.526
0.557
0.567
0.595
0.643
0.555
0.568
0.603
0.531
0.562
0.571
0.526
0.557
0.568
0.577
0.649
0.560
0.569
0.605
0.524
0.558
0.569
0.561
0.641
0.555
0.567
0.609
0.643
0.556
0.570
0.605
0.528
0.550
0.563
0.569
0.610
0.527
0.557
0.569
0.617
0.530
0.562
0.568
0.572
0.527
0.553
0.565
0.610
0.525
0.564
0.620
0.533
0.564
0.569
0.566
0.529
0.560
0.580
0.533
0.564
0.568
0.611
0.531
0.555
0.569
0.604
0.521
0.558
0.568
0.568
0.577
0.527
0.558
0.569
0.617
0.541
0.563
0.569
0.552
0.644
0.558
0.530
0.521
0.559
0.602
0.524
0.554
0.568
0.564
0.649
0.557
0.568
0.544
0.649
0.554
0.566
0.591
0.529
0.556
0.564
0.516
0.547
0.568
0.555
0.531
0.557
0.567
0.591
0.514
0.548
0.565
0.608
0.532
0.557
0.569
0.610
0.522
0.553
0.567
0.616
0.525
0.553
0.566
0.573
0.591
0.642
0.551
0.562
0.607
0.532
0.558
0.568
0.579
0.522
0.556
0.569
0.612
0.534
0.559
0.572
0.535
0.537
0.559
0.568
0.587
0.524
0.557
0.568
0.601
0.524
0.560
0.569
0.611
0.527
0.556
0.566
0.600
0.533
0.561
0.569
0.570
0.648
0.559
0.548
0.533
0.556
0.557
0.528
0.560
0.572
0.552
0.526
0.555
0.567
0.573
0.557
0.529
0.556
0.567
0.590
0.652
0.557
0.569
0.612
0.537
0.558
0.567
0.608
0.648
0.558
0.578
0.528
0.558
0.567
0.577
0.523
0.562
0.566
0.609
0.529
0.558
0.567
0.601
0.527
0.559
0.569
0.569
0.601
0.647
0.560
0.605
0.523
0.549
0.566
0.612
0.528
0.561
0.567
0.605
0.526
0.559
0.569
0.593
0.519
0.548
0.568
0.586
0.528
0.554
0.567
0.566
0.531
0.557
0.534
0.523
0.558
0.567
0.583
0.527
0.559
0.569
0.563
0.522
0.555
0.566
0.575
0.656
0.563
0.610
0.529
0.562
0.569
0.608
0.527
0.560
0.554
0.647
0.555
0.569
0.611
0.542
0.562
0.608
0.528
0.560
0.570
0.614
0.538
0.564
0.597
0.534
0.559
0.566
0.568
0.581
0.530
0.562
0.567
0.533
0.566
0.569
0.549
0.523
0.555
0.568
0.569
0.570
0.577
0.649
0.556
0.569
0.599
0.536
0.565
0.580
0.524
0.559
0.570
0.610
0.537
0.567
0.569
0.606
0.647
0.557
0.569
0.545
0.527
0.556
0.568
0.569
0.618
0.536
0.564
0.538
0.515
0.553
0.569
0.610
0.527
0.560
0.569
0.612
0.531
0.562
0.570
0.599
0.534
0.563
0.571
0.534
0.560
0.569
0.580
0.522
0.556
0.567
0.603
0.529
0.555
0.567
0.566
0.531
0.561
0.569
0.604
0.529
0.555
0.568
0.591
0.530
0.558
0.569
0.545
0.522
0.556
0.609
0.535
0.562
0.593
0.663
0.564
0.599
0.648
0.556
0.569
0.611
0.528
0.558
0.568
0.562
0.525
0.555
0.567
0.613
0.524
0.554
0.568
0.591
0.528
0.553
0.569
0.610
0.536
0.563
0.569
0.556
0.529
0.558
0.604
0.534
0.561
0.569
0.570
0.581
0.529
0.559
0.569
0.577
0.519
0.558
0.569
0.552
0.528
0.556
0.567
0.622
0.538
0.557
0.568
0.595
0.527
0.563
0.596
0.532
0.559
0.569
0.607
0.522
0.551
0.568
0.562
0.528
0.558
0.569
0.570
0.614
0.529
0.554
0.611
0.531
0.560
0.568
0.602
0.531
0.560
0.567
0.570
0.611
0.533
0.560
0.568
0.612
0.523
0.555
0.568
0.556
0.529
0.562
0.601
0.529
0.560
0.565
0.569
0.652
0.678
0.569
0.585
0.533
0.562
0.558
0.535
0.557
0.569
0.609
0.537
0.562
0.568
0.609
0.530
0.558
0.610
0.524
0.553
0.566
0.569
0.611
0.530
0.562
0.569
0.597
0.518
0.551
0.567
0.613
0.517
0.550
0.569
0.543
0.522
0.553
0.566
0.570
0.610
0.536
0.557
0.578
0.653
0.561
0.569
0.561
0.534
0.563
0.570
0.616
0.538
0.565
0.605
0.527
0.553
0.566
0.569
0.600
0.526
0.561
0.594
0.643
0.559
0.568
0.595
0.518
0.554
0.568
0.570
0.609
0.527
0.563
0.597
0.523
0.548
0.568
0.573
0.529
0.556
0.592
0.529
0.555
0.569
0.608
0.528
0.552
0.568
0.598
0.526
0.551
0.566
0.580
0.533
0.562
0.613
0.535
0.562
0.569
0.609
0.536
0.565
0.569
0.612
0.536
0.558
0.569
0.594
0.526
0.560
0.571
0.523
0.558
0.582
0.520
0.553
0.568
0.590
0.525
0.558
0.566
0.569
0.598
0.531
0.563
0.569
0.544
0.648
0.561
0.553
0.656
0.559
0.569
0.612
0.647
0.558
0.568
0.549
0.524
0.552
0.563
0.567
0.607
0.524
0.553
0.569
0.570
0.552
0.535
0.563
0.590
0.535
0.562
0.606
0.530
0.561
0.569
0.583
0.649
0.559
0.568
0.612
0.530
0.564
0.573
0.567
0.645
0.551
0.567
0.594
0.523
0.555
0.569
0.607
0.522
0.556
0.567
0.595
0.528
0.558
0.601
0.521
0.546
0.563
0.611
0.534
0.557
0.568
0.575
0.532
0.560
0.572
0.592
0.527
0.552
0.566
0.607
0.530
0.557
0.569
0.598
0.518
0.552
0.571
0.605
0.526
0.558
0.569
0.580
0.652
0.562
0.599
0.526
0.556
0.567
0.580
0.539
0.568
0.593
0.644
0.563
0.570
0.612
0.647
0.554
0.569
0.611
0.540
0.563
0.569
0.619
0.535
0.557
0.569
0.579
0.655
0.557
0.569
0.593
0.533
0.561
0.569
0.578
0.653
0.562
0.568
0.562
0.530
0.557
0.566
0.575
0.537
0.561
0.549
0.523
0.557
0.567
0.616
0.532
0.560
0.568
0.569
0.604
0.527
0.560
0.569
0.602
0.527
0.558
0.569
0.610
0.531
0.562
0.615
0.530
0.560
0.609
0.530
0.557
0.584
0.527
0.555
0.568
0.573
0.523
0.555
0.573
0.601
0.534
0.565
0.608
0.525
0.559
0.567
0.608
0.648
0.551
0.568
0.546
0.648
0.559
0.616
0.530
0.563
0.596
0.530
0.562
0.590
0.659
0.560
0.569
0.601
0.519
0.553
0.569
0.615
0.534
0.559
0.568
0.558
0.648
0.558
0.568
0.613
0.534
0.560
0.550
0.533
0.566
0.569
0.608
0.521
0.551
0.563
0.611
0.541
0.569
0.570
0.553
0.523
0.561
0.596
0.526
0.562
0.576
0.602
0.526
0.560
0.610
0.542
0.562
0.569
0.584
0.525
0.555
0.569
0.619
0.538
0.563
0.566
0.607
0.524
0.556
0.567
0.569
0.611
0.530
0.558
0.593
0.529
0.555
0.568
0.565
0.523
0.557
0.570
0.541
0.528
0.559
0.569
0.569
0.561
0.520
0.563
0.568
0.615
0.529
0.557
0.572
0.605
0.535
0.561
0.608
0.522
0.558
0.569
0.604
0.528
0.556
0.594
0.524
0.555
0.567
0.570
0.605
0.531
0.558
0.568
0.585
0.655
0.561
0.591
0.534
0.560
0.566
0.539
0.562
0.569
0.615
0.532
0.561
0.569
0.602
0.538
0.562
0.570
0.598
0.522
0.557
0.568
0.535
0.531
0.561
0.568
0.567
0.530
0.558
0.570
0.546
0.533
0.560
0.589
0.652
0.563
0.569
0.582
0.535
0.559
0.587
0.522
0.553
0.568
0.614
0.653
0.563
0.610
0.650
0.553
0.566
0.614
0.530
0.558
0.559
0.527
0.560
0.570
0.612
0.524
0.557
0.595
0.649
0.558
0.568
0.594
0.640
0.558
0.568
0.607
0.531
0.558
0.568
0.581
0.649
0.555
0.568
0.591
0.525
0.562
0.610
0.524
0.563
0.573
0.601
0.520
0.554
0.569
0.602
0.517
0.554
0.568
0.617
0.534
0.563
0.569
0.593
0.646
0.567
0.622
0.536
0.560
0.599
0.524
0.552
0.565
0.609
0.532
0.559
0.569
0.558
0.525
0.549
0.568
0.548
0.528
0.555
0.606
0.653
0.558
0.538
0.528
0.557
0.567
0.558
0.530
0.560
0.569
0.566
0.543
0.562
0.603
0.521
0.556
0.570
0.563
0.533
0.562
0.569
0.615
0.532
0.556
0.570
0.607
0.535
0.561
0.604
0.527
0.553
0.568
0.566
0.644
0.556
0.612
0.526
0.556
0.568
0.576
0.531
0.558
0.568
0.561
0.529
0.562
0.613
0.525
0.558
0.568
0.612
0.534
0.564
0.569
0.603
0.535
0.564
0.567
0.555
0.532
0.558
0.569
0.573
0.532
0.557
0.568
0.532
0.558
0.568
0.599
0.643
0.548
0.565
0.569
0.619
0.529
0.561
0.600
0.510
0.556
0.568
0.569
0.611
0.654
0.557
0.567
0.555
0.529
0.557
0.596
0.536
0.564
0.569
0.551
0.532
0.556
0.569
0.601
0.520
0.556
0.568
0.568
0.654
0.566
0.569
0.601
0.518
0.558
0.568
0.607
0.521
0.562
0.569
0.610
0.530
0.556
0.566
0.606
0.523
0.556
0.570
0.608
0.523
0.556
0.565
0.552
0.516
0.549
0.566
0.611
0.532
0.561
0.569
0.553
0.647
0.677
0.568
0.570
0.605
0.521
0.554
0.568
0.599
0.519
0.547
0.566
0.569
0.601
0.526
0.560
0.606
0.519
0.557
0.567
0.583
0.539
0.563
0.611
0.540
0.560
0.569
0.619
0.537
0.565
0.607
0.527
0.557
0.567
0.561
0.529
0.559
0.569
0.615
0.527
0.558
0.568
0.557
0.524
0.558
0.600
0.526
0.554
0.569
0.589
0.536
0.562
0.603
0.528
0.554
0.567
0.607
0.525
0.560
0.568
0.615
0.542
0.567
0.619
0.535
0.566
0.569
0.543
0.519
0.556
0.569
0.553
0.659
0.560
0.569
0.548
0.531
0.558
0.568
0.572
0.522
0.558
0.568
0.539
0.530
0.561
0.569
0.611
0.524
0.553
0.569
0.599
0.530
0.558
0.568
0.609
0.533
0.560
0.569
0.549
0.524
0.555
0.568
0.536
0.648
0.558
0.567
0.569
0.613
0.529
0.557
0.568
0.556
0.653
0.563
0.569
0.570
0.592
0.526
0.553
0.565
0.556
0.531
0.555
0.614
0.530
0.563
0.598
0.523
0.555
0.604
0.527
0.561
0.569
0.560
0.531
0.555
0.566
0.607
0.528
0.555
0.566
0.569
0.573
0.526
0.562
0.594
0.533
0.564
0.569
0.613
0.532
0.556
0.569
0.570
0.527
0.563
0.569
0.569
0.528
0.559
0.569
0.480
0.534
0.563
0.593
0.523
0.555
0.567
0.570
0.604
0.640
0.555
0.608
0.535
0.562
0.613
0.533
0.559
0.569
0.557
0.512
0.545
0.565
0.560
0.527
0.550
0.567
0.598
0.537
0.563
0.613
0.533
0.560
0.569
0.604
0.653
0.562
0.569
0.577
0.520
0.548
0.568
0.579
0.513
0.549
0.567
0.610
0.525
0.558
0.570
0.610
0.540
0.563
0.611
0.524
0.557
0.569
0.608
0.525
0.557
0.569
0.604
0.533
0.561
0.568
0.580
0.529
0.559
0.567
0.620
0.533
0.563
0.570
0.608
0.527
0.561
0.572
0.538
0.569
0.568
0.616
0.538
0.566
0.542
0.650
0.559
0.573
0.570
0.531
0.558
0.569
0.567
0.538
0.566
0.607
0.522
0.559
0.568
0.607
0.534
0.562
0.569
0.584
0.519
0.553
0.567
0.552
0.526
0.556
0.569
0.564
0.521
0.556
0.571
0.570
0.522
0.561
0.569
0.608
0.529
0.557
0.570
0.589
0.531
0.558
0.563
0.523
0.559
0.551
0.519
0.550
0.567
0.552
0.534
0.559
0.603
0.526
0.566
0.569
0.606
0.527
0.553
0.564
0.605
0.532
0.559
0.570
0.614
0.533
0.566
0.608
0.524
0.557
0.596
0.530
0.559
0.573
0.582
0.648
0.554
0.565
0.568
0.598
0.518
0.547
0.567
0.609
0.532
0.564
0.570
0.602
0.538
0.561
0.579
0.524
0.561
0.612
0.537
0.561
0.605
0.530
0.556
0.607
0.530
0.555
0.567
0.597
0.530
0.559
0.569
0.595
0.524
0.557
0.568
0.576
0.527
0.556
0.569
0.555
0.528
0.555
0.573
0.522
0.557
0.611
0.653
0.560
0.568
0.584
0.528
0.563
0.568
0.605
0.655
0.563
0.568
0.587
0.530
0.554
0.570
0.609
0.539
0.569
0.586
0.645
0.555
0.565
0.588
0.531
0.567
0.569
0.603
0.522
0.548
0.564
0.551
0.530
0.558
0.569
0.613
0.520
0.546
0.563
0.611
0.524
0.557
0.570
0.560
0.513
0.552
0.580
0.534
0.564
0.600
0.529
0.551
0.568
0.578
0.528
0.560
0.613
0.526
0.555
0.566
0.538
0.523
0.557
0.565
0.539
0.527
0.558
0.569
0.575
0.522
0.556
0.567
0.601
0.522
0.553
0.567
0.589
0.533
0.562
0.568
0.581
0.529
0.558
0.569
0.537
0.646
0.552
0.568
0.608
0.520
0.560
0.569
0.570
0.556
0.522
0.553
0.568
0.577
0.526
0.556
0.572
0.573
0.530
0.560
0.570
0.601
0.534
0.561
0.569
0.551
0.649
0.560
0.569
0.564
0.645
0.557
0.568
0.617
0.535
0.561
0.554
0.525
0.549
0.567
0.597
0.531
0.557
0.537
0.536
0.563
0.568
0.569
0.581
0.531
0.563
0.569
0.604
0.530
0.559
0.569
0.574
0.570
0.607
0.521
0.554
0.567
0.595
0.652
0.570
0.565
0.524
0.556
0.566
0.569
0.586
0.537
0.557
0.566
0.580
0.527
0.555
0.611
0.653
0.561
0.565
0.657
0.556
0.569
0.592
0.522
0.561
0.570
0.581
0.544
0.567
0.605
0.536
0.563
0.582
0.535
0.561
0.568
0.613
0.530
0.560
0.596
0.523
0.557
0.566
0.612
0.530
0.562
0.595
0.527
0.557
0.567
0.569
0.531
0.527
0.557
0.569
0.596
0.524
0.553
0.569
0.604
0.527
0.559
0.569
0.593
0.523
0.549
0.569
0.582
0.530
0.560
0.570
0.590
0.530
0.555
0.569
0.539
0.533
0.566
0.568
0.614
0.531
0.560
0.570
0.539
0.525
0.546
0.566
0.604
0.525
0.553
0.568
0.590
0.523
0.558
0.569
0.604
0.519
0.554
0.566
0.569
0.569
0.605
0.531
0.559
0.569
0.601
0.529
0.552
0.569
0.538
0.524
0.558
0.569
0.582
0.534
0.565
0.602
0.646
0.558
0.568
0.575
0.528
0.554
0.568
0.569
0.558
0.522
0.556
0.572
0.551
0.527
0.564
0.548
0.532
0.556
0.570
0.606
0.530
0.561
0.569
0.557
0.530
0.564
0.598
0.523
0.557
0.568
0.569
0.603
0.649
0.557
0.568
0.602
0.536
0.558
0.570
0.613
0.530
0.564
0.591
0.645
0.559
0.569
0.606
0.527
0.555
0.569
0.613
0.536
0.561
0.569
0.561
0.524
0.560
0.594
0.527
0.557
0.612
0.528
0.555
0.569
0.591
0.524
0.553
0.566
0.614
0.540
0.564
0.570
0.570
0.530
0.558
0.568
0.613
0.527
0.557
0.615
0.531
0.558
0.569
0.567
0.526
0.560
0.568
0.601
0.523
0.560
0.604
0.654
0.566
0.569
0.610
0.530
0.562
0.569
0.569
0.539
0.565
0.567
0.581
0.534
0.561
0.605
0.526
0.556
0.607
0.522
0.554
0.569
0.604
0.520
0.552
0.564
0.586
0.532
0.556
0.570
0.618
0.537
0.560
0.568
0.574
0.650
0.555
0.567
0.570
0.617
0.541
0.562
0.569
0.570
0.557
0.527
0.558
0.570
0.603
0.527
0.555
0.570
0.538
0.526
0.557
0.570
0.573
0.526
0.555
0.566
0.617
0.533
0.558
0.569
0.565
0.531
0.560
0.569
0.594
0.527
0.556
0.567
0.618
0.537
0.561
0.569
0.603
0.528
0.558
0.567
0.614
0.645
0.553
0.569
0.610
0.520
0.554
0.567
0.615
0.531
0.558
0.569
0.569
0.611
0.540
0.561
0.569
0.606
0.534
0.556
0.567
0.592
0.520
0.556
0.568
0.558
0.529
0.556
0.609
0.528
0.565
0.612
0.532
0.565
0.610
0.537
0.562
0.611
0.539
0.563
0.614
0.529
0.552
0.568
0.610
0.534
0.561
0.614
0.531
0.557
0.564
0.605
0.537
0.566
0.562
0.645
0.553
0.567
0.580
0.650
0.554
0.560
0.524
0.552
0.567
0.611
0.535
0.561
0.568
0.609
0.530
0.558
0.585
0.531
0.558
0.566
