786
1512
2388
1476
774
672
1806
2268
2178
2178
1080
708
882
882
762
948
960
768
762
960
954
960
960
960
954
960
960
960
954
960
960
960
1152
960
954
768
960
954
768
954
942
960
960
960
960
960
1152
960
960
954
1152
768
960
768
960
960
762
954
762
960
954
1152
960
960
960
1152
954
954
954
954
960
960
762
948
954
960
954
960
1152
1152
960
768
960
960
960
960
960
954
768
960
948
942
960
942
954
960
960
960
954
960
768
960
942
1146
762
960
960
762
954
768
942
762
960
1152
768
960
960
960
1140
768
954
1146
960
768
948
960
960
1152
960
954
948
954
1152
960
756
954
954
960
960
960
954
768
960
954
960
960
954
960
960
960
954
960
954
762
960
1152
954
924
960
768
960
948
768
1152
960
960
954
768
768
960
954
954
960
960
960
960
954
960
960
948
960
768
762
960
960
960
768
1152
1152
954
948
960
960
954
954
960
768
768
768
768
1152
960
960
768
960
762
1152
768
1146
960
960
960
768
960
954
762
960
960
768
768
762
768
960
954
960
1152
768
954
954
954
768
954
960
960
762
954
960
960
960
954
960
768
1152
960
768
768
768
954
954
960
960
768
762
768
954
768
768
1152
960
762
1152
960
768
1146
954
768
1344
762
960
768
768
960
960
960
960
1116
948
960
954
756
762
954
960
960
1146
960
954
1152
954
954
954
960
762
960
1152
960
768
762
960
762
1152
768
768
762
768
762
960
768
918
960
960
954
960
768
960
960
768
768
960
768
762
1146
960
960
954
960
960
960
954
768
768
960
960
960
960
960
954
960
960
960
762
960
960
768
960
960
954
954
960
954
960
768
768
960
954
954
960
960
960
768
960
960
960
960
768
942
960
768
960
960
960
954
960
768
768
768
960
960
936
960
960
960
960
960
768
768
960
954
960
960
768
960
768
1152
960
768
768
762
960
960
960
954
960
960
768
954
960
960
960
960
960
762
768
960
768
960
960
762
768
1146
762
960
954
768
954
960
768
960
768
960
960
1152
954
768
762
960
960
768
960
960
960
960
762
768
960
960
960
762
768
960
768
960
960
1152
954
768
762
960
960
768
768
960
960
960
960
960
936
768
768
960
960
768
1152
960
948
960
960
960
960
762
960
960
768
960
960
954
960
948
1146
960
960
954
762
960
768
960
960
1152
960
954
768
768
960
960
960
768
954
960
960
960
948
1146
954
960
960
954
960
960
960
954
960
768
768
954
1146
960
960
960
768
954
954
960
1152
768
960
960
954
954
960
768
954
960
960
768
960
768
960
768
960
768
1152
768
954
1338
960
768
960
930
942
1152
768
960
960
960
768
954
960
960
960
960
960
768
762
768
954
960
960
960
960
960
768
1152
960
948
960
960
768
954
960
1152
768
960
1152
960
960
768
960
960
768
954
960
768
1152
954
960
960
1152
768
954
960
768
1146
768
960
1152
768
960
768
960
960
954
762
960
960
960
768
768
960
1152
960
768
960
960
1152
1140
768
762
960
960
954
960
954
960
768
960
960
954
960
960
954
960
768
954
768
960
960
960
960
960
960
960
960
768
960
1146
954
954
768
768
768
960
954
762
960
960
768
768
768
960
960
960
960
744
960
960
954
768
936
750
948
960
960
1152
768
960
960
1152
960
954
768
960
768
1152
960
768
768
960
960
960
960
960
960
762
960
768
960
768
960
768
960
768
960
960
960
954
768
948
960
960
960
762
768
960
954
960
768
768
960
960
762
960
954
960
768
960
768
960
960
768
960
960
948
960
768
954
1152
768
1152
960
768
954
954
960
954
960
960
960
954
960
954
960
1152
960
1152
768
960
768
960
768
960
960
960
768
954
768
960
960
768
960
960
960
960
960
954
960
960
960
960
1152
960
1152
960
768
768
762
960
960
1152
762
960
960
960
960
768
1152
762
768
960
960
960
768
960
960
954
960
960
768
960
960
960
960
960
768
954
768
954
960
768
960
960
960
960
954
960
960
768
768
960
768
954
960
960
768
768
954
1152
960
960
768
768
762
768
960
960
960
960
768
768
960
948
960
960
762
942
936
954
954
960
960
768
768
960
762
960
960
960
960
954
960
960
960
1152
960
948
954
960
960
954
768
960
768
1152
960
1338
954
762
1116
960
762
762
960
960
744
768
954
762
960
768
1152
960
960
960
960
960
960
954
954
960
960
960
1344
954
960
960
768
960
1152
954
768
960
960
768
1152
960
960
768
960
960
960
768
768
960
960
960
960
768
960
960
768
960
960
954
768
768
960
960
960
960
1152
1152
960
960
960
960
960
960
960
960
960
960
960
1152
960
960
960
768
768
768
768
768
960
768
954
768
960
762
960
960
768
960
