2.059
0.376
0.860
0.407
0.084
0.097
0.589
0.796
0.740
0.738
0.202
0.063
0.073
0.059
0.049
0.059
0.066
0.054
0.053
0.058
0.061
0.059
0.069
0.062
0.059
0.057
0.054
0.055
0.057
0.053
0.052
0.057
0.058
0.052
0.056
0.048
0.055
0.059
0.048
0.054
0.057
0.056
0.058
0.053
0.061
0.056
0.065
0.061
0.055
0.058
0.065
0.051
0.060
0.050
0.055
0.052
0.056
0.060
0.057
0.061
0.061
0.071
0.063
0.059
0.064
0.069
0.058
0.060
0.060
0.061
0.056
0.058
0.049
0.058
0.056
0.057
0.059
0.060
0.066
0.061
0.053
0.047
0.053
0.053
0.052
0.054
0.056
0.055
0.045
0.055
0.054
0.055
0.056
0.055
0.054
0.053
0.054
0.052
0.058
0.056
0.046
0.058
0.052
0.060
0.046
0.055
0.051
0.046
0.053
0.046
0.055
0.046
0.064
0.076
0.049
0.064
0.060
0.062
0.066
0.049
0.058
0.066
0.059
0.048
0.058
0.055
0.058
0.065
0.064
0.059
0.057
0.062
0.069
0.058
0.057
0.058
0.059
0.059
0.058
0.061
0.057
0.055
0.057
0.068
0.060
0.053
0.054
0.052
0.051
0.051
0.057
0.053
0.055
0.044
0.055
0.062
0.052
0.056
0.054
0.046
0.055
0.056
0.050
0.058
0.054
0.054
0.057
0.050
0.049
0.055
0.053
0.055
0.056
0.056
0.056
0.057
0.055
0.057
0.061
0.064
0.066
0.050
0.049
0.057
0.056
0.057
0.047
0.062
0.062
0.054
0.057
0.055
0.055
0.054
0.054
0.057
0.051
0.049
0.047
0.048
0.062
0.055
0.055
0.047
0.057
0.046
0.064
0.048
0.062
0.054
0.052
0.053
0.048
0.055
0.060
0.052
0.064
0.060
0.052
0.051
0.049
0.049
0.055
0.063
0.061
0.065
0.049
0.056
0.054
0.054
0.050
0.054
0.055
0.053
0.046
0.052
0.053
0.056
0.062
0.054
0.057
0.051
0.061
0.054
0.052
0.049
0.047
0.056
0.055
0.055
0.056
0.047
0.049
0.047
0.062
0.049
0.052
0.071
0.064
0.056
0.082
0.068
0.063
0.083
0.067
0.059
0.072
0.046
0.063
0.049
0.057
0.063
0.058
0.057
0.060
0.070
0.060
0.065
0.061
0.054
0.050
0.057
0.053
0.053
0.061
0.053
0.060
0.061
0.054
0.053
0.055
0.059
0.048
0.056
0.061
0.056
0.048
0.049
0.055
0.048
0.065
0.051
0.046
0.060
0.053
0.050
0.069
0.050
0.059
0.065
0.059
0.059
0.059
0.052
0.059
0.056
0.048
0.050
0.060
0.050
0.049
0.059
0.055
0.055
0.052
0.058
0.062
0.055
0.053
0.048
0.048
0.055
0.055
0.058
0.056
0.059
0.055
0.058
0.055
0.053
0.049
0.054
0.055
0.046
0.062
0.059
0.067
0.060
0.059
0.060
0.066
0.053
0.051
0.066
0.067
0.064
0.064
0.059
0.057
0.053
0.069
0.061
0.060
0.063
0.053
0.063
0.059
0.063
0.058
0.057
0.056
0.056
0.057
0.050
0.049
0.049
0.056
0.058
0.054
0.056
0.054
0.057
0.057
0.057
0.051
0.046
0.055
0.055
0.055
0.058
0.048
0.055
0.050
0.061
0.057
0.049
0.049
0.048
0.055
0.060
0.056
0.065
0.064
0.059
0.051
0.059
0.058
0.062
0.057
0.055
0.056
0.053
0.054
0.061
0.048
0.057
0.057
0.048
0.048
0.060
0.049
0.053
0.056
0.052
0.052
0.058
0.048
0.056
0.048
0.052
0.057
0.061
0.055
0.051
0.049
0.056
0.058
0.048
0.058
0.055
0.054
0.056
0.050
0.046
0.055
0.057
0.053
0.049
0.049
0.061
0.052
0.053
0.061
0.066
0.066
0.052
0.051
0.058
0.056
0.061
0.053
0.067
0.066
0.062
0.060
0.058
0.061
0.053
0.054
0.063
0.059
0.052
0.066
0.058
0.056
0.057
0.055
0.059
0.056
0.047
0.057
0.056
0.051
0.057
0.054
0.057
0.056
0.054
0.064
0.058
0.055
0.057
0.050
0.052
0.049
0.056
0.057
0.063
0.056
0.052
0.051
0.054
0.069
0.063
0.065
0.067
0.067
0.062
0.068
0.059
0.064
0.068
0.059
0.059
0.058
0.061
0.061
0.059
0.058
0.059
0.058
0.055
0.052
0.063
0.064
0.057
0.058
0.055
0.052
0.057
0.054
0.057
0.066
0.048
0.058
0.056
0.055
0.058
0.061
0.050
0.058
0.058
0.057
0.048
0.057
0.053
0.058
0.048
0.056
0.048
0.064
0.050
0.054
0.071
0.055
0.048
0.058
0.060
0.066
0.066
0.049
0.058
0.056
0.060
0.054
0.062
0.063
0.068
0.053
0.056
0.054
0.048
0.047
0.047
0.054
0.054
0.056
0.058
0.055
0.056
0.049
0.057
0.058
0.057
0.059
0.054
0.047
0.055
0.059
0.063
0.048
0.054
0.063
0.053
0.059
0.049
0.054
0.052
0.046
0.052
0.058
0.052
0.071
0.060
0.069
0.065
0.073
0.052
0.055
0.057
0.052
0.067
0.053
0.064
0.073
0.055
0.063
0.049
0.057
0.057
0.055
0.046
0.052
0.054
0.053
0.049
0.048
0.053
0.063
0.051
0.048
0.053
0.057
0.062
0.062
0.045
0.047
0.054
0.057
0.053
0.057
0.073
0.055
0.050
0.057
0.054
0.053
0.055
0.053
0.062
0.066
0.049
0.058
0.055
0.059
0.059
0.056
0.055
0.053
0.054
0.055
0.060
0.051
0.055
0.061
0.055
0.057
0.049
0.048
0.049
0.055
0.059
0.046
0.057
0.059
0.051
0.049
0.047
0.052
0.058
0.055
0.055
0.053
0.055
0.056
0.053
0.049
0.054
0.050
0.065
0.059
0.060
0.066
0.049
0.058
0.056
0.059
0.054
0.055
0.048
0.054
0.048
0.060
0.056
0.046
0.048
0.053
0.055
0.053
0.056
0.053
0.055
0.047
0.052
0.048
0.055
0.045
0.055
0.046
0.054
0.050
0.055
0.056
0.056
0.056
0.046
0.054
0.060
0.063
0.066
0.054
0.048
0.061
0.062
0.060
0.052
0.051
0.057
0.056
0.050
0.059
0.059
0.060
0.050
0.056
0.056
0.057
0.060
0.048
0.054
0.053
0.055
0.055
0.048
0.054
0.062
0.046
0.066
0.055
0.048
0.054
0.053
0.062
0.053
0.055
0.056
0.056
0.054
0.056
0.056
0.056
0.059
0.055
0.063
0.047
0.054
0.047
0.069
0.045
0.054
0.058
0.057
0.056
0.062
0.053
0.056
0.058
0.050
0.055
0.062
0.062
0.059
0.061
0.061
0.059
0.060
0.056
0.058
0.065
0.059
0.067
0.054
0.050
0.046
0.051
0.055
0.056
0.058
0.049
0.054
0.055
0.053
0.051
0.048
0.062
0.051
0.048
0.055
0.057
0.057
0.046
0.057
0.057
0.056
0.057
0.054
0.047
0.057
0.055
0.053
0.055
0.053
0.048
0.053
0.050
0.059
0.059
0.050
0.060
0.060
0.060
0.057
0.058
0.059
0.062
0.051
0.057
0.061
0.049
0.059
0.058
0.052
0.046
0.049
0.055
0.061
0.059
0.052
0.049
0.049
0.046
0.047
0.054
0.055
0.055
0.059
0.047
0.052
0.055
0.054
0.053
0.055
0.046
0.054
0.057
0.058
0.057
0.058
0.056
0.051
0.045
0.059
0.049
0.060
0.061
0.060
0.064
0.059
0.059
0.062
0.064
0.065
0.061
0.055
0.054
0.053
0.054
0.056
0.045
0.056
0.049
0.061
0.053
0.066
0.057
0.049
0.063
0.052
0.048
0.049
0.052
0.055
0.045
0.047
0.055
0.057
0.057
0.049
0.062
0.054
0.056
0.057
0.056
0.056
0.055
0.054
0.058
0.060
0.060
0.065
0.072
0.059
0.059
0.059
0.054
0.061
0.064
0.059
0.049
0.069
0.060
0.051
0.069
0.059
0.057
0.051
0.058
0.060
0.055
0.050
0.049
0.060
0.069
0.060
0.058
0.055
0.055
0.061
0.050
0.059
0.057
0.060
0.046
0.049
0.054
0.055
0.055
0.052
0.062
0.058
0.054
0.055
0.054
0.057
0.055
0.053
0.056
0.054
0.054
0.056
0.055
0.061
0.055
0.055
0.056
0.047
0.048
0.048
0.046
0.045
0.056
0.047
0.054
0.045
0.055
0.057
0.061
0.056
0.059
0.063
