1344
1038
1230
1260
1074
1026
1188
1050
1242
954
1278
1128
1158
858
936
996
1008
1164
1560
1296
1404
1548
1272
1080
1080
1260
1620
1434
1200
1344
1050
1260
1350
1296
1140
1092
1044
1014
1014
1416
1074
1230
810
876
1056
1152
1110
1170
1092
1170
924
936
1182
804
780
1188
864
816
924
858
792
798
792
1116
948
924
858
732
786
594
540
504
750
576
576
624
708
648
780
720
660
1080
840
900
846
1038
1182
1092
1152
1080
1080
1440
1440
990
1080
942
1104
900
1560
1380
1194
1344
1164
1092
924
1098
1092
774
900
612
900
678
792
840
1050
1092
966
1092
1176
1056
1350
900
1272
1302
906
846
1170
1320
1410
1428
1560
1362
990
150
66
72
66
78
84
78
78
90
90
84
96
90
90
72
72
90
66
120
78
78
72
78
90
90
90
78
78
72
90
84
78
72
66
78
96
84
78
96
84
120
72
84
90
72
84
90
84
78
108
90
84
114
72
78
90
84
84
96
72
78
84
90
90
96
90
72
78
90
84
90
84
78
90
90
72
78
66
78
84
102
84
72
72
78
72
66
84
72
78
78
84
102
66
66
102
66
72
72
66
66
78
78
114
96
66
72
102
60
72
78
84
72
72
72
72
84
90
96
78
84
84
84
78
66
78
60
78
72
96
96
84
66
72
72
78
78
78
84
60
66
90
96
78
78
78
84
78
78
96
96
78
96
78
78
84
66
60
96
72
72
84
96
102
78
90
78
96
84
72
84
78
78
78
102
78
78
96
102
78
72
96
66
120
78
66
72
66
84
102
78
108
72
66
78
78
72
90
90
78
78
84
72
72
78
72
84
90
78
84
90
102
96
78
78
90
96
90
84
72
108
78
72
78
66
78
60
66
102
84
90
78
108
66
72
96
84
84
78
84
78
84
66
84
84
96
84
84
84
72
66
72
96
84
78
84
72
78
96
96
78
78
66
84
78
84
66
84
84
84
84
78
78
96
72
72
66
84
72
78
90
66
90
84
72
96
72
84
96
66
72
84
96
72
90
72
66
102
72
78
84
78
90
78
90
96
72
66
84
78
84
84
66
72
102
90
66
78
72
84
72
96
72
84
78
84
84
108
102
102
66
84
84
90
84
102
90
72
96
84
78
66
84
84
78
78
78
96
90
78
72
84
84
84
96
78
84
78
84
78
84
72
66
72
84
90
78
78
102
90
84
72
84
72
102
72
66
72
84
96
78
78
72
66
96
72
96
78
72
108
90
78
96
90
90
84
78
102
72
66
90
78
90
72
84
84
90
72
84
84
78
96
84
108
78
90
72
72
102
90
78
60
90
72
72
78
78
72
78
96
78
78
108
78
66
66
78
96
78
60
72
102
84
90
72
66
78
78
66
84
84
72
84
72
96
108
84
66
96
90
84
78
90
90
72
84
84
78
72
60
66
72
66
78
90
66
72
90
66
78
84
90
66
84
108
90
78
78
78
84
84
90
102
72
108
90
60
96
90
84
66
66
96
84
78
96
84
78
72
108
78
90
66
66
66
72
102
78
72
78
78
84
78
78
84
66
60
66
90
84
84
72
66
84
66
72
84
96
102
72
72
84
78
78
84
72
66
72
66
78
96
72
90
66
96
84
78
78
84
78
66
102
78
84
66
84
84
78
66
66
72
60
84
72
66
84
78
72
84
66
78
78
72
90
78
72
90
90
66
72
66
84
90
78
84
84
96
90
72
78
72
72
78
84
78
90
78
84
78
78
90
90
78
90
108
72
90
90
84
72
96
90
72
78
96
78
78
96
84
72
78
72
84
90
72
84
84
72
78
60
66
90
78
78
84
78
66
84
96
72
78
90
72
90
96
72
66
78
102
78
90
78
96
66
96
84
60
84
84
96
60
90
84
78
90
84
90
78
78
102
78
66
60
72
90
78
72
78
90
108
66
96
102
96
72
90
72
78
78
108
84
84
90
78
84
84
66
78
78
72
66
72
84
90
90
66
72
102
72
72
108
72
78
72
78
90
72
96
78
90
96
78
66
72
78
66
72
78
108
72
72
78
72
72
84
78
96
66
90
60
78
72
72
72
96
78
78
72
72
66
66
72
78
102
90
72
72
60
66
102
108
84
84
84
72
66
66
66
72
102
66
72
78
72
84
84
78
72
78
96
78
96
96
72
78
84
78
90
96
72
72
84
96
90
60
72
84
66
114
90
78
72
66
78
96
66
90
90
66
78
84
84
72
78
72
72
72
84
60
78
78
78
78
78
84
90
96
66
66
84
78
84
60
84
78
90
78
72
90
84
84
78
84
96
90
78
78
60
78
66
78
78
84
84
66
120
84
