0.985
0.615
0.684
1.226
0.765
0.886
1.022
0.831
0.948
0.710
1.052
0.821
0.746
0.609
0.661
0.737
0.794
0.917
1.056
0.686
0.765
0.868
0.764
0.717
0.689
0.764
1.017
0.797
0.641
0.738
0.583
0.771
0.811
0.749
0.669
0.734
0.693
0.696
0.718
0.948
0.687
0.767
0.601
0.649
0.678
0.699
0.758
0.773
0.752
0.838
0.654
0.733
0.871
0.577
0.539
0.902
0.666
0.661
0.803
0.723
0.670
0.658
0.608
0.903
0.747
0.725
0.713
0.672
0.698
0.586
0.566
0.538
0.788
0.631
0.649
0.713
0.768
0.619
0.696
0.643
0.625
0.982
0.729
0.833
0.608
0.712
0.795
0.723
0.731
0.670
0.629
0.833
0.899
0.587
0.633
0.626
0.703
0.574
0.888
0.729
0.697
0.762
0.726
0.678
0.618
0.768
0.788
0.604
0.806
0.574
0.781
0.544
0.671
0.593
0.868
0.775
0.838
0.764
0.811
0.687
0.824
0.556
0.770
0.779
0.551
0.579
0.701
0.772
0.783
0.755
0.776
0.646
0.806
0.812
0.593
0.637
0.632
0.739
0.757
0.623
0.731
0.737
0.840
0.843
0.844
0.798
0.805
0.659
0.697
0.839
0.616
0.946
0.694
0.770
0.646
0.692
0.833
0.773
0.821
0.696
0.654
0.616
0.770
0.752
0.675
0.634
0.525
0.671
0.767
0.786
0.722
0.726
0.793
0.878
0.701
0.842
0.869
0.798
0.801
0.826
0.873
0.694
0.990
0.878
0.658
1.067
0.673
0.677
0.765
0.733
0.782
0.652
0.645
0.666
0.725
0.808
0.760
0.789
0.818
0.685
0.684
0.797
0.773
0.852
0.724
0.729
0.879
0.808
0.641
0.693
0.654
0.720
0.759
0.837
0.776
0.651
0.625
0.686
0.643
0.563
0.711
0.662
0.733
0.621
0.671
0.811
0.603
0.583
0.740
0.614
0.706
0.632
0.591
0.626
0.678
0.691
0.829
0.780
0.577
0.640
0.724
0.541
0.650
0.717
0.766
0.697
0.707
0.652
0.646
0.761
0.834
0.837
0.718
0.679
0.776
0.731
0.728
0.618
0.594
0.583
0.692
0.643
0.786
0.812
0.640
0.606
0.626
0.678
0.759
0.691
0.736
0.787
0.523
0.598
0.748
0.749
0.673
0.662
0.713
0.758
0.686
0.688
0.845
0.881
0.691
0.809
0.718
0.679
0.691
0.619
0.535
0.824
0.657
0.624
0.691
0.655
0.886
0.703
0.767
0.695
0.806
0.716
0.638
0.774
0.720
0.748
0.719
0.805
0.711
0.703
0.867
0.835
0.631
0.637
0.856
0.600
0.942
0.710
0.633
0.658
0.624
0.759
0.933
0.680
0.933
0.672
0.626
0.703
0.755
0.672
0.838
0.727
0.727
0.696
0.770
0.720
0.690
0.687
0.651
0.767
0.713
0.745
0.737
0.782
0.974
0.868
0.728
0.656
0.780
0.834
0.794
0.706
0.619
0.913
0.710
0.618
0.741
0.607
0.724
0.547
0.585
0.961
0.741
0.774
0.730
0.721
0.632
0.663
0.787
0.691
0.773
0.721
0.765
0.635
0.797
0.590
0.753
0.764
0.658
0.745
0.722
0.797
0.702
0.612
0.667
0.798
0.685
0.754
0.707
0.676
0.736
0.887
0.796
0.693
0.710
0.615
0.778
0.665
0.812
0.636
0.790
0.773
0.801
0.699
0.733
0.606
0.788
0.636
0.665
0.615
0.760
0.687
0.672
0.837
0.600
0.842
0.835
0.647
0.885
0.645
0.810
0.839
0.590
0.639
0.694
0.832
0.696
0.739
0.650
0.588
0.880
0.676
0.697
0.769
0.660
0.793
0.717
0.746
0.875
0.665
0.592
0.718
0.655
0.711
0.758
0.603
0.626
0.912
0.735
0.600
0.739
0.723
0.801
0.748
0.911
0.636
0.751
0.734
0.758
0.765
0.926
0.880
0.685
0.624
0.778
0.745
0.789
0.778
0.632
0.708
0.625
0.799
0.801
0.693
0.569
0.772
0.755
0.660
0.700
0.719
0.851
0.874
0.715
0.641
0.771
0.716
0.764
0.763
0.679
0.723
0.719
0.656
0.716
0.711
0.663
0.579
0.645
0.763
0.798
0.711
0.715
0.743
0.841
0.706
0.642
0.707
0.635
0.939
0.643
0.628
0.683
0.786
0.883
0.692
0.689
0.670
0.607
0.859
0.659
0.802
0.662
0.647
0.880
0.793
0.714
0.823
0.851
0.802
0.641
0.708
0.905
0.637
0.591
0.848
0.694
0.767
0.607
0.627
0.725
0.720
0.626
0.704
0.753
0.751
0.863
0.764
0.687
0.654
0.793
0.641
0.592
0.821
0.764
0.571
0.525
0.756
0.656
0.634
0.677
0.674
0.674
0.737
0.928
0.719
0.690
0.823
0.636
0.618
0.644
0.697
0.749
0.739
0.632
0.703
0.866
0.758
0.788
0.650
0.619
0.690
0.688
0.618
0.787
0.748
0.648
0.757
0.619
0.844
0.961
0.761
0.587
0.741
0.811
0.687
0.697
0.741
0.836
0.610
0.789
0.751
0.730
0.697
0.587
0.607
0.721
0.637
0.704
0.780
0.625
0.723
0.805
0.612
0.731
0.646
0.769
0.602
0.790
0.905
0.783
0.688
0.712
0.654
0.635
0.695
0.746
0.852
0.657
0.957
0.771
0.553
0.894
0.751
0.750
0.592
0.594
0.809
0.818
0.634
0.830
0.685
0.698
0.687
0.928
0.750
0.821
0.594
0.608
0.593
0.662
0.843
0.655
0.622
0.642
0.746
0.681
0.666
0.646
0.723
0.583
0.543
0.615
0.787
0.774
0.792
0.643
0.568
0.769
0.618
0.676
0.740
0.909
0.842
0.590
0.711
0.802
0.667
0.772
0.750
0.681
0.600
0.689
0.608
0.723
0.769
0.572
0.824
0.631
0.764
0.803
0.695
0.687
0.769
0.740
0.587
0.839
0.682
0.796
0.533
0.674
0.765
0.692
0.542
0.622
0.661
0.578
0.667
0.638
0.617
0.697
0.650
0.668
0.764
0.603
0.699
0.653
0.652
0.793
0.694
0.638
0.809
0.772
0.619
0.691
0.611
0.742
0.807
0.722
0.684
0.716
0.856
0.788
0.630
0.715
0.636
0.681
0.658
0.736
0.755
0.824
0.782
0.863
0.726
0.907
0.797
0.799
0.712
0.879
0.923
0.655
0.598
0.778
0.702
0.668
0.877
0.841
0.601
0.708
0.736
0.674
0.710
0.748
0.703
0.663
0.680
0.601
0.675
0.820
0.613
0.790
0.798
0.631
0.710
0.536
0.595
0.789
0.708
0.678
0.591
0.686
0.608
0.693
0.826
0.642
0.740
0.775
0.615
0.780
0.814
0.657
0.571
0.698
0.770
0.669
0.724
0.686
0.808
0.586
0.817
0.704
0.556
0.669
0.785
0.769
0.495
0.781
0.721
0.729
0.801
0.762
0.757
0.704
0.671
0.778
0.688
0.628
0.580
0.672
0.809
0.710
0.690
0.715
0.819
0.951
0.567
0.812
0.900
0.698
0.663
0.712
0.600
0.708
0.714
0.821
0.738
0.642
0.748
0.696
0.704
0.697
0.600
0.695
0.655
0.640
0.607
0.649
0.703
0.820
0.773
0.594
0.689
0.915
0.677
0.660
0.992
0.637
0.682
0.647
0.759
0.831
0.674
0.902
0.627
0.788
0.782
0.678
0.576
0.647
0.718
0.602
0.601
0.634
0.760
0.590
0.624
0.656
0.601
0.649
0.753
0.693
0.825
0.609
0.720
0.538
0.668
0.628
0.646
0.608
0.622
0.680
0.654
0.659
0.631
0.568
0.617
0.672
0.710
0.785
0.743
0.648
0.635
0.546
0.584
0.902
0.937
0.698
0.745
0.762
0.633
0.615
0.534
0.584
0.664
0.861
0.624
0.646
0.585
0.603
0.737
0.755
0.632
0.641
0.709
0.815
0.622
0.847
0.884
0.631
0.710
0.729
0.672
0.783
0.839
0.642
0.599
0.696
0.756
0.749
0.583
0.685
0.729
0.637
0.991
0.799
0.728
0.592
0.635
0.691
0.783
0.613
0.773
0.798
0.598
0.622
0.766
0.750
0.617
0.705
0.665
0.585
0.618
0.738
0.557
0.736
0.695
0.706
0.686
0.693
0.669
0.811
0.790
0.605
0.600
0.699
0.655
0.717
0.512
0.763
0.683
0.750
0.700
0.677
0.824
0.733
0.714
0.672
0.661
0.737
0.775
0.678
0.674
0.551
0.731
0.634
0.711
0.699
0.739
0.753
0.614
1.025
0.737
