12.972979716362063
12.598368461603755
10.785644012849897
12.530215372862429
10.934068627450976
13.094206528765344
11.54415388962602
9.189290014251313
11.258097539715187
11.69207516339869
11.04177170868347
10.492647058823527
11.080402432105213
11.159418767506997
11.050245098039213
10.037254901960784
9.839208314904909
9.823566268612705
9.838940488476089
11.922143542731774
11.984857789269551
12.335340802987858
9.893134797778757
10.476036953242831
10.721956852916595
11.015623592094173
10.745719231748645
12.177985494897253
10.846078431372547
9.629886436233182
11.611635706914337
10.296463585434172
12.036265450236034
10.52382119514472
10.603256302521002
12.546457464104519
11.579362549215485
11.359478021978017
11.091436259818607
12.626798446651383
10.698253217370864
11.419129644864938
9.531914344685235
12.50224628312863
11.2369478560655
9.677904933903385
9.631557447540414
10.178826969384241
11.736498060762761
12.018335830835824
13.59884037531096
9.339783281733741
10.634068627450976
11.19093112769583
11.690425016160308
11.776062091503267
11.858006535947709
10.655567226890753
10.840097179222564
10.627397112691227
10.301049191606465
12.334469941822878
12.271295126442176
10.987254901960783
11.928966458378218
11.408053221288512
11.185644257703078
10.740449162120978
11.972180515562869
11.48447532859297
9.555460956312341
12.449489481107122
10.140871787311411
10.630431470833944
8.978560371517027
10.996568627450978
11.066993464052285
9.307905793896504
11.406232492997196
10.54239028944911
11.95692738633914
9.725969949383256
11.0610294117647
12.498351648351642
10.799399375134664
11.479332921979976
9.780370657034737
10.874999999999996
9.60744016905007
9.75081699346405
10.68225957049486
9.688550420168061
12.30690559440559
11.03117552382258
9.143448080986778
10.122689075630248
11.374673202614375
10.447408963585431
10.573453240945495
11.121323529411761
9.524533146591969
11.663909864645156
11.482829099005567
9.93189163777399
12.914821453056746
12.572585992438928
12.225921137685837
9.594233746130028
10.680572755417955
11.099011007911933
9.74830765639589
10.287674335468449
11.039254385964908
10.665972263031088
10.419635266694092
10.62949737311192
11.430637254901958
9.85645977689321
12.642339768075063
12.341138763197582
12.210480859010266
10.926879084967318
11.277719421101772
10.551423331570387
9.963381102042081
11.27565359477124
10.016063348416285
12.161803637538933
10.64754901960784
11.986568088773963
11.656862745098035
10.440365005651381
9.461194932518461
12.891820679320677
10.723757309941513
12.605411500264443
10.130615755073954
13.064924046541687
11.560889355742292
10.632131185807655
11.64081825037707
9.931243550051592
11.817978345184226
10.385838450559467
10.86241830065359
10.699898029387183
11.538252493980044
11.60149588973118
11.950039666216131
10.774544203646368
10.019891640866867
12.199171661671658
12.157683329742147
10.879761290481095
13.18152239916946
13.309216763628521
10.20805813553491
10.14411764705882
12.419987610428775
11.217815272962328
9.79178890854587
11.314000215470804
11.290475576195387
11.40194658282893
12.683361491449727
10.891541967664251
10.896947780461707
10.26353322030566
11.603291316526606
10.148529411764702
10.963497201113292
11.736904761904757
11.67878151260504
11.430436475289415
11.855322618557912
11.570996160702041
12.28882438940488
12.626766452501741
10.929026610644254
10.08357843137255
10.997382029734963
11.754026610644253
10.180964052287578
10.545693891591721
12.461557070380598
10.513209494324043
9.170102339181286
10.889215686274508
10.507825937392493
10.639650820455767
10.940441176470586
13.015189957101716
12.233210661887128
12.35978898552427
11.08406862745098
10.635154061624647
11.457621381886085
11.962033146591967
11.866957552251664
10.531743574622828
11.53648459383753
12.367402450490683
9.954656862745098
10.79951347671936
10.773292913656684
12.052694609312253
9.756747483682467
11.330882352941172
13.104734970911437
11.125778293773642
9.044910683571672
9.134693351024616
10.742084141348842
10.669402673350039
11.684232026143787
11.550976229652695
11.641901480872066
10.35727124183006
10.498482112143094
9.61552717578259
11.110378836849423
11.867852245793422
10.914863138237749
11.27941176470588
9.66929824561403
11.15285947712418
10.863888888888887
12.247043152925501
10.849124649859942
10.648447098137497
10.077714506855365
12.71173703747233
11.676174805586566
11.670354808590098
10.19520983832129
12.466449726743841
10.004394564843476
12.888566580478342
13.097689565336626
12.326557266263148
10.925187639158223
12.120946455505276
11.356969745940328
10.218852277753204
9.508759029927758
11.71176470588235
10.73333333333333
11.576633986928103
11.168060371001545
12.23597211611917
10.967320261437907
9.622191508182215
11.46810676423679
11.475595238095233
10.553373015873014
11.938683719101673
10.106600056290452
11.674229691876747
9.703973391589484
10.274528232345562
10.279411764705879
10.21736694677871
12.036932920021153
11.721621760592347
12.84739525180702
10.435749299719884
11.224754901960782
12.345181534152113
11.38382352941176
11.028921568627448
11.31461251167133
12.240876035728972
11.013480392156861
11.17696078431372
11.624038461538456
12.32131006248653
10.199781930315979
10.763415501766891
12.511519607843137
11.358396668690787
11.036948100918693
9.780109587694724
11.48722919237625
10.65973315899786
10.3360165118679
11.865543525102346
10.649439775910363
9.31939837338444
10.985728976905445
10.508352990318928
10.690713302864996
11.442672502076523
10.99239118724413
10.279866946778709
12.18506101741396
10.579761904761899
11.337605042016804
10.748692810457515
12.081031713384654
11.710186382245201
10.104390264877877
10.246434937611404
10.783088235294116
11.931477591036414
9.901599587203302
12.72136246106834
11.030697733638904
11.871323529411761
10.926388888888882
10.862254901960782
10.605882352941174
9.95715207135485
10.991421568627448
10.68354833161334
11.519278515602045
11.975330306947951
9.887978524743225
11.297004221268928
11.683108884579466
11.089185586515297
10.553116246498597
10.501651186790502
11.480281156751746
10.425465624846424
11.21601307189542
9.752935033662585
11.804172195193864
9.756019951840381
10.749062607499132
9.976546144773696
12.698174537880414
11.455226391255799
10.2031647746818
11.360072525513699
11.895448179271707
10.794239274657222
10.54895510835913
10.07444100447196
10.325105042016807
11.015196078431371
10.965196078431372
10.344262110438581
11.129527863777085
9.709262125902992
11.010626052653917
10.933333333333334
9.70822276278932
13.048495050700925
10.645372927725868
12.020799298740474
11.160676904794547
9.234254754533389
11.081045914869442
12.748383234412639
9.812630227529603
10.322244950611816
11.50151164195282
11.872502660737954
11.988643219525567
11.076855742296916
11.779166666666665
11.807302256566963
9.997794117647057
10.498109243697476
10.612517199862394
9.53084918177797
12.611759808818638
11.770765019294426
11.641612798965735
11.079747703277107
10.000610595115239
11.139297385620912
10.983970196470196
11.589560439560433
11.493712170182759
13.130696509372978
9.148907808737524
12.119027296233174
10.363987173816886
10.482026143790849
11.275105042016806
12.003676470588236
13.157556903880431
12.295072329631145
9.440845373237005
10.474678731141575
9.916685095090662
10.842261904761903
12.607504260445435
12.19001562163326
11.209150326797383
10.303138974888192
12.645972654796186
11.056657313274954
9.035199518403848
12.090637793578967
10.845887201034254
11.730155628685038
10.361683006535946
10.412760535182793
9.506300678165998
9.660463659147863
10.950482824708828
10.890707774337796
11.60981591937474
9.667436360509114
10.700851393188845
10.10325360913596
11.073211592329235
10.685480859010266
11.09565826330532
11.016584967320258
9.520519435844507
12.057662680456794
10.54024276377217
11.062462292609347
11.482948179271707
11.579311374899607
9.134802078726226
10.863235294117647
10.311812005503953
10.517892156862743
10.483890864037921
10.48819685216744
12.395289269553968
10.762959099723805
12.84837246087246
12.175810708898942
12.324464995788528
11.836211827388293
11.339929433311777
10.007679738562086
10.759920020639825
10.1375945992432
11.363219623513737
9.139344685242513
10.392915499533144
11.63220407043936
10.891176470588231
12.334317643141167
11.872512536483121
11.560557334822036
12.385154061624643
11.05100373482726
11.436764705882352
12.456062564886091
12.047134238310706
8.107338198437265
10.457177871148456
11.649953314659193
11.3617620124973
10.551820728291313
12.22260337701514
12.644852941176467
12.150618499147903
12.154097862921386
10.242851756087049
10.228485429259418
10.279510663914685
10.198890608875125
9.581905744754039
10.897875816993462
11.527124183006533
11.94539627039627
11.280269485416545
10.682585139318885
10.658863457663756
11.453513071895422
10.437990196078427
11.161431950402541
9.7047225907907
10.29901960784313
10.7032034743722
12.139893439893441
10.806026897938658
11.266666666666664
10.485784313725489
11.151642964878254
10.38949602169416
10.275357734800458
12.293457033162907
10.765008108506553
10.263432701629288
11.306862745098037
11.292915499533144
10.929328222517071
11.795915032679735
12.820569381598789
9.721205587498151
10.811869747899154
10.06474581060494
9.965038208265756
11.096078431372543
9.810101847756638
10.217092363261091
11.852450980392153
11.12017973856209
10.409412624698998
11.628758169934635
11.173774509803918
10.098039215686272
10.206781045751631
10.8313025210084
10.954756517991807
11.975326797385618
11.292261904761903
9.992160045836513
11.033905228758167
11.58485778926955
11.183562460071741
12.035741219564747
10.753676470588232
9.840102707749761
12.525280601751188
12.847154316271958
9.399557103543167
11.482107843137248
11.084793882588002
11.818281228575339
13.658053221288506
11.056092436974787
10.57083333333333
11.879073295985057
12.276785714285712
9.430578283945152
10.20354747162022
10.312934296525622
9.904622463020292
9.67099611774534
12.085384223619517
12.706641887524233
11.70931372549019
10.740441176470586
11.572787996317405
12.363539646627876
11.485072362278244
12.262132230514577
11.417392411510049
12.293518981018975
10.47966116271069
10.618329524792369
12.052903469079936
11.551126324655733
10.28663570691434
12.886532829915183
10.750315126050415
11.420067677420617
12.96947170476582
9.519426016020438
11.705093680828977
10.265242763772173
12.125894693541753
11.85601447056555
10.640017936999357
11.843494005994005
11.44163287692699
9.88024595803233
10.51918214654282
10.932026143790845
11.207352941176467
10.57769607843137
10.321636645088654
10.324436704506358
9.48014236795196
12.37702860864625
12.358535826918182
11.112009803921563
12.468255518990809
11.54893880629174
11.482843137254898
10.76593567251461
10.959228954739784
9.811678172413124
10.670203081232488
12.054445309592362
12.300104307457246
11.607482223658689
10.000018428424
10.385753599685485
12.848377847642546
9.899369747899156
12.350245098039213
12.60661764705882
10.655392156862744
12.177140261699082
11.548106550312427
11.530415662768599
10.808414134884725
11.770240054063578
9.458302842668166
11.327869919897779
9.880274214949132
11.013480392156861
10.720295837633289
11.855463409139874
9.47550516219247
10.702340409848146
12.49680270709682
10.7823378075313
9.563095238095237
12.06115257291728
12.351279357897
11.466386554621845
10.205065359477121
11.518627450980391
10.730473856209146
11.944643346849228
11.96832775068068
12.57998129321659
11.538526832644482
11.088970588235293
9.733307533539724
9.658193277310923
11.720699888346944
12.467918519389103
11.847314695108807
12.258009392568212
11.343300653594769
11.351400560224087
12.346918032947443
11.96244343891402
10.186829205366351
11.738554337819044
11.530411092175795
10.884313725490188
9.677902476780178
11.91207368912477
9.994531672318047
10.095713497029283
11.835359983154094
12.475601849131255
9.963515406162461
10.881429677134005
10.4173159614723
12.478675736028674
12.106297134238307
11.681272893772887
11.123902894491128
11.304166666666665
11.62009999804117
10.540683581124755
10.904244066047466
13.161100664041841
9.369031647746814
11.611428032751553
10.049114207086339
11.012745098039211
9.269354145166835
11.95086114865527
12.178590282266743
11.238239594083238
10.135061919504636
9.952116811636934
10.720588235294116
10.99938940488475
11.825616785175601
9.886387537471121
11.652637313666729
12.084017453135097
10.797642390289445
10.65191409897292
11.74018171371112
11.451586687306495
11.496358543417363
10.698529411764703
11.55390981567452
12.228850806056682
11.563865546218482
11.542191876750698
10.40988562091503
10.981159771600945
10.58856639146886
13.007874723315888
11.9454131652661
11.697244667097605
11.376102634036066
10.634768907563021
9.87631394663128
10.776960784313724
10.010238218094248
11.371730720260132
10.119105975723617
11.738002357120001
10.970833333333331
11.427350590585881
10.479779718905096
10.440643274853795
10.016281735979872
10.650060199518395
13.147690299896178
12.748159683453798
12.260436867054509
9.222496947496944
12.165635100193919
11.536710838181428
12.817490107931281
12.55789480127715
9.524441004471962
9.982696938424485
11.921746390864033
10.460049019607842
11.554761904761902
10.508854857732562
8.430714654282761
11.112249820183251
10.724264705882351
11.067401960784313
10.711175610595108
11.038351393188844
11.422490254843195
10.671311858076555
11.52377769289534
12.743625247301718
10.034362017411546
10.493459752321973
10.36591847265221
12.012106765783232
10.527124183006533
11.293297388885616
12.532732708467998
9.876337289301679
9.723851909184722
10.620938375350136
12.288153594771238
10.803972553933843
11.637984074748774
10.726166519239268
9.442381689517909
11.301240181387236
10.692063492063486
9.570506535947708
10.583245491178916
10.923529411764704
11.246323529411764
12.124019607843136
10.811029411764704
9.50892857142857
10.675365497076015
12.698110467963412
12.761134453781505
10.184418767507
11.570833333333331
12.537838631956271
12.045635247105835
11.895107343636747
11.97331785861197
10.793249642514343
11.515551605257485
12.128854234001288
12.285514240661296
11.920265029088554
10.888824389404881
10.10192577030812
11.571848739495794
11.452412538441942
10.454824561403505
12.778538128538123
12.556302276155215
11.52554871598989
12.98243961920432
9.95800653594771
9.920751633986924
9.387625927564002
9.356677846577226
10.070563664062108
10.709687208216616
10.65532419506877
9.475476905275661
11.821204285910168
11.347597500538672
12.561778172807577
10.991992729492726
10.22911998132586
9.16224630202958
9.852205882352939
12.440677459795108
10.709850606909427
10.791971964224278
10.494595780896084
11.805537599655244
12.590427709545349
10.822673718610243
9.962484028699192
9.403108875128998
10.213157894736835
9.97485994397759
12.589629733012076
11.167832657538536
11.09356672739025
10.64332645338837
10.970322865988491
11.210939112487097
11.130907083112966
9.422893016855864
9.475515995872028
10.182641038871685
10.499999999999998
9.989052287581696
10.236192810457514
10.048692810457514
10.344526143790848
10.391520467836255
10.655987394957977
10.591453889248005
10.737745098039213
12.405211455211456
10.539340385276914
12.68840693620105
10.912550439756316
11.265627917833795
10.77806956115779
12.756147528941646
13.326495318407078
11.868376966171079
10.741911764705879
10.356316649466796
11.44332399626517
10.659367593191117
10.889670868347336
12.09457282913165
10.622047152194202
11.810411892029538
11.855844400697338
10.051890756302518
10.869957983193276
9.598120915032675
10.774023907808736
10.097136222910212
11.344852941176468
10.651898741952916
11.489577660901185
10.768321792586494
9.716828222517075
11.267775443510732
11.529820261437907
10.404901960784311
12.273020361990943
10.09079131652661
13.176815341521218
12.107591917886033
10.52720588235294
11.270915032679735
11.13235294117647
11.43609454271219
11.358758153611086
11.817304264363086
11.742594415388528
11.900320512820509
12.107598039215683
12.136543113748989
10.893644650842788
12.444910400057452
11.25400506356388
11.218236910148672
9.727752970283927
10.84528723770209
12.413618244500595
8.974299105607152
10.959345891466628
11.29100140056022
9.69684935377659
10.904883296098461
9.437671998624008
11.242740592740589
11.513200280112045
12.18626373626373
9.222781217750251
10.239379084967316
11.683543417366947
10.455252100840333
11.546936886642763
12.56093220504985
11.439144189144184
9.743545751633985
10.60934075384539
13.125083494936426
12.025684119801758
11.522855820649934
11.59656862745098
11.303431372549015
12.330423008364178
11.916163003662998
10.31175180598555
10.137850140056019
9.045239938080492
11.12138278388278
10.347389920880623
10.67464555997837
9.888940488476086
10.231700184060859
10.703022875816993
9.468237382672367
11.538353558206502
10.430736154110763
10.110294117647058
10.542261904761903
9.04893790849673
9.938119195046434
11.689893684746622
10.202657378740962
10.614827084680025
12.533740524181695
11.881474163091806
11.212359943977589
9.738759889920875
11.201715686274506
12.40949883449883
12.765732551761962
12.07734855014266
11.371951088127553
11.27944408532643
12.123372460872451
10.726715686274508
9.341753894540268
11.267647058823524
9.932026143790846
10.967647058823527
10.330473856209146
9.698581011351903
10.077834905892175
12.509654316271961
11.27514952367893
10.671720969089382
11.358193277310919
12.689463232845583
10.51007727652464
10.310789842252687
9.944817927170867
11.131967787114846
12.691257027286433
12.336901823666532
12.057071360012536
10.339621111602531
10.82565359477124
9.198869109047124
11.339435809288743
12.477689222542162
10.541509715774419
9.803560371517023
11.57490034475328
10.556746031746028
11.3835003232062
9.894233746130027
10.795301366160492
12.03152803079273
10.528014275885784
11.589002174296283
12.372516454134098
10.175180598555208
10.515767973856207
11.03815359477124
11.451427983780926
10.097787974839056
13.437388836653534
10.392330089930704
12.121032643826762
11.133648459383751
9.718545751633984
10.101755614526507
9.665574475404192
9.173010344488677
13.152029442006212
12.014770850064961
11.034663865546213
9.862560199518397
10.01347179222566
10.783951914098967
9.733969728242167
10.6953431372549
10.815271020688972
10.93595669036845
12.40454643395819
9.938824389404877
10.278758169934637
11.845366479925303
10.243309253525963
9.808316133470926
10.56628151260504
12.743112769583352
13.142923008364178
9.119333873900434
11.110854341736692
9.40915462676298
11.18325253178194
9.424124649859941
10.4641972578505
11.064215686274508
10.912009803921567
12.128228634110991
10.184855521155821
11.216473168214645
8.880555555555555
11.429648782589952
10.675408496732018
11.745973552591199
13.387265430647778
11.906095130359828
10.345366479925302
10.758706816059753
9.816841736694673
