59.473
68.495
60.252
59.614
58.816
61.063
61.952
59.651
50.573
50.732
59.250
69.159
70.410
58.364
49.437
50.382
69.946
49.318
58.691
50.453
57.013
59.093
57.486
61.696
69.527
60.401
72.350
61.259
72.721
73.220
60.919
58.322
50.530
61.019
60.134
59.443
49.799
60.692
47.760
69.033
48.990
60.206
59.827
50.991
48.685
69.912
59.999
59.224
58.270
50.112
59.057
49.587
58.776
70.909
59.226
57.974
59.078
60.860
49.859
58.967
49.262
60.620
49.188
49.902
59.026
58.428
50.056
58.786
59.689
58.276
59.900
70.578
61.673
50.592
58.897
50.156
62.023
61.119
59.720
60.061
57.681
60.335
57.858
69.783
60.921
60.139
60.164
50.575
58.599
50.818
60.388
60.570
60.041
69.600
50.085
50.299
47.505
58.331
60.703
50.731
47.892
59.383
61.652
58.793
58.565
71.428
70.215
60.210
50.825
62.265
60.454
71.076
50.020
62.292
59.602
60.266
58.295
60.852
60.707
61.007
60.927
58.793
60.207
61.010
58.453
59.514
61.448
49.912
59.318
61.940
50.238
49.771
61.570
70.145
57.635
59.472
60.673
70.039
59.643
49.312
47.510
62.152
69.792
49.492
49.550
70.458
48.923
50.936
58.183
59.070
58.771
59.425
70.453
49.966
59.970
59.546
69.106
48.427
49.983
58.043
57.209
59.729
59.566
59.362
59.190
61.089
61.002
61.279
60.994
70.829
68.783
59.160
58.485
59.059
59.896
59.653
48.432
50.288
58.852
59.460
61.417
59.336
58.717
59.579
48.068
71.274
59.376
59.724
50.033
51.358
60.034
59.425
58.137
59.730
71.291
60.960
59.554
60.012
59.310
58.054
60.994
60.980
59.593
61.152
58.758
58.781
58.675
49.716
70.740
59.116
59.733
48.818
60.799
45.728
60.220
60.190
48.083
60.388
70.264
60.043
50.649
69.117
59.609
61.975
60.289
60.151
62.437
60.890
60.771
59.967
60.656
51.265
49.056
70.835
59.705
69.976
59.642
61.112
59.184
48.606
49.101
59.559
61.100
59.744
69.585
62.108
49.302
49.100
61.082
48.430
60.379
60.495
60.484
58.585
59.585
59.797
70.254
52.475
58.790
58.820
61.660
60.166
62.330
50.938
61.280
70.754
58.493
59.481
49.566
58.925
69.411
51.185
49.399
61.471
60.301
59.493
60.691
69.124
47.587
51.596
59.620
60.463
69.938
61.298
48.910
58.786
48.568
50.896
61.228
58.947
60.617
52.836
50.455
49.543
71.177
58.708
60.423
58.937
50.477
50.722
69.910
59.321
59.987
59.740
59.233
59.836
61.440
48.367
59.378
72.367
60.073
59.661
79.019
59.552
49.898
69.669
50.562
62.451
60.839
59.968
61.003
70.107
49.461
60.462
58.502
60.368
50.929
59.402
72.411
62.614
50.607
61.861
60.151
47.955
61.216
60.934
58.084
61.580
59.803
60.369
50.482
60.149
69.483
69.113
49.994
59.706
61.587
59.132
59.913
61.104
59.644
60.883
60.544
59.597
60.010
70.864
60.509
48.406
48.900
59.694
48.956
69.819
51.253
59.715
59.581
61.684
59.942
59.410
63.523
69.298
69.994
59.512
60.309
61.657
71.859
51.063
60.534
67.873
57.802
50.061
60.065
60.699
49.378
59.758
51.018
80.245
59.505
50.530
60.397
50.224
58.219
58.033
49.981
61.675
59.513
59.540
60.136
60.807
58.945
49.874
59.113
60.518
60.752
69.829
58.660
70.764
60.352
69.412
59.401
61.329
60.077
60.734
70.736
59.274
70.877
60.326
60.571
60.812
60.224
59.981
61.492
71.353
61.561
80.394
58.993
61.461
60.640
48.336
59.820
61.054
69.959
61.868
68.482
61.754
49.843
58.022
61.288
72.472
59.333
59.833
59.659
60.250
51.861
60.838
59.759
59.395
70.261
60.927
59.884
49.265
60.024
60.716
59.037
59.764
60.810
50.254
58.770
62.145
58.276
71.112
58.964
58.400
58.771
60.222
50.886
59.534
61.178
48.319
51.972
61.165
59.036
59.799
49.358
69.381
59.032
70.893
71.462
59.362
59.934
59.798
61.267
62.115
59.674
59.944
70.591
59.662
62.350
51.244
59.498
59.277
59.346
58.742
49.202
51.131
70.150
60.776
58.984
49.060
61.366
83.152
61.201
59.001
48.571
60.384
50.784
62.470
58.555
68.414
59.522
59.387
69.975
61.778
60.284
61.798
50.337
49.343
59.502
49.966
59.410
59.653
59.917
61.966
50.073
60.947
61.807
62.936
59.665
50.704
72.307
59.319
71.676
60.849
71.921
58.962
70.000
60.500
57.403
60.335
59.608
61.308
60.052
59.422
59.360
58.554
60.291
61.029
59.734
58.522
71.730
68.552
48.484
48.984
79.820
71.892
49.815
59.234
59.810
71.712
59.341
58.959
49.462
60.540
60.514
60.644
71.370
51.233
60.560
50.124
50.758
71.490
70.158
60.513
69.616
60.377
60.918
51.617
60.637
60.801
59.113
58.136
60.412
59.501
59.737
60.428
50.104
49.181
60.655
49.947
60.156
59.805
59.049
59.623
59.682
59.567
60.015
60.967
60.904
48.449
60.505
59.685
49.265
48.779
60.360
48.864
50.668
49.135
61.426
61.769
59.310
58.786
60.214
62.651
70.774
60.854
60.014
60.538
71.579
58.909
59.017
51.251
59.947
59.134
60.771
61.435
58.441
61.005
48.525
48.913
50.733
48.911
59.363
59.782
72.127
49.660
59.789
50.551
61.307
60.135
59.697
59.948
60.066
60.266
61.857
72.458
50.956
61.147
60.152
59.362
60.161
58.821
59.576
52.060
61.878
69.651
58.744
60.881
48.829
61.237
60.444
58.146
60.139
51.990
60.213
50.714
59.724
72.694
49.963
60.587
69.125
59.931
72.032
69.380
61.880
72.474
59.316
60.675
68.423
61.469
59.352
50.216
60.771
60.041
59.698
59.722
60.850
60.960
69.691
60.369
48.511
59.416
60.487
50.505
60.988
62.787
59.936
72.904
60.915
58.899
69.912
60.360
59.066
60.677
67.749
60.607
60.966
60.564
61.736
59.845
61.063
59.766
60.068
60.754
60.883
61.239
50.171
49.576
62.872
62.152
63.037
61.709
59.735
60.223
59.307
61.394
59.509
60.714
70.396
60.146
60.454
72.583
59.531
49.971
60.835
69.460
61.629
52.539
59.694
60.682
50.880
59.375
71.769
69.249
49.013
69.361
60.807
60.617
61.764
59.879
61.069
59.735
62.786
60.843
61.295
62.155
59.888
62.546
70.135
60.920
60.664
60.040
60.306
49.161
50.317
59.398
49.891
61.009
61.092
60.582
59.622
50.980
49.227
58.961
50.131
60.462
71.328
60.995
59.749
51.380
59.607
59.373
60.198
61.969
59.845
60.777
57.885
58.943
59.866
61.677
79.872
60.605
60.938
49.998
59.542
59.808
60.800
60.234
49.081
60.815
51.481
62.305
59.856
71.302
52.141
61.303
59.791
49.656
51.206
60.584
47.773
50.314
59.293
60.489
60.766
61.096
49.096
61.805
50.798
61.440
59.339
62.865
59.840
60.858
72.272
63.423
60.804
71.263
61.643
60.872
60.894
59.011
61.233
61.442
66.727
61.086
60.042
57.706
50.376
62.585
59.642
59.023
50.552
62.319
51.026
52.635
61.185
60.483
50.849
62.310
50.981
62.129
62.991
61.297
61.820
51.576
60.027
71.410
69.093
49.540
59.029
62.024
49.851
59.004
49.963
50.972
49.262
59.015
59.504
60.243
48.781
60.093
60.199
48.239
62.711
48.934
50.046
50.314
48.967
48.349
59.686
61.337
60.350
71.568
72.156
60.142
51.118
49.888
60.222
59.112
50.009
50.151
60.321
61.764
60.275
47.232
61.167
60.303
62.270
60.228
49.044
59.787
62.910
58.884
61.926
49.825
61.149
48.971
61.394
61.194
59.600
71.656
60.340
59.857
59.499
48.728
57.643
50.071
50.570
50.912
61.098
58.987
62.793
60.821
61.951
61.704
59.241
69.753
60.818
59.949
60.933
61.073
49.520
72.437
60.153
58.887
61.924
49.797
62.259
61.654
60.203
71.024
71.343
59.026
60.847
60.669
49.274
60.131
60.090
58.375
60.139
49.610
48.411
51.124
62.648
51.364
49.251
50.003
59.477
60.074
62.137
58.897
59.721
59.767
61.102
60.589
62.235
72.379
71.743
59.236
72.916
61.111
62.806
59.405
60.113
58.283
61.155
50.692
60.524
50.701
60.858
59.323
60.727
50.229
58.627
49.534
50.040
60.706
62.024
71.306
69.800
59.357
59.512
60.374
73.174
51.149
59.811
59.800
62.501
49.302
49.850
50.766
39.979
40.503
49.927
39.926
39.963
50.333
39.709
41.187
39.018
51.455
49.324
51.038
39.029
39.404
50.535
49.380
39.172
38.421
39.578
39.361
60.584
47.963
41.062
39.826
49.709
52.565
39.425
52.679
39.396
40.266
40.760
48.736
40.109
49.706
50.792
49.134
49.756
