1691
1551
1064
1249
1284
1534
1960
2073
2424
1806
2038
1826
1804
1733
1559
1598
1843
2158
2422
1264
1782
1563
1108
1312
2440
1460
1254
1320
1842
2413
1735
2393
1460
2033
1795
1238
1463
1679
1493
1549
1256
1778
2332
1474
2219
2335
2155
1485
1323
1858
1481
2298
1546
1288
1776
2112
1592
2777
1793
1545
1782
1237
1431
1537
1970
1701
1517
2498
1621
1583
1456
1681
1782
2163
2116
1984
1933
2129
1485
1274
2277
1760
1482
1489
1333
1323
2678
1327
1784
1874
1499
1744
1242
1311
3765
1821
1852
1535
2465
1552
2033
1597
1519
1272
1249
2042
1690
1586
1315
2597
1835
1474
2076
1066
1479
2740
1566
1821
1889
2357
2007
1563
1726
1455
2313
1283
1058
1505
1501
1375
1801
1463
1276
1467
1445
1583
2070
1907
1794
1538
1340
1710
1477
2400
1606
1480
1549
1657
1773
2760
2038
1509
1569
2336
1448
1526
2056
1506
1351
1505
1464
1252
2112
1410
1627
1731
2012
1985
2049
2244
2052
1711
2179
1424
1275
1463
3100
1514
1526
1524
1292
2061
2425
2154
1607
1775
2107
1984
2095
1856
1557
1436
1095
1558
1256
1921
2022
1826
1949
2115
1469
1654
1558
1474
2036
1574
2428
1991
1526
1408
1152
1728
1995
1693
3188
1685
1627
3220
2298
1791
1254
2360
1803
1290
1888
1778
2628
1608
1533
1828
1440
1509
1260
1408
1706
1851
1697
1478
1448
1278
1481
1536
1703
1754
2590
2132
1580
1537
1738
1240
2023
1804
1816
1493
1800
2510
2097
1782
1847
2937
1861
1529
1301
1269
1437
1259
1829
1443
1541
1546
2009
1482
1783
2040
1292
1354
1820
2375
1534
1414
1437
2054
1279
1531
1764
1501
1532
2066
1742
2078
1746
2002
1491
1261
1432
1828
1278
1549
1233
1533
2682
2467
1294
1727
1785
1281
1495
1874
1775
1578
1848
1785
1817
2013
1531
1237
1975
1273
2089
1731
1466
2013
2033
1749
1336
2668
1805
1775
1982
2142
1416
1810
1675
1433
2106
2346
1607
2153
1532
1802
1513
1458
2363
1495
2132
2020
1468
1634
1420
1556
1288
1451
1279
1258
2864
2388
1403
2289
1488
1088
1511
1303
1502
1513
2080
2383
1591
1224
1099
1287
2984
1729
1057
1057
1240
1326
2074
1587
2109
1289
1774
2637
1437
1548
1716
1510
2009
1980
1541
1306
1575
1444
1332
1786
2008
1064
1649
1420
2128
2751
1778
2074
2166
2064
1515
1481
2347
1713
1291
1548
1490
1556
2621
1101
1802
1741
1804
2174
1785
1529
1985
1498
1483
1252
1251
1438
1602
1071
1596
1530
1654
1588
1443
1440
1898
1459
1849
1656
2100
2107
1400
1485
1686
1515
1277
2017
1562
2577
1942
2001
1105
1730
1493
2038
1711
1243
1689
1778
1745
2037
1457
2469
1794
1750
1841
1752
1749
1833
1549
1474
1465
1165
2449
1238
1842
1547
1543
1959
1771
2068
1542
2003
2067
1979
1813
2747
2158
1487
1771
2122
2086
1453
1736
2354
1808
1273
1298
1595
1561
2052
1532
2042
1503
1897
1519
2020
1970
2152
1291
2031
1602
1558
1460
1400
1437
1756
2961
1242
1088
1506
2031
1321
2003
1739
2080
2042
1775
2109
2799
1477
1646
1815
1546
1492
1775
2003
1431
1155
1289
2461
1793
1723
1523
1420
1432
1504
1259
1264
1860
1276
1512
1234
1313
1476
2025
2338
1372
2030
2548
1794
1834
2144
1754
2995
1498
1284
1735
1407
1341
2176
1986
1738
2505
1530
1422
1782
1117
2068
1486
1309
1715
1293
1811
1720
1260
1126
1267
1452
1680
3551
2030
2722
1798
1689
1624
2139
1449
1563
1796
1492
1256
1653
2025
1855
2094
1772
1235
1573
1444
1455
1851
2117
1481
1456
1655
883
1275
1773
1480
1234
1536
2093
1577
1262
1421
1717
1779
2603
1906
1240
1265
1732
2343
1457
1067
1079
1297
1748
1523
1471
1707
1662
1622
1137
1564
1389
2285
1724
1314
1774
1726
2041
3493
1287
1983
1546
1954
1708
1720
1564
1499
1811
2671
1748
1523
1216
1064
1306
1873
1295
2769
1769
1093
1339
1469
2999
2038
1789
1574
1975
1437
1736
2049
2051
1710
2106
3005
2162
1717
1236
1483
1281
1501
1097
1621
1578
1247
1793
2349
1291
1998
1750
2260
2371
2025
1289
2069
1778
2326
1870
1752
1230
1262
1917
1697
1454
1502
1815
1301
1365
1442
1722
1727
1785
2123
1515
2374
1786
1956
1741
1462
2894
2341
1280
2046
1290
1570
2387
1382
1929
1517
1772
1229
1478
1414
1061
1437
1497
2034
1301
1561
1314
1261
2035
1598
1954
1586
1261
1654
1485
1541
1574
1503
2096
1742
1534
1817
1675
1402
1271
1092
1609
1752
1681
1569
1255
2185
2312
2064
1450
1288
1723
1770
2093
2101
1984
1251
1236
1300
1997
1749
2064
1602
2386
1457
2271
1711
1581
2292
1596
1536
1824
1799
1479
1558
1453
1998
2209
1783
1522
1791
1444
1317
1284
1786
1449
1815
1298
1489
1533
2011
2165
1440
1727
2014
1153
2106
1973
1549
2109
1346
2381
2793
1850
1301
1726
1107
2255
2093
1441
1526
3063
1776
1241
1238
1273
1261
1407
1975
1618
2373
1406
1676
1131
1715
2364
1700
2620
2387
2093
1702
1421
2375
1290
1481
1629
1481
1591
1722
1719
1431
1596
1300
1563
1750
1633
1504
1591
1541
1273
1658
1283
1682
1779
1473
2185
1473
2447
2307
1740
1605
1734
2051
1318
1303
1544
1733
1453
1125
1954
1501
1456
1286
1276
2017
1524
1423
1280
1575
1273
1095
2645
1840
2426
1765
1890
1537
2349
2093
2788
1277
1481
1686
1456
1445
2341
1763
1254
1494
1243
1259
1242
2055
1865
2022
1860
2011
1317
1720
1302
1497
1314
2325
1772
1290
1467
1525
1425
1635
1771
1539
1446
1781
1738
1774
1928
1737
1147
1728
1677
1817
1456
1464
1737
2281
1479
1557
1730
1541
1867
1472
1540
1740
1529
1486
1704
2318
1258
1775
1581
2315
1834
1907
1677
1510
2647
1268
1277
1595
1818
2332
1297
1893
2032
1592
1228
1539
1547
1731
1696
