1.691000000000000000e+04
1.551000000000000000e+04
1.064000000000000000e+04
1.249000000000000000e+04
1.284000000000000000e+04
1.534000000000000000e+04
1.960000000000000000e+04
2.073000000000000000e+04
2.424000000000000000e+04
1.806000000000000000e+04
2.038000000000000000e+04
1.826000000000000000e+04
1.804000000000000000e+04
1.733000000000000000e+04
1.559000000000000000e+04
1.598000000000000000e+04
1.843000000000000000e+04
2.158000000000000000e+04
2.422000000000000000e+04
1.264000000000000000e+04
1.782000000000000000e+04
1.563000000000000000e+04
1.108000000000000000e+04
1.312000000000000000e+04
2.440000000000000000e+04
1.460000000000000000e+04
1.254000000000000000e+04
1.320000000000000000e+04
1.842000000000000000e+04
2.413000000000000000e+04
1.735000000000000000e+04
2.393000000000000000e+04
1.460000000000000000e+04
2.033000000000000000e+04
1.795000000000000000e+04
1.238000000000000000e+04
1.463000000000000000e+04
1.679000000000000000e+04
1.493000000000000000e+04
1.549000000000000000e+04
1.256000000000000000e+04
1.778000000000000000e+04
2.332000000000000000e+04
1.474000000000000000e+04
2.219000000000000000e+04
2.335000000000000000e+04
2.155000000000000000e+04
1.485000000000000000e+04
1.323000000000000000e+04
1.858000000000000000e+04
1.481000000000000000e+04
2.298000000000000000e+04
1.546000000000000000e+04
1.288000000000000000e+04
1.776000000000000000e+04
2.112000000000000000e+04
1.592000000000000000e+04
2.777000000000000000e+04
1.793000000000000000e+04
1.545000000000000000e+04
1.782000000000000000e+04
1.237000000000000000e+04
1.431000000000000000e+04
1.537000000000000000e+04
1.970000000000000000e+04
1.701000000000000000e+04
1.517000000000000000e+04
2.498000000000000000e+04
1.621000000000000000e+04
1.583000000000000000e+04
1.456000000000000000e+04
1.681000000000000000e+04
1.782000000000000000e+04
2.163000000000000000e+04
2.116000000000000000e+04
1.984000000000000000e+04
1.933000000000000000e+04
2.129000000000000000e+04
1.485000000000000000e+04
1.274000000000000000e+04
2.277000000000000000e+04
1.760000000000000000e+04
1.482000000000000000e+04
1.489000000000000000e+04
1.333000000000000000e+04
1.323000000000000000e+04
2.678000000000000000e+04
1.327000000000000000e+04
1.784000000000000000e+04
1.874000000000000000e+04
1.499000000000000000e+04
1.744000000000000000e+04
1.242000000000000000e+04
1.311000000000000000e+04
3.765000000000000000e+04
1.821000000000000000e+04
1.852000000000000000e+04
1.535000000000000000e+04
2.465000000000000000e+04
1.552000000000000000e+04
2.033000000000000000e+04
1.597000000000000000e+04
1.519000000000000000e+04
1.272000000000000000e+04
1.249000000000000000e+04
2.042000000000000000e+04
1.690000000000000000e+04
1.586000000000000000e+04
1.315000000000000000e+04
2.597000000000000000e+04
1.835000000000000000e+04
1.474000000000000000e+04
2.076000000000000000e+04
1.066000000000000000e+04
1.479000000000000000e+04
2.740000000000000000e+04
1.566000000000000000e+04
1.821000000000000000e+04
1.889000000000000000e+04
2.357000000000000000e+04
2.007000000000000000e+04
1.563000000000000000e+04
1.726000000000000000e+04
1.455000000000000000e+04
2.313000000000000000e+04
1.283000000000000000e+04
1.058000000000000000e+04
1.505000000000000000e+04
1.501000000000000000e+04
1.375000000000000000e+04
1.801000000000000000e+04
1.463000000000000000e+04
1.276000000000000000e+04
1.467000000000000000e+04
1.445000000000000000e+04
1.583000000000000000e+04
2.070000000000000000e+04
1.907000000000000000e+04
1.794000000000000000e+04
1.538000000000000000e+04
1.340000000000000000e+04
1.710000000000000000e+04
1.477000000000000000e+04
2.400000000000000000e+04
1.606000000000000000e+04
1.480000000000000000e+04
1.549000000000000000e+04
1.657000000000000000e+04
1.773000000000000000e+04
2.760000000000000000e+04
2.038000000000000000e+04
1.509000000000000000e+04
1.569000000000000000e+04
2.336000000000000000e+04
1.448000000000000000e+04
1.526000000000000000e+04
2.056000000000000000e+04
1.506000000000000000e+04
1.351000000000000000e+04
1.505000000000000000e+04
1.464000000000000000e+04
1.252000000000000000e+04
2.112000000000000000e+04
1.410000000000000000e+04
1.627000000000000000e+04
1.731000000000000000e+04
2.012000000000000000e+04
1.985000000000000000e+04
2.049000000000000000e+04
2.244000000000000000e+04
2.052000000000000000e+04
1.711000000000000000e+04
2.179000000000000000e+04
1.424000000000000000e+04
1.275000000000000000e+04
1.463000000000000000e+04
3.100000000000000000e+04
1.514000000000000000e+04
1.526000000000000000e+04
1.524000000000000000e+04
1.292000000000000000e+04
2.061000000000000000e+04
2.425000000000000000e+04
2.154000000000000000e+04
1.607000000000000000e+04
1.775000000000000000e+04
2.107000000000000000e+04
1.984000000000000000e+04
2.095000000000000000e+04
1.856000000000000000e+04
1.557000000000000000e+04
1.436000000000000000e+04
1.095000000000000000e+04
1.558000000000000000e+04
1.256000000000000000e+04
1.921000000000000000e+04
2.022000000000000000e+04
1.826000000000000000e+04
1.949000000000000000e+04
2.115000000000000000e+04
1.469000000000000000e+04
1.654000000000000000e+04
1.558000000000000000e+04
1.474000000000000000e+04
2.036000000000000000e+04
1.574000000000000000e+04
2.428000000000000000e+04
1.991000000000000000e+04
1.526000000000000000e+04
1.408000000000000000e+04
1.152000000000000000e+04
1.728000000000000000e+04
1.995000000000000000e+04
1.693000000000000000e+04
3.188000000000000000e+04
1.685000000000000000e+04
1.627000000000000000e+04
3.220000000000000000e+04
2.298000000000000000e+04
1.791000000000000000e+04
1.254000000000000000e+04
2.360000000000000000e+04
1.803000000000000000e+04
1.290000000000000000e+04
1.888000000000000000e+04
1.778000000000000000e+04
2.628000000000000000e+04
1.608000000000000000e+04
1.533000000000000000e+04
1.828000000000000000e+04
1.440000000000000000e+04
1.509000000000000000e+04
1.260000000000000000e+04
1.408000000000000000e+04
1.706000000000000000e+04
1.851000000000000000e+04
1.697000000000000000e+04
1.478000000000000000e+04
1.448000000000000000e+04
1.278000000000000000e+04
1.481000000000000000e+04
1.536000000000000000e+04
1.703000000000000000e+04
1.754000000000000000e+04
2.590000000000000000e+04
2.132000000000000000e+04
1.580000000000000000e+04
1.537000000000000000e+04
1.738000000000000000e+04
1.240000000000000000e+04
2.023000000000000000e+04
1.804000000000000000e+04
1.816000000000000000e+04
1.493000000000000000e+04
1.800000000000000000e+04
2.510000000000000000e+04
2.097000000000000000e+04
1.782000000000000000e+04
1.847000000000000000e+04
2.937000000000000000e+04
1.861000000000000000e+04
1.529000000000000000e+04
1.301000000000000000e+04
1.269000000000000000e+04
1.437000000000000000e+04
1.259000000000000000e+04
1.829000000000000000e+04
1.443000000000000000e+04
1.541000000000000000e+04
1.546000000000000000e+04
2.009000000000000000e+04
1.482000000000000000e+04
1.783000000000000000e+04
2.040000000000000000e+04
1.292000000000000000e+04
1.354000000000000000e+04
1.820000000000000000e+04
2.375000000000000000e+04
1.534000000000000000e+04
1.414000000000000000e+04
1.437000000000000000e+04
2.054000000000000000e+04
1.279000000000000000e+04
1.531000000000000000e+04
1.764000000000000000e+04
1.501000000000000000e+04
1.532000000000000000e+04
2.066000000000000000e+04
1.742000000000000000e+04
2.078000000000000000e+04
1.746000000000000000e+04
2.002000000000000000e+04
1.491000000000000000e+04
1.261000000000000000e+04
1.432000000000000000e+04
1.828000000000000000e+04
1.278000000000000000e+04
1.549000000000000000e+04
1.233000000000000000e+04
1.533000000000000000e+04
2.682000000000000000e+04
2.467000000000000000e+04
1.294000000000000000e+04
1.727000000000000000e+04
1.785000000000000000e+04
1.281000000000000000e+04
1.495000000000000000e+04
1.874000000000000000e+04
1.775000000000000000e+04
1.578000000000000000e+04
1.848000000000000000e+04
1.785000000000000000e+04
1.817000000000000000e+04
2.013000000000000000e+04
1.531000000000000000e+04
1.237000000000000000e+04
1.975000000000000000e+04
1.273000000000000000e+04
2.089000000000000000e+04
1.731000000000000000e+04
1.466000000000000000e+04
2.013000000000000000e+04
2.033000000000000000e+04
1.749000000000000000e+04
1.336000000000000000e+04
2.668000000000000000e+04
1.805000000000000000e+04
1.775000000000000000e+04
1.982000000000000000e+04
2.142000000000000000e+04
1.416000000000000000e+04
1.810000000000000000e+04
1.675000000000000000e+04
1.433000000000000000e+04
2.106000000000000000e+04
2.346000000000000000e+04
1.607000000000000000e+04
2.153000000000000000e+04
1.532000000000000000e+04
1.802000000000000000e+04
1.513000000000000000e+04
1.458000000000000000e+04
2.363000000000000000e+04
1.495000000000000000e+04
2.132000000000000000e+04
2.020000000000000000e+04
1.468000000000000000e+04
1.634000000000000000e+04
1.420000000000000000e+04
1.556000000000000000e+04
1.288000000000000000e+04
1.451000000000000000e+04
1.279000000000000000e+04
1.258000000000000000e+04
2.864000000000000000e+04
2.388000000000000000e+04
1.403000000000000000e+04
2.289000000000000000e+04
1.488000000000000000e+04
1.088000000000000000e+04
1.511000000000000000e+04
1.303000000000000000e+04
1.502000000000000000e+04
1.513000000000000000e+04
2.080000000000000000e+04
2.383000000000000000e+04
1.591000000000000000e+04
1.224000000000000000e+04
1.099000000000000000e+04
1.287000000000000000e+04
2.984000000000000000e+04
1.729000000000000000e+04
1.057000000000000000e+04
1.057000000000000000e+04
1.240000000000000000e+04
1.326000000000000000e+04
2.074000000000000000e+04
1.587000000000000000e+04
2.109000000000000000e+04
1.289000000000000000e+04
1.774000000000000000e+04
2.637000000000000000e+04
1.437000000000000000e+04
1.548000000000000000e+04
1.716000000000000000e+04
1.510000000000000000e+04
2.009000000000000000e+04
1.980000000000000000e+04
1.541000000000000000e+04
1.306000000000000000e+04
1.575000000000000000e+04
1.444000000000000000e+04
1.332000000000000000e+04
1.786000000000000000e+04
2.008000000000000000e+04
1.064000000000000000e+04
1.649000000000000000e+04
1.420000000000000000e+04
2.128000000000000000e+04
2.751000000000000000e+04
1.778000000000000000e+04
2.074000000000000000e+04
2.166000000000000000e+04
2.064000000000000000e+04
1.515000000000000000e+04
1.481000000000000000e+04
2.347000000000000000e+04
1.713000000000000000e+04
1.291000000000000000e+04
1.548000000000000000e+04
1.490000000000000000e+04
1.556000000000000000e+04
2.621000000000000000e+04
1.101000000000000000e+04
1.802000000000000000e+04
1.741000000000000000e+04
1.804000000000000000e+04
2.174000000000000000e+04
1.785000000000000000e+04
1.529000000000000000e+04
1.985000000000000000e+04
1.498000000000000000e+04
1.483000000000000000e+04
1.252000000000000000e+04
1.251000000000000000e+04
1.438000000000000000e+04
1.602000000000000000e+04
1.071000000000000000e+04
1.596000000000000000e+04
1.530000000000000000e+04
1.654000000000000000e+04
1.588000000000000000e+04
1.443000000000000000e+04
1.440000000000000000e+04
1.898000000000000000e+04
1.459000000000000000e+04
1.849000000000000000e+04
1.656000000000000000e+04
2.100000000000000000e+04
2.107000000000000000e+04
1.400000000000000000e+04
1.485000000000000000e+04
1.686000000000000000e+04
1.515000000000000000e+04
1.277000000000000000e+04
2.017000000000000000e+04
1.562000000000000000e+04
2.577000000000000000e+04
1.942000000000000000e+04
2.001000000000000000e+04
1.105000000000000000e+04
1.730000000000000000e+04
1.493000000000000000e+04
2.038000000000000000e+04
1.711000000000000000e+04
1.243000000000000000e+04
1.689000000000000000e+04
1.778000000000000000e+04
1.745000000000000000e+04
2.037000000000000000e+04
1.457000000000000000e+04
2.469000000000000000e+04
1.794000000000000000e+04
1.750000000000000000e+04
1.841000000000000000e+04
1.752000000000000000e+04
1.749000000000000000e+04
1.833000000000000000e+04
1.549000000000000000e+04
1.474000000000000000e+04
1.465000000000000000e+04
1.165000000000000000e+04
2.449000000000000000e+04
1.238000000000000000e+04
1.842000000000000000e+04
1.547000000000000000e+04
1.543000000000000000e+04
1.959000000000000000e+04
1.771000000000000000e+04
2.068000000000000000e+04
1.542000000000000000e+04
2.003000000000000000e+04
2.067000000000000000e+04
1.979000000000000000e+04
1.813000000000000000e+04
2.747000000000000000e+04
2.158000000000000000e+04
1.487000000000000000e+04
1.771000000000000000e+04
2.122000000000000000e+04
2.086000000000000000e+04
1.453000000000000000e+04
1.736000000000000000e+04
2.354000000000000000e+04
1.808000000000000000e+04
1.273000000000000000e+04
1.298000000000000000e+04
1.595000000000000000e+04
1.561000000000000000e+04
2.052000000000000000e+04
1.532000000000000000e+04
2.042000000000000000e+04
1.503000000000000000e+04
1.897000000000000000e+04
1.519000000000000000e+04
2.020000000000000000e+04
1.970000000000000000e+04
2.152000000000000000e+04
1.291000000000000000e+04
2.031000000000000000e+04
1.602000000000000000e+04
1.558000000000000000e+04
1.460000000000000000e+04
1.400000000000000000e+04
1.437000000000000000e+04
1.756000000000000000e+04
2.961000000000000000e+04
1.242000000000000000e+04
1.088000000000000000e+04
1.506000000000000000e+04
2.031000000000000000e+04
1.321000000000000000e+04
2.003000000000000000e+04
1.739000000000000000e+04
2.080000000000000000e+04
2.042000000000000000e+04
1.775000000000000000e+04
2.109000000000000000e+04
2.799000000000000000e+04
1.477000000000000000e+04
1.646000000000000000e+04
1.815000000000000000e+04
1.546000000000000000e+04
1.492000000000000000e+04
1.775000000000000000e+04
2.003000000000000000e+04
1.431000000000000000e+04
1.155000000000000000e+04
1.289000000000000000e+04
2.461000000000000000e+04
1.793000000000000000e+04
1.723000000000000000e+04
1.523000000000000000e+04
1.420000000000000000e+04
1.432000000000000000e+04
1.504000000000000000e+04
1.259000000000000000e+04
1.264000000000000000e+04
1.860000000000000000e+04
1.276000000000000000e+04
1.512000000000000000e+04
1.234000000000000000e+04
1.313000000000000000e+04
1.476000000000000000e+04
2.025000000000000000e+04
2.338000000000000000e+04
1.372000000000000000e+04
2.030000000000000000e+04
2.548000000000000000e+04
1.794000000000000000e+04
1.834000000000000000e+04
2.144000000000000000e+04
1.754000000000000000e+04
2.995000000000000000e+04
1.498000000000000000e+04
1.284000000000000000e+04
1.735000000000000000e+04
1.407000000000000000e+04
1.341000000000000000e+04
2.176000000000000000e+04
1.986000000000000000e+04
1.738000000000000000e+04
2.505000000000000000e+04
1.530000000000000000e+04
1.422000000000000000e+04
1.782000000000000000e+04
1.117000000000000000e+04
2.068000000000000000e+04
1.486000000000000000e+04
1.309000000000000000e+04
1.715000000000000000e+04
1.293000000000000000e+04
1.811000000000000000e+04
1.720000000000000000e+04
1.260000000000000000e+04
1.126000000000000000e+04
1.267000000000000000e+04
1.452000000000000000e+04
1.680000000000000000e+04
3.551000000000000000e+04
2.030000000000000000e+04
2.722000000000000000e+04
1.798000000000000000e+04
1.689000000000000000e+04
1.624000000000000000e+04
2.139000000000000000e+04
1.449000000000000000e+04
1.563000000000000000e+04
1.796000000000000000e+04
1.492000000000000000e+04
1.256000000000000000e+04
1.653000000000000000e+04
2.025000000000000000e+04
1.855000000000000000e+04
2.094000000000000000e+04
1.772000000000000000e+04
1.235000000000000000e+04
1.573000000000000000e+04
1.444000000000000000e+04
1.455000000000000000e+04
1.851000000000000000e+04
2.117000000000000000e+04
1.481000000000000000e+04
1.456000000000000000e+04
1.655000000000000000e+04
8.830000000000000000e+03
1.275000000000000000e+04
1.773000000000000000e+04
1.480000000000000000e+04
1.234000000000000000e+04
1.536000000000000000e+04
2.093000000000000000e+04
1.577000000000000000e+04
1.262000000000000000e+04
1.421000000000000000e+04
1.717000000000000000e+04
1.779000000000000000e+04
2.603000000000000000e+04
1.906000000000000000e+04
1.240000000000000000e+04
1.265000000000000000e+04
1.732000000000000000e+04
2.343000000000000000e+04
1.457000000000000000e+04
1.067000000000000000e+04
1.079000000000000000e+04
1.297000000000000000e+04
1.748000000000000000e+04
1.523000000000000000e+04
1.471000000000000000e+04
1.707000000000000000e+04
1.662000000000000000e+04
1.622000000000000000e+04
1.137000000000000000e+04
1.564000000000000000e+04
1.389000000000000000e+04
2.285000000000000000e+04
1.724000000000000000e+04
1.314000000000000000e+04
1.774000000000000000e+04
1.726000000000000000e+04
2.041000000000000000e+04
3.493000000000000000e+04
1.287000000000000000e+04
1.983000000000000000e+04
1.546000000000000000e+04
1.954000000000000000e+04
1.708000000000000000e+04
1.720000000000000000e+04
1.564000000000000000e+04
1.499000000000000000e+04
1.811000000000000000e+04
2.671000000000000000e+04
1.748000000000000000e+04
1.523000000000000000e+04
1.216000000000000000e+04
1.064000000000000000e+04
1.306000000000000000e+04
1.873000000000000000e+04
1.295000000000000000e+04
2.769000000000000000e+04
1.769000000000000000e+04
1.093000000000000000e+04
1.339000000000000000e+04
1.469000000000000000e+04
2.999000000000000000e+04
2.038000000000000000e+04
1.789000000000000000e+04
1.574000000000000000e+04
1.975000000000000000e+04
1.437000000000000000e+04
1.736000000000000000e+04
2.049000000000000000e+04
2.051000000000000000e+04
1.710000000000000000e+04
2.106000000000000000e+04
3.005000000000000000e+04
2.162000000000000000e+04
1.717000000000000000e+04
1.236000000000000000e+04
1.483000000000000000e+04
1.281000000000000000e+04
1.501000000000000000e+04
1.097000000000000000e+04
1.621000000000000000e+04
1.578000000000000000e+04
1.247000000000000000e+04
1.793000000000000000e+04
2.349000000000000000e+04
1.291000000000000000e+04
1.998000000000000000e+04
1.750000000000000000e+04
2.260000000000000000e+04
2.371000000000000000e+04
2.025000000000000000e+04
1.289000000000000000e+04
2.069000000000000000e+04
1.778000000000000000e+04
2.326000000000000000e+04
1.870000000000000000e+04
1.752000000000000000e+04
1.230000000000000000e+04
1.262000000000000000e+04
1.917000000000000000e+04
1.697000000000000000e+04
1.454000000000000000e+04
1.502000000000000000e+04
1.815000000000000000e+04
1.301000000000000000e+04
1.365000000000000000e+04
1.442000000000000000e+04
1.722000000000000000e+04
1.727000000000000000e+04
1.785000000000000000e+04
2.123000000000000000e+04
1.515000000000000000e+04
2.374000000000000000e+04
1.786000000000000000e+04
1.956000000000000000e+04
1.741000000000000000e+04
1.462000000000000000e+04
2.894000000000000000e+04
2.341000000000000000e+04
1.280000000000000000e+04
2.046000000000000000e+04
1.290000000000000000e+04
1.570000000000000000e+04
2.387000000000000000e+04
1.382000000000000000e+04
1.929000000000000000e+04
1.517000000000000000e+04
1.772000000000000000e+04
1.229000000000000000e+04
1.478000000000000000e+04
1.414000000000000000e+04
1.061000000000000000e+04
1.437000000000000000e+04
1.497000000000000000e+04
2.034000000000000000e+04
1.301000000000000000e+04
1.561000000000000000e+04
1.314000000000000000e+04
1.261000000000000000e+04
2.035000000000000000e+04
1.598000000000000000e+04
1.954000000000000000e+04
1.586000000000000000e+04
1.261000000000000000e+04
1.654000000000000000e+04
1.485000000000000000e+04
1.541000000000000000e+04
1.574000000000000000e+04
1.503000000000000000e+04
2.096000000000000000e+04
1.742000000000000000e+04
1.534000000000000000e+04
1.817000000000000000e+04
1.675000000000000000e+04
1.402000000000000000e+04
1.271000000000000000e+04
1.092000000000000000e+04
1.609000000000000000e+04
1.752000000000000000e+04
1.681000000000000000e+04
1.569000000000000000e+04
1.255000000000000000e+04
2.185000000000000000e+04
2.312000000000000000e+04
2.064000000000000000e+04
1.450000000000000000e+04
1.288000000000000000e+04
1.723000000000000000e+04
1.770000000000000000e+04
2.093000000000000000e+04
2.101000000000000000e+04
1.984000000000000000e+04
1.251000000000000000e+04
1.236000000000000000e+04
1.300000000000000000e+04
1.997000000000000000e+04
1.749000000000000000e+04
2.064000000000000000e+04
1.602000000000000000e+04
2.386000000000000000e+04
1.457000000000000000e+04
2.271000000000000000e+04
1.711000000000000000e+04
1.581000000000000000e+04
2.292000000000000000e+04
1.596000000000000000e+04
1.536000000000000000e+04
1.824000000000000000e+04
1.799000000000000000e+04
1.479000000000000000e+04
1.558000000000000000e+04
1.453000000000000000e+04
1.998000000000000000e+04
2.209000000000000000e+04
1.783000000000000000e+04
1.522000000000000000e+04
1.791000000000000000e+04
1.444000000000000000e+04
1.317000000000000000e+04
1.284000000000000000e+04
1.786000000000000000e+04
1.449000000000000000e+04
1.815000000000000000e+04
1.298000000000000000e+04
1.489000000000000000e+04
1.533000000000000000e+04
2.011000000000000000e+04
2.165000000000000000e+04
1.440000000000000000e+04
1.727000000000000000e+04
2.014000000000000000e+04
1.153000000000000000e+04
2.106000000000000000e+04
1.973000000000000000e+04
1.549000000000000000e+04
2.109000000000000000e+04
1.346000000000000000e+04
2.381000000000000000e+04
2.793000000000000000e+04
1.850000000000000000e+04
1.301000000000000000e+04
1.726000000000000000e+04
1.107000000000000000e+04
2.255000000000000000e+04
2.093000000000000000e+04
1.441000000000000000e+04
1.526000000000000000e+04
3.063000000000000000e+04
1.776000000000000000e+04
1.241000000000000000e+04
1.238000000000000000e+04
1.273000000000000000e+04
1.261000000000000000e+04
1.407000000000000000e+04
1.975000000000000000e+04
1.618000000000000000e+04
2.373000000000000000e+04
1.406000000000000000e+04
1.676000000000000000e+04
1.131000000000000000e+04
1.715000000000000000e+04
2.364000000000000000e+04
1.700000000000000000e+04
2.620000000000000000e+04
2.387000000000000000e+04
2.093000000000000000e+04
1.702000000000000000e+04
1.421000000000000000e+04
2.375000000000000000e+04
1.290000000000000000e+04
1.481000000000000000e+04
1.629000000000000000e+04
1.481000000000000000e+04
1.591000000000000000e+04
1.722000000000000000e+04
1.719000000000000000e+04
1.431000000000000000e+04
1.596000000000000000e+04
1.300000000000000000e+04
1.563000000000000000e+04
1.750000000000000000e+04
1.633000000000000000e+04
1.504000000000000000e+04
1.591000000000000000e+04
1.541000000000000000e+04
1.273000000000000000e+04
1.658000000000000000e+04
1.283000000000000000e+04
1.682000000000000000e+04
1.779000000000000000e+04
1.473000000000000000e+04
2.185000000000000000e+04
1.473000000000000000e+04
2.447000000000000000e+04
2.307000000000000000e+04
1.740000000000000000e+04
1.605000000000000000e+04
1.734000000000000000e+04
2.051000000000000000e+04
1.318000000000000000e+04
1.303000000000000000e+04
1.544000000000000000e+04
1.733000000000000000e+04
1.453000000000000000e+04
1.125000000000000000e+04
1.954000000000000000e+04
1.501000000000000000e+04
1.456000000000000000e+04
1.286000000000000000e+04
1.276000000000000000e+04
2.017000000000000000e+04
1.524000000000000000e+04
1.423000000000000000e+04
1.280000000000000000e+04
1.575000000000000000e+04
1.273000000000000000e+04
1.095000000000000000e+04
2.645000000000000000e+04
1.840000000000000000e+04
2.426000000000000000e+04
1.765000000000000000e+04
1.890000000000000000e+04
1.537000000000000000e+04
2.349000000000000000e+04
2.093000000000000000e+04
2.788000000000000000e+04
1.277000000000000000e+04
1.481000000000000000e+04
1.686000000000000000e+04
1.456000000000000000e+04
1.445000000000000000e+04
2.341000000000000000e+04
1.763000000000000000e+04
1.254000000000000000e+04
1.494000000000000000e+04
1.243000000000000000e+04
1.259000000000000000e+04
1.242000000000000000e+04
2.055000000000000000e+04
1.865000000000000000e+04
2.022000000000000000e+04
1.860000000000000000e+04
2.011000000000000000e+04
1.317000000000000000e+04
1.720000000000000000e+04
1.302000000000000000e+04
1.497000000000000000e+04
1.314000000000000000e+04
2.325000000000000000e+04
1.772000000000000000e+04
1.290000000000000000e+04
1.467000000000000000e+04
1.525000000000000000e+04
1.425000000000000000e+04
1.635000000000000000e+04
1.771000000000000000e+04
1.539000000000000000e+04
1.446000000000000000e+04
1.781000000000000000e+04
1.738000000000000000e+04
1.774000000000000000e+04
1.928000000000000000e+04
1.737000000000000000e+04
1.147000000000000000e+04
1.728000000000000000e+04
1.677000000000000000e+04
1.817000000000000000e+04
1.456000000000000000e+04
1.464000000000000000e+04
1.737000000000000000e+04
2.281000000000000000e+04
1.479000000000000000e+04
1.557000000000000000e+04
1.730000000000000000e+04
1.541000000000000000e+04
1.867000000000000000e+04
1.472000000000000000e+04
1.540000000000000000e+04
1.740000000000000000e+04
1.529000000000000000e+04
1.486000000000000000e+04
1.704000000000000000e+04
2.318000000000000000e+04
1.258000000000000000e+04
1.775000000000000000e+04
1.581000000000000000e+04
2.315000000000000000e+04
1.834000000000000000e+04
1.907000000000000000e+04
1.677000000000000000e+04
1.510000000000000000e+04
2.647000000000000000e+04
1.268000000000000000e+04
1.277000000000000000e+04
1.595000000000000000e+04
1.818000000000000000e+04
2.332000000000000000e+04
1.297000000000000000e+04
1.893000000000000000e+04
2.032000000000000000e+04
1.592000000000000000e+04
1.228000000000000000e+04
1.539000000000000000e+04
1.547000000000000000e+04
1.731000000000000000e+04
1.696000000000000000e+04
