58.221
59.538
67.377
69.797
69.487
71.308
59.553
60.331
59.242
80.901
59.784
70.854
69.504
68.224
91.416
68.931
70.020
70.367
69.023
70.936
70.877
69.054
60.235
58.724
68.454
58.234
59.467
70.359
76.722
80.286
59.598
69.594
69.379
68.601
69.790
70.324
59.451
71.312
59.660
60.442
71.848
69.836
71.094
69.164
69.859
70.463
69.479
71.105
58.552
72.838
68.639
71.381
68.319
59.913
82.013
72.180
69.515
71.100
71.880
68.568
81.678
67.229
70.369
68.082
69.802
90.719
69.974
69.165
59.976
81.678
59.322
59.388
67.818
69.439
69.431
69.410
70.446
59.794
68.696
71.373
69.048
70.457
68.910
71.325
68.753
60.098
68.749
68.485
57.865
58.041
70.875
70.651
68.886
69.598
68.459
57.642
67.875
68.395
59.491
69.835
70.737
68.843
58.629
59.287
81.362
59.534
69.463
72.923
72.533
69.965
70.286
71.567
71.154
69.526
71.768
70.918
60.564
78.844
68.776
78.867
69.723
69.457
69.318
70.421
79.928
81.338
69.998
70.453
60.075
58.976
79.905
70.602
79.165
81.535
60.609
79.299
69.375
68.393
69.084
70.172
72.764
71.585
71.114
68.630
71.287
70.895
71.930
70.770
69.308
71.425
71.004
69.805
58.717
59.163
68.660
69.849
70.802
69.442
68.521
69.081
69.954
71.679
59.373
70.963
67.818
59.739
60.934
69.890
79.481
68.810
68.658
82.512
69.895
82.214
59.283
60.800
58.469
71.863
67.912
70.458
69.403
69.763
70.623
70.278
81.183
69.660
69.618
69.781
79.484
69.372
69.279
71.650
70.878
57.544
70.065
69.591
60.581
61.738
69.193
60.732
72.263
69.608
57.640
67.172
60.160
58.766
70.303
59.274
70.489
70.221
82.084
70.638
71.161
69.440
67.672
58.876
68.923
68.590
68.959
70.876
71.301
68.792
70.342
59.617
70.219
87.398
69.619
69.845
68.549
81.952
70.916
70.647
58.633
81.309
71.551
71.273
71.046
60.619
59.078
60.981
67.444
70.466
70.138
60.411
79.070
61.857
67.715
80.253
59.510
71.054
70.508
70.973
70.837
70.483
57.789
71.278
60.445
58.176
59.317
68.457
58.862
69.449
69.179
71.624
70.060
69.040
70.633
60.497
67.626
60.649
71.290
71.677
69.625
69.256
58.531
71.549
59.231
71.836
80.649
70.462
69.673
59.689
68.770
69.148
70.364
70.249
58.249
79.429
60.204
68.869
69.770
68.836
61.088
59.286
70.305
81.114
71.557
67.476
71.656
72.865
69.231
67.326
58.935
70.597
72.417
80.899
67.877
71.805
61.349
68.581
70.398
59.819
59.537
70.218
71.099
69.144
59.393
66.889
60.141
70.583
61.075
59.538
69.258
70.679
69.434
71.423
80.459
70.144
70.197
69.184
70.551
70.776
71.012
78.388
68.896
60.038
90.935
70.410
59.456
59.877
60.227
60.703
69.120
69.924
71.945
69.536
69.949
58.454
59.428
71.159
70.101
70.235
80.382
68.635
69.529
70.850
67.358
71.561
71.270
68.353
60.331
70.878
69.790
69.803
59.348
71.875
59.961
70.462
71.109
68.740
81.369
58.269
59.442
70.065
80.044
71.387
69.021
70.328
68.735
69.224
69.041
71.995
68.465
79.085
68.579
67.194
59.604
80.215
68.316
81.928
71.767
70.450
69.060
79.787
70.772
70.343
69.473
61.467
59.683
70.272
59.781
68.327
71.702
59.156
81.888
68.708
60.569
60.128
72.633
80.934
71.417
70.639
69.604
70.322
69.656
59.396
59.577
69.257
71.974
68.991
59.354
71.162
60.480
70.432
72.036
68.678
70.201
59.245
70.100
70.785
72.342
59.266
71.045
70.468
70.131
72.251
71.282
70.287
71.724
71.345
69.840
70.442
83.625
70.987
70.539
68.624
71.796
70.543
71.068
71.628
71.191
79.926
58.296
70.198
69.075
71.177
59.042
68.969
69.645
71.210
71.336
61.023
68.754
71.259
71.918
79.735
69.835
70.261
72.057
58.937
70.273
72.612
71.609
80.746
59.973
59.450
80.811
70.669
71.371
70.053
67.759
59.750
67.636
68.785
58.249
69.174
69.135
60.169
68.846
59.899
68.089
71.875
79.532
70.469
58.908
69.866
69.725
68.564
60.989
70.198
69.792
68.472
68.549
60.987
69.410
70.745
71.361
57.858
61.262
70.029
82.214
71.694
69.940
68.695
60.138
70.086
69.649
61.845
71.578
69.179
60.507
69.980
58.721
73.801
71.473
58.884
82.385
71.116
59.517
59.180
69.053
58.896
69.802
69.464
72.099
71.532
71.241
69.650
70.564
58.738
58.085
80.235
69.515
67.354
68.944
68.723
60.336
69.880
71.247
71.275
60.101
79.753
71.407
59.126
70.865
82.920
68.933
70.106
72.531
61.405
68.449
71.595
82.417
81.863
70.454
60.363
80.201
59.879
68.709
70.269
70.038
59.767
70.195
72.346
69.913
70.423
59.952
69.976
69.723
68.369
69.556
60.195
60.364
69.136
71.477
69.902
69.237
60.387
70.537
72.765
61.234
70.698
61.169
68.550
59.932
71.027
58.330
58.612
68.790
67.936
80.162
60.124
70.583
72.843
70.949
71.051
69.585
70.817
68.135
80.829
71.528
68.522
70.167
70.490
80.001
73.275
70.185
68.503
69.014
69.485
69.990
71.900
61.097
71.409
70.925
69.575
59.821
71.621
71.415
60.012
60.871
68.090
60.299
70.502
69.770
70.377
70.992
72.164
71.487
68.698
60.197
69.357
71.902
71.394
92.430
69.754
69.538
72.691
59.187
68.747
61.273
69.851
70.740
70.422
71.229
71.399
69.768
72.546
69.657
61.462
70.934
60.859
69.070
69.952
59.686
71.710
70.496
60.510
70.890
68.448
68.755
69.968
80.194
71.047
70.289
69.528
69.946
68.079
72.305
77.552
69.699
70.755
58.995
71.153
71.463
59.207
70.188
70.943
69.792
70.601
58.491
70.609
69.281
79.919
69.875
58.634
69.967
68.545
71.579
81.917
58.471
70.421
68.419
68.067
69.512
69.913
68.417
69.512
70.739
70.525
80.704
59.483
69.773
69.484
59.507
70.080
60.390
58.996
58.914
70.059
68.892
58.664
60.550
70.091
80.286
70.966
71.357
80.728
71.579
58.151
80.538
71.495
69.461
71.577
69.722
70.567
59.829
61.653
61.452
69.674
69.636
70.446
70.293
72.236
71.194
71.653
71.609
79.126
71.577
69.616
71.700
69.907
71.538
70.980
59.940
60.053
70.790
70.599
68.567
73.030
70.648
70.951
71.092
81.143
71.343
68.239
69.350
58.512
70.092
69.329
60.047
70.314
69.730
60.246
71.445
70.629
70.176
70.204
70.514
72.897
68.813
68.998
60.034
68.886
70.548
70.480
69.145
78.402
72.681
71.456
79.194
70.751
80.480
71.078
70.339
71.737
59.926
60.303
71.636
71.714
81.930
57.926
69.854
69.166
81.146
90.880
71.866
69.293
80.963
58.870
70.135
71.473
70.129
70.720
82.521
69.723
80.928
79.786
68.978
70.760
69.502
60.288
71.059
69.203
58.453
71.007
80.596
70.397
79.320
69.783
70.390
72.156
70.473
70.589
70.963
69.590
70.706
60.708
78.309
80.065
58.959
61.554
59.391
59.369
70.055
62.663
70.463
71.590
68.765
60.114
69.923
81.010
71.018
60.238
59.972
72.400
60.662
71.559
60.121
67.298
70.009
59.357
61.299
60.198
60.869
59.733
69.183
72.027
70.886
80.281
70.466
59.949
67.517
70.216
70.523
71.420
59.453
72.115
68.180
69.935
70.230
72.228
68.869
71.705
60.977
67.500
71.370
69.754
70.104
91.705
59.119
68.908
59.967
59.086
71.371
70.838
70.518
60.687
71.183
70.429
69.778
71.931
60.275
61.125
68.507
68.318
73.184
58.859
70.105
60.363
59.738
70.274
71.513
59.548
70.180
68.545
60.227
68.979
61.201
69.755
60.617
79.067
60.462
58.519
69.124
70.907
82.954
69.241
61.837
61.380
58.527
82.447
69.274
70.459
70.403
70.942
69.158
72.644
61.051
71.101
60.983
59.540
60.200
70.618
70.715
71.497
69.944
69.967
72.020
79.783
72.233
79.794
60.270
72.911
59.853
71.161
61.282
59.329
70.388
71.054
69.732
72.123
60.442
71.001
60.890
70.278
60.122
71.266
59.788
67.275
58.976
59.726
73.143
80.329
80.865
69.850
59.644
69.815
61.360
70.995
71.083
69.383
59.876
69.540
70.101
72.034
69.970
72.783
59.162
71.856
71.052
71.894
69.568
60.588
60.463
69.994
70.036
71.264
59.622
69.978
