13.413716838716844
13.541977466977473
15.910714285714281
14.597222222222221
13.244444444444442
16.995238095238093
20.095634920634915
18.19007936507936
21.473809523809518
13.632539682539681
15.257539682539676
18.468650793650788
16.16706349206349
18.371825396825393
18.999603174603173
14.9329365079365
20.938888888888883
13.683741258741255
12.723074148074147
16.49523809523809
16.20238095238095
16.199206349206346
18.942460317460306
20.449206349206342
11.149494949494947
18.843650793650784
16.59126984126984
19.179761904761897
19.446825396825385
21.561904761904753
17.5079365079365
17.809523809523803
17.343253968253958
14.452380952380949
12.46060606060606
12.939860139860142
10.680303030303037
11.748088023088021
14.639285714285712
17.945634920634912
20.538888888888884
14.605158730158728
20.33412698412698
14.634523809523799
12.441017316017321
14.134484959484965
17.178571428571416
16.392857142857135
18.25912698412698
22.28412698412697
19.98730158730158
15.291269841269836
11.308730158730157
11.43888888888889
14.14880952380952
12.493589743589748
14.27453102453102
11.745609945609951
13.954365079365076
16.898051948051947
13.244949494949507
18.73968253968253
18.967063492063488
13.506371406371406
13.684920634920628
22.673412698412687
20.66547619047618
18.731349206349208
17.484523809523804
14.390331890331893
15.922222222222217
12.139801864801859
11.936363636363646
18.228174603174597
19.338095238095235
19.546428571428567
13.72023809523809
14.985317460317457
13.381746031746031
12.950285825285828
13.868384393384396
13.093961593961598
16.53650793650793
19.162698412698404
19.145238095238092
20.485714285714277
13.922222222222217
18.917460317460307
18.457539682539675
18.55674603174603
19.249999999999996
19.30079365079364
15.409920634920633
18.74920634920635
21.092857142857138
11.50559163059163
13.56349206349206
14.810220335220347
13.880419580419582
12.270959595959603
12.277078477078481
14.175588300588307
14.694444444444441
15.126984126984125
14.088888888888887
13.226984126984123
16.726190476190474
13.404545454545456
14.147399822399821
16.7515873015873
21.29722222222222
15.713888888888881
14.35833333333333
22.198412698412692
11.259595959595963
11.824325674325678
14.930952380952375
17.510317460317452
22.00992063492063
18.073412698412692
16.303571428571427
13.441558441558442
13.188539238539244
11.341280941280939
11.08730158730159
13.913286713286722
18.606746031746027
11.513672438672442
14.031746031746026
16.34126984126984
14.909523809523805
16.965476190476185
19.1015873015873
16.41309523809523
19.989682539682534
18.642857142857135
23.152777777777768
17.902380952380945
12.480411255411251
20.728968253968247
21.22420634920635
19.817460317460313
17.448412698412696
13.123387723387719
14.185714285714283
18.70119047619047
11.010461760461755
19.704761904761902
20.83095238095238
17.551587301587293
16.307936507936503
13.074578199578198
12.939790764790759
15.02929292929294
13.869755244755254
13.86706349206349
14.917460317460316
12.857128982128987
12.238095238095234
16.711904761904755
22.061904761904756
18.569841269841266
12.711327561327563
12.358741258741265
19.782936507936498
11.094155844155845
14.70912698412698
14.575
17.479761904761897
15.81031746031746
11.732178932178934
12.073568098568103
17.03968253968253
15.953571428571422
14.767857142857144
12.719047619047615
10.617352092352089
14.998015873015866
13.36111111111111
22.025396825396818
18.404365079365075
19.414285714285707
12.245382395382393
15.346031746031741
14.51984126984127
19.415873015873007
18.14166666666666
17.938095238095237
14.795959595959593
14.560209235209234
12.95935453435454
13.297280497280497
12.705866355866357
18.906746031746017
18.688095238095233
12.257009657009657
16.986507936507937
16.692460317460313
18.36388888888888
19.12579365079364
18.848809523809518
15.005555555555553
18.13055555555555
17.53293650793651
12.123160173160176
12.77694805194806
13.628968253968251
15.642460317460316
22.398015873015865
14.343253968253965
14.920634920634917
13.755952380952381
13.736111111111107
13.68157675657676
15.243722943722945
16.201984126984122
18.12460317460317
19.569444444444436
21.621031746031743
14.797222222222222
13.921031746031735
13.920634920634917
20.178571428571427
19.55714285714285
13.029761904761903
17.21507936507936
11.9314935064935
14.515811965811972
15.334126984126984
16.470238095238088
20.263095238095225
13.586111111111105
13.977428127428132
13.009920634920633
15.925180375180375
13.552380952380949
16.808333333333326
18.24603174603174
14.046392496392498
20.408333333333324
20.15277777777777
17.86706349206349
19.473809523809518
19.36309523809523
17.514285714285705
18.778174603174588
19.505952380952376
21.731349206349204
14.234163059163054
12.993650793650792
18.86507936507936
20.77936507936507
17.959523809523805
17.630952380952372
18.406746031746028
18.905158730158725
13.268253968253964
12.354545454545455
13.544599844599848
18.86785714285714
18.22380952380952
14.878968253968248
18.026984126984118
18.321428571428566
16.217063492063488
20.134126984126976
15.015873015873014
18.54603174603174
18.949603174603165
14.38253968253968
12.364069264069267
12.212878787878797
14.077389277389281
13.890306915306917
19.049206349206344
17.760714285714286
13.21370851370851
12.246969696969705
12.313383838383844
15.896825396825395
11.764152514152515
13.378535353535357
14.204365079365079
15.577777777777772
20.324206349206342
13.846428571428564
18.789682539682538
20.43571428571428
21.491666666666664
13.440476190476184
12.996078921078922
18.186507936507933
18.896428571428565
18.182142857142853
18.021031746031742
18.25119047619047
20.004365079365066
18.283730158730155
13.898015873015867
14.771825396825397
13.337301587301587
15.689285714285708
12.905591630591635
13.883730158730156
14.126984126984125
11.485606060606068
13.795634920634917
14.388888888888888
19.885714285714286
18.407539682539674
22.512698412698402
13.998015873015868
19.743253968253963
17.1063492063492
18.938095238095226
18.499206349206343
14.426190476190474
10.636111111111122
11.105988455988454
20.265079365079355
18.374603174603173
21.39880952380952
18.126984126984127
18.678174603174597
14.05753968253968
14.031746031746032
12.957431457431458
18.597222222222214
22.009920634920622
20.866269841269844
13.351623376623373
13.136013986013987
14.283333333333331
11.934149184149186
13.856024531024532
19.244047619047613
20.20753968253967
14.69880952380952
13.224206349206348
13.998015873015872
14.079365079365079
12.646439671439675
18.643253968253962
12.773412698412693
19.14285714285714
17.850396825396814
19.24047619047618
15.066269841269838
14.58304473304474
16.161904761904754
16.532539682539678
20.58333333333333
16.095634920634918
17.896428571428565
19.10357142857142
20.29642857142857
20.90714285714285
13.902777777777773
18.72936507936507
16.163347763347762
14.987301587301587
17.81071428571428
15.289682539682532
20.82896825396825
15.753174603174593
15.377777777777778
13.339285714285712
16.203968253968252
18.158333333333324
18.460317460317455
14.20339105339105
14.9563492063492
18.61468253968253
13.88888888888889
13.32657342657343
13.087312687312687
12.174603174603174
12.95674603174603
16.936904761904756
14.832936507936504
13.101190476190474
14.530555555555559
12.145573870573875
15.13701298701298
13.684271284271283
11.609343434343435
12.090331890331896
11.537373737373736
13.666666666666664
18.795238095238087
20.00079365079365
17.49007936507936
13.801190476190468
12.162626262626258
12.576695526695532
18.476984126984117
18.787301587301577
12.048268398268394
15.1281746031746
18.74285714285714
20.698809523809516
16.56547619047619
12.170490620490616
13.410317460317458
13.430483405483411
15.242063492063489
19.368253968253963
16.812301587301587
14.829365079365076
21.269841269841262
19.86944444444444
16.844047619047608
19.18492063492063
13.651948051948056
13.634559884559886
11.76056998556999
12.527128427128435
19.83373015873015
17.7531746031746
16.84166666666666
13.097619047619038
13.812132312132315
18.519444444444442
15.348412698412693
19.219047619047622
19.05912698412698
16.076587301587292
18.935317460317457
14.74642857142857
13.899206349206343
19.27539682539682
15.581746031746027
16.404761904761898
21.042460317460307
16.342857142857138
18.737301587301584
18.80198412698412
16.120634920634917
19.68412698412698
16.065476190476183
15.19722222222222
15.232936507936508
12.312143412143417
11.960137085137086
14.974206349206344
19.543253968253964
16.44007936507936
15.271428571428569
13.195970695970702
12.838888888888883
13.024686424686431
17.66944444444444
18.51785714285714
17.345238095238095
14.95515873015873
17.139285714285705
21.095238095238095
16.288492063492058
15.51150793650793
13.201190476190472
18.51507936507936
15.659523809523801
19.0015873015873
17.2797619047619
18.02579365079364
13.21630591630591
13.845238095238098
18.90873015873015
18.31071428571428
19.852777777777774
13.35569985569986
14.277380952380952
14.632142857142854
19.432142857142857
18.6579365079365
16.54523809523809
18.35833333333333
18.59365079365079
16.36706349206349
18.48809523809523
15.18253968253968
18.83333333333332
20.33650793650792
17.054365079365073
17.531746031746028
22.442460317460316
16.761507936507936
16.244841269841263
19.53809523809523
14.581313131313134
19.2563492063492
17.863492063492053
18.74404761904761
18.641269841269835
20.337301587301585
17.2063492063492
15.120238095238083
13.734920634920634
15.7063492063492
14.545670995670987
13.766206016206016
12.530808080808086
13.272630147630148
19.44087301587301
17.886904761904763
18.31468253968254
22.82182539682539
19.355555555555554
15.215873015873008
11.402561327561322
13.115909090909094
20.42738095238094
17.670238095238087
16.13690476190476
16.312301587301587
12.357972582972579
11.896825396825394
14.598448773448771
16.009920634920633
12.780555555555555
12.687626262626269
18.987698412698407
18.711507936507928
12.742063492063487
16.28928571428571
17.521825396825392
16.566269841269836
15.46626984126984
18.544047619047614
18.446428571428566
18.439285714285717
18.69563492063491
13.360761460761454
15.785317460317453
16.898015873015872
16.332539682539675
19.425793650793647
15.397222222222215
12.08257575757576
12.345454545454547
18.572619047619046
17.813888888888883
19.91230158730158
15.392460317460314
20.79880952380952
19.340476190476185
14.611111111111109
17.374999999999996
12.023135198135208
12.187878787878791
13.960317460317457
16.140873015873012
16.760317460317456
16.74444444444444
12.457936507936507
12.440404040404042
14.367857142857138
14.098088023088025
12.480555555555556
19.002380952380946
16.81230158730158
18.362698412698407
19.403174603174598
19.864285714285703
13.355866355866358
17.857142857142847
14.538095238095236
17.608333333333327
17.888095238095225
18.807142857142846
16.22023809523809
14.096969696969689
14.140873015873016
13.970238095238093
15.24404761904762
14.28928571428571
15.136904761904761
15.755952380952374
20.401587301587288
13.47380952380952
12.259704184704187
19.8063492063492
17.982142857142854
17.172222222222214
13.44433621933622
13.010220335220334
18.71706349206348
17.0234126984127
16.66587301587301
14.50923520923521
16.667460317460318
18.15119047619048
16.361111111111107
14.142171717171715
14.634920634920634
17.684126984126983
16.70793650793651
15.539682539682536
16.68928571428571
21.30436507936507
18.671031746031737
16.749206349206343
11.815079365079363
14.404761904761903
17.11309523809523
20.04087301587301
17.080952380952375
18.599603174603164
24.64325396825396
12.683369408369405
13.1599567099567
17.297619047619044
15.02023809523809
20.049603174603167
12.991136641136643
19.671031746031744
20.474603174603168
15.584920634920636
14.944047619047616
14.69642857142857
17.44246031746031
17.89642857142857
17.98015873015872
19.69841269841269
13.113131313131309
16.27619047619047
14.367063492063496
14.375
14.621031746031747
15.069444444444443
14.894444444444442
17.14523809523809
16.578968253968252
11.673160173160172
10.927020202020202
18.094047619047615
23.51547619047618
16.69087301587301
14.93888888888888
18.757539682539676
17.7
18.611904761904754
18.053174603174593
15.947619047619051
23.45039682539682
15.958730158730155
13.256457431457434
16.484523809523807
15.597222222222218
12.549206349206347
15.386507936507934
19.062301587301583
19.968253968253972
17.599999999999994
14.724206349206346
13.763214563214566
17.932539682539673
18.971031746031738
12.322907647907654
15.281746031746032
12.988095238095237
11.50674603174604
12.737334887334894
20.818253968253966
20.51666666666666
15.759523809523804
16.478571428571428
19.4329365079365
14.120093795093794
12.325974025974032
14.116666666666662
13.53409090909091
13.325793650793647
13.682539682539678
13.507936507936508
16.10079365079365
15.90555555555555
18.131746031746022
16.909920634920628
12.105819180819175
15.994047619047619
16.09246031746031
18.3361111111111
17.427777777777774
16.9845238095238
24.79206349206348
15.364285714285707
16.201587301587303
14.559523809523808
15.672619047619047
15.791666666666664
13.25357142857142
13.29365079365079
13.35721500721501
11.875263625263623
16.51547619047619
17.81428571428571
14.529761904761894
15.868253968253963
16.332936507936505
12.693939393939395
12.479473304473304
20.44365079365079
18.932142857142857
12.922222222222217
19.24365079365079
13.398015873015868
12.70523088023088
14.318253968253964
12.463095238095235
17.490079365079357
14.726587301587292
19.31944444444444
14.28392163392163
15.444444444444445
12.486399711399711
15.002777777777773
18.664285714285707
22.81746031746031
18.2563492063492
18.336904761904755
17.339285714285705
19.35039682539682
16.878174603174596
18.96587301587301
13.56349206349206
12.079473304473307
11.877525252525265
16.586507936507928
17.6547619047619
18.595238095238084
20.43015873015873
18.54563492063491
14.041666666666663
13.252777777777775
16.060317460317457
13.631168831168832
18.207936507936502
13.751587301587298
14.85515873015873
15.49801587301587
11.842435342435348
17.745634920634917
19.37182539682539
16.758730158730156
16.291269841269834
13.69092019092019
10.21237373737374
17.296428571428567
16.049999999999997
20.124999999999993
15.767460317460317
13.027308802308797
14.815476190476188
12.768722943722945
16.232539682539684
13.813131313131311
14.952380952380953
13.689466089466093
10.703679653679655
19.19920634920635
19.972619047619038
19.63769841269841
11.91619769119769
18.222619047619045
15.321428571428566
19.27738095238095
13.856240981240976
12.048099123099128
18.18928571428571
13.970238095238091
11.928751803751801
13.80753968253968
14.855952380952377
16.616269841269837
16.52380952380952
12.808333333333332
11.29989177489177
13.110425685425685
18.68928571428571
16.461904761904755
18.815476190476183
15.810714285714283
14.838492063492057
13.799603174603174
13.035714285714285
11.004906204906211
14.654761904761903
15.10912698412698
13.615079365079366
14.652777777777773
12.382142857142854
14.924999999999992
19.46904761904762
16.092857142857138
13.321428571428568
13.767063492063487
15.073412698412698
12.904184704184699
13.605555555555554
15.828968253968249
17.030952380952378
14.595238095238093
17.613095238095234
13.381673881673882
13.934523809523807
14.161482961482962
12.357367632367634
11.831060606060607
20.12936507936507
16.22182539682539
14.965079365079362
17.724603174603168
17.663492063492058
18.837301587301585
13.035606060606064
12.397222222222219
13.3241341991342
13.093073593073594
11.29935064935065
11.96179653679654
19.939285714285706
18.764682539682536
21.281349206349194
21.822222222222216
12.59458874458874
12.584235209235214
11.686266511266515
11.579004329004343
13.492590742590744
14.12301587301587
12.918578643578646
18.63571428571428
17.769047619047612
13.296681096681096
13.763791763791767
11.797150072150071
11.615306915306924
17.344047619047615
11.546681096681095
12.966053391053386
19.932142857142846
20.840873015873008
18.11944444444444
10.45026362526363
22.786507936507924
17.010317460317456
19.10714285714285
13.602380952380948
13.236940836940834
13.103174603174601
17.084126984126975
15.09880952380952
15.869841269841263
18.268253968253966
14.009126984126981
15.124603174603171
11.424422799422802
11.85852480852481
13.434018759018764
14.56944444444444
12.061507936507931
19.983730158730154
18.16507936507936
17.2515873015873
16.737698412698407
17.35873015873015
16.52579365079365
9.868867243867243
15.871114996115002
11.926623376623379
14.848015873015871
10.562842712842713
15.22222222222222
14.580952380952377
12.949206349206344
11.96727994227995
13.374758574758578
12.746980796980802
15.709920634920632
14.551587301587302
14.112698412698407
13.672655122655122
13.62420634920635
12.435786435786442
15.029761904761902
19.957539682539682
12.879256854256848
12.53387168387169
12.793326118326116
12.376825951825959
12.97222222222222
12.73156565656566
13.002777777777782
17.591269841269835
18.08333333333333
20.453571428571422
13.482142857142849
13.853968253968251
17.794841269841264
17.81666666666666
18.65277777777777
21.763095238095232
22.79841269841269
16.909126984126978
12.184523809523808
17.207539682539675
20.01825396825396
18.39761904761905
16.58571428571428
15.934523809523808
13.81269841269841
18.283333333333328
22.283333333333324
22.568650793650786
16.330952380952375
16.89880952380952
13.742063492063485
17.58095238095238
16.7547619047619
15.524206349206349
11.442279942279942
15.982936507936504
17.307142857142853
17.59047619047618
11.439754689754686
13.661111111111108
13.732142857142858
15.616666666666664
15.674603174603172
11.713095238095235
16.121428571428567
14.024999999999999
12.401010101010097
13.557864357864355
13.335711510711507
17.997222222222213
17.885317460317452
17.880158730158726
13.603246753246754
13.424242424242433
16.590873015873008
16.98809523809523
18.71309523809523
16.714285714285705
14.518650793650794
15.653571428571425
12.211002886002882
12.372943722943731
12.813600288600293
14.863888888888885
14.359126984126984
15.90833333333333
13.724206349206346
15.312698412698412
14.235606060606067
19.3547619047619
18.658333333333328
14.6361111111111
19.1142857142857
15.263095238095234
14.854761904761899
12.748340548340549
13.874603174603171
11.748398823398823
14.722222222222223
11.588095238095237
17.759920634920626
18.62222222222222
18.74523809523809
12.799603174603178
15.205555555555552
11.818131868131868
14.424206349206347
11.865079365079364
12.272077922077926
14.16439393939394
17.368253968253963
14.072222222222221
13.67222222222222
14.62821067821069
12.232478632478642
17.613095238095234
18.571825396825393
16.986904761904757
19.107539682539674
19.515476190476186
16.359126984126977
15.159920634920628
12.04965034965036
13.567460317460311
15.499999999999998
12.990079365079364
17.39960317460317
13.296428571428565
12.381024531024533
13.286580086580086
19.95595238095237
17.902777777777768
13.843253968253968
