884
772
956
891
905
831
799
770
880
900
765
792
920
907
995
932
889
839
933
816
820
913
751
824
967
881
834
840
1064
999
786
921
870
951
848
838
807
821
772
745
783
855
809
882
871
848
877
783
893
739
916
778
988
791
857
866
874
834
791
946
901
1032
836
883
879
953
879
946
782
851
828
790
968
909
886
862
852
772
945
818
910
839
907
817
958
751
920
943
896
903
786
851
895
823
908
916
973
940
770
886
831
947
849
802
879
780
853
771
750
860
781
785
780
902
801
815
710
968
888
994
911
903
912
855
983
885
856
891
839
812
945
827
899
866
783
974
893
898
907
886
796
811
820
905
859
807
795
868
954
812
807
911
854
841
946
856
850
947
930
919
893
859
867
852
1009
773
747
870
935
935
874
869
859
902
833
730
876
841
948
832
904
872
859
922
896
945
857
877
948
911
902
792
844
872
849
893
752
724
927
763
748
927
832
965
797
843
849
810
839
835
880
854
824
880
990
850
904
944
925
841
800
896
820
829
853
1124
876
842
889
853
870
865
845
863
752
803
831
753
827
741
1004
797
856
776
965
720
980
948
833
818
854
868
797
830
874
792
795
832
803
913
833
869
891
824
828
886
814
728
973
801
813
796
882
861
874
810
777
831
908
839
832
757
882
890
903
799
848
997
760
868
885
907
767
786
815
886
848
964
774
773
894
954
851
859
760
935
1009
774
713
934
821
781
776
853
820
907
800
1039
747
832
741
798
842
870
935
809
929
863
865
864
839
805
781
1027
916
751
981
857
812
762
761
781
925
847
784
864
889
859
826
838
873
838
925
930
911
836
1007
821
778
939
795
801
858
877
820
780
780
826
849
885
895
897
807
815
915
811
859
845
944
900
919
797
926
994
917
968
781
933
899
808
758
839
897
926
798
890
901
718
797
885
825
910
805
802
825
885
728
787
748
873
814
873
863
899
856
783
804
885
796
910
788
824
758
814
744
913
895
827
829
837
764
801
826
872
840
796
778
839
784
812
867
844
791
822
830
896
769
831
820
788
839
955
841
944
934
781
830
873
932
826
807
752
892
798
806
923
867
833
753
812
841
807
822
954
774
772
863
818
812
857
921
800
963
928
830
882
881
772
909
798
918
765
977
817
826
888
852
914
744
834
807
891
946
735
889
808
833
839
741
832
850
781
869
933
787
907
864
724
765
885
785
811
818
722
771
844
847
801
748
805
890
835
901
853
802
791
806
864
827
831
854
914
870
961
935
935
747
858
813
788
753
965
826
792
856
877
908
831
742
687
886
814
822
919
832
786
846
764
914
868
840
743
831
755
858
873
772
836
860
954
939
785
769
866
787
824
922
773
847
757
757
839
756
947
791
806
843
882
914
956
925
802
899
725
806
803
868
822
958
866
765
895
856
787
953
738
851
909
832
916
869
804
733
837
831
879
812
801
783
779
719
962
752
828
836
820
809
801
776
882
768
899
763
849
915
902
883
780
782
896
707
864
820
825
794
775
923
738
927
742
813
735
881
894
783
746
870
735
808
905
886
843
924
825
887
839
876
939
788
1043
910
842
806
856
763
805
861
839
833
811
812
847
890
994
878
816
858
885
763
856
811
836
912
937
842
875
907
847
886
847
896
773
854
907
770
842
775
803
798
854
909
799
765
834
965
786
793
883
783
893
931
778
878
813
837
840
778
689
701
859
847
850
848
762
847
820
769
974
774
890
807
858
816
841
760
769
865
834
928
738
843
761
811
908
793
907
859
807
819
894
799
820
869
773
788
809
815
892
829
776
927
901
752
936
856
850
878
1001
751
789
949
827
925
783
865
777
752
763
781
808
839
858
873
850
882
920
820
873
866
841
830
799
842
867
840
895
932
943
899
878
854
763
805
890
844
835
882
821
946
841
831
792
825
829
808
862
776
788
988
957
802
708
776
770
875
679
843
812
900
762
854
877
835
751
752
776
721
803
770
970
869
796
691
738
714
780
910
732
802
926
845
757
928
841
855
806
793
776
925
876
837
777
906
812
707
900
752
891
858
892
787
898
737
796
804
811
812
713
844
833
880
775
763
762
867
906
739
807
858
789
773
853
819
765
834
930
752
877
714
847
725
965
735
866
844
769
835
854
693
706
825
864
867
827
878
810
914
750
764
790
711
804
750
813
843
774
842
923
746
910
751
922
744
738
761
804
726
794
838
797
829
718
751
798
733
847
763
778
767
941
812
794
725
947
876
869
814
887
705
870
796
835
802
854
851
761
843
742
809
768
808
774
895
740
731
862
865
796
808
841
