1.265000000000000000e+04
1.059000000000000000e+04
6.600000000000000000e+03
5.350000000000000000e+03
8.080000000000000000e+03
4.430000000000000000e+03
4.930000000000000000e+03
5.250000000000000000e+03
4.730000000000000000e+03
8.600000000000000000e+03
5.940000000000000000e+03
6.650000000000000000e+03
5.560000000000000000e+03
5.780000000000000000e+03
5.100000000000000000e+03
8.320000000000000000e+03
5.950000000000000000e+03
9.340000000000000000e+03
9.680000000000000000e+03
5.530000000000000000e+03
5.120000000000000000e+03
7.450000000000000000e+03
6.350000000000000000e+03
6.220000000000000000e+03
8.950000000000000000e+03
4.940000000000000000e+03
5.310000000000000000e+03
7.030000000000000000e+03
5.070000000000000000e+03
5.390000000000000000e+03
4.850000000000000000e+03
5.350000000000000000e+03
6.030000000000000000e+03
7.730000000000000000e+03
1.110000000000000000e+04
8.310000000000000000e+03
1.313000000000000000e+04
9.960000000000000000e+03
4.980000000000000000e+03
4.940000000000000000e+03
5.560000000000000000e+03
6.350000000000000000e+03
5.870000000000000000e+03
5.470000000000000000e+03
1.078000000000000000e+04
1.008000000000000000e+04
6.480000000000000000e+03
5.250000000000000000e+03
5.820000000000000000e+03
5.380000000000000000e+03
5.470000000000000000e+03
8.890000000000000000e+03
9.160000000000000000e+03
1.022000000000000000e+04
7.620000000000000000e+03
1.574000000000000000e+04
7.900000000000000000e+03
9.720000000000000000e+03
9.840000000000000000e+03
1.500000000000000000e+04
1.680000000000000000e+04
5.570000000000000000e+03
6.770000000000000000e+03
1.098000000000000000e+04
7.350000000000000000e+03
6.430000000000000000e+03
5.570000000000000000e+03
5.060000000000000000e+03
5.860000000000000000e+03
9.700000000000000000e+03
1.017000000000000000e+04
8.790000000000000000e+03
8.380000000000000000e+03
5.950000000000000000e+03
6.160000000000000000e+03
4.750000000000000000e+03
8.430000000000000000e+03
5.030000000000000000e+03
1.006000000000000000e+04
1.098000000000000000e+04
1.184000000000000000e+04
1.222000000000000000e+04
4.900000000000000000e+03
5.150000000000000000e+03
5.590000000000000000e+03
4.690000000000000000e+03
7.370000000000000000e+03
5.090000000000000000e+03
5.660000000000000000e+03
9.620000000000000000e+03
5.490000000000000000e+03
5.900000000000000000e+03
7.750000000000000000e+03
4.740000000000000000e+03
5.450000000000000000e+03
7.450000000000000000e+03
7.490000000000000000e+03
1.031000000000000000e+04
1.205000000000000000e+04
8.190000000000000000e+03
8.510000000000000000e+03
1.448000000000000000e+04
7.890000000000000000e+03
6.430000000000000000e+03
6.720000000000000000e+03
8.020000000000000000e+03
6.390000000000000000e+03
9.510000000000000000e+03
1.103000000000000000e+04
5.560000000000000000e+03
6.400000000000000000e+03
8.660000000000000000e+03
6.930000000000000000e+03
6.860000000000000000e+03
1.086000000000000000e+04
1.441000000000000000e+04
6.150000000000000000e+03
4.640000000000000000e+03
5.150000000000000000e+03
5.200000000000000000e+03
5.110000000000000000e+03
8.580000000000000000e+03
2.041000000000000000e+04
1.164000000000000000e+04
7.980000000000000000e+03
1.054000000000000000e+04
5.330000000000000000e+03
1.134000000000000000e+04
9.100000000000000000e+03
9.080000000000000000e+03
1.394000000000000000e+04
4.840000000000000000e+03
5.980000000000000000e+03
5.200000000000000000e+03
5.970000000000000000e+03
5.030000000000000000e+03
6.680000000000000000e+03
8.150000000000000000e+03
1.032000000000000000e+04
6.160000000000000000e+03
5.770000000000000000e+03
5.740000000000000000e+03
1.186000000000000000e+04
1.386000000000000000e+04
7.890000000000000000e+03
5.170000000000000000e+03
1.659000000000000000e+04
5.800000000000000000e+03
6.120000000000000000e+03
5.320000000000000000e+03
5.880000000000000000e+03
9.360000000000000000e+03
7.940000000000000000e+03
1.193000000000000000e+04
1.410000000000000000e+04
1.104000000000000000e+04
6.670000000000000000e+03
1.011000000000000000e+04
6.360000000000000000e+03
5.270000000000000000e+03
5.060000000000000000e+03
5.860000000000000000e+03
9.020000000000000000e+03
1.326000000000000000e+04
5.880000000000000000e+03
6.160000000000000000e+03
7.350000000000000000e+03
7.610000000000000000e+03
5.510000000000000000e+03
6.680000000000000000e+03
9.560000000000000000e+03
1.199000000000000000e+04
6.320000000000000000e+03
1.070000000000000000e+04
5.150000000000000000e+03
8.870000000000000000e+03
7.740000000000000000e+03
7.820000000000000000e+03
9.750000000000000000e+03
6.080000000000000000e+03
5.020000000000000000e+03
5.750000000000000000e+03
9.430000000000000000e+03
9.460000000000000000e+03
9.280000000000000000e+03
5.400000000000000000e+03
5.350000000000000000e+03
5.730000000000000000e+03
1.119000000000000000e+04
1.081000000000000000e+04
1.217000000000000000e+04
1.062000000000000000e+04
1.466000000000000000e+04
6.560000000000000000e+03
6.710000000000000000e+03
1.212000000000000000e+04
9.560000000000000000e+03
1.523000000000000000e+04
5.290000000000000000e+03
5.310000000000000000e+03
5.460000000000000000e+03
5.490000000000000000e+03
5.140000000000000000e+03
6.130000000000000000e+03
1.108000000000000000e+04
8.210000000000000000e+03
6.330000000000000000e+03
4.440000000000000000e+03
6.490000000000000000e+03
7.020000000000000000e+03
1.333000000000000000e+04
1.195000000000000000e+04
8.350000000000000000e+03
1.131000000000000000e+04
9.600000000000000000e+03
7.780000000000000000e+03
5.700000000000000000e+03
4.430000000000000000e+03
5.280000000000000000e+03
8.680000000000000000e+03
9.000000000000000000e+03
9.200000000000000000e+03
5.660000000000000000e+03
5.050000000000000000e+03
6.110000000000000000e+03
5.350000000000000000e+03
9.840000000000000000e+03
1.169000000000000000e+04
5.130000000000000000e+03
5.340000000000000000e+03
7.060000000000000000e+03
1.413000000000000000e+04
1.215000000000000000e+04
6.420000000000000000e+03
8.360000000000000000e+03
9.510000000000000000e+03
5.060000000000000000e+03
6.850000000000000000e+03
1.218000000000000000e+04
5.830000000000000000e+03
5.970000000000000000e+03
7.010000000000000000e+03
5.410000000000000000e+03
6.050000000000000000e+03
7.600000000000000000e+03
4.670000000000000000e+03
6.100000000000000000e+03
5.140000000000000000e+03
6.960000000000000000e+03
7.650000000000000000e+03
5.990000000000000000e+03
5.880000000000000000e+03
5.480000000000000000e+03
4.500000000000000000e+03
5.400000000000000000e+03
5.350000000000000000e+03
6.700000000000000000e+03
1.344000000000000000e+04
8.430000000000000000e+03
5.650000000000000000e+03
1.023000000000000000e+04
9.260000000000000000e+03
5.470000000000000000e+03
5.900000000000000000e+03
5.900000000000000000e+03
5.780000000000000000e+03
7.560000000000000000e+03
5.770000000000000000e+03
6.260000000000000000e+03
5.870000000000000000e+03
1.269000000000000000e+04
1.041000000000000000e+04
1.085000000000000000e+04
9.340000000000000000e+03
4.740000000000000000e+03
5.040000000000000000e+03
1.121000000000000000e+04
1.179000000000000000e+04
1.021000000000000000e+04
1.038000000000000000e+04
1.242000000000000000e+04
1.578000000000000000e+04
1.018000000000000000e+04
6.380000000000000000e+03
6.040000000000000000e+03
5.940000000000000000e+03
4.960000000000000000e+03
5.540000000000000000e+03
5.910000000000000000e+03
5.790000000000000000e+03
1.151000000000000000e+04
5.500000000000000000e+03
5.370000000000000000e+03
4.780000000000000000e+03
5.640000000000000000e+03
5.240000000000000000e+03
5.200000000000000000e+03
5.010000000000000000e+03
6.580000000000000000e+03
7.680000000000000000e+03
9.730000000000000000e+03
9.020000000000000000e+03
1.097000000000000000e+04
7.760000000000000000e+03
1.273000000000000000e+04
1.691000000000000000e+04
9.090000000000000000e+03
8.530000000000000000e+03
5.490000000000000000e+03
5.820000000000000000e+03
5.760000000000000000e+03
7.150000000000000000e+03
4.720000000000000000e+03
5.410000000000000000e+03
4.780000000000000000e+03
8.540000000000000000e+03
1.112000000000000000e+04
1.493000000000000000e+04
1.134000000000000000e+04
5.560000000000000000e+03
6.140000000000000000e+03
5.360000000000000000e+03
7.590000000000000000e+03
5.290000000000000000e+03
1.019000000000000000e+04
8.750000000000000000e+03
8.300000000000000000e+03
5.560000000000000000e+03
5.150000000000000000e+03
5.760000000000000000e+03
6.660000000000000000e+03
8.160000000000000000e+03
1.078000000000000000e+04
1.237000000000000000e+04
1.418000000000000000e+04
5.730000000000000000e+03
5.010000000000000000e+03
5.260000000000000000e+03
1.205000000000000000e+04
7.700000000000000000e+03
7.380000000000000000e+03
1.071000000000000000e+04
5.370000000000000000e+03
9.770000000000000000e+03
4.700000000000000000e+03
5.360000000000000000e+03
5.600000000000000000e+03
7.480000000000000000e+03
1.459000000000000000e+04
5.310000000000000000e+03
4.440000000000000000e+03
5.910000000000000000e+03
6.330000000000000000e+03
4.730000000000000000e+03
5.890000000000000000e+03
6.850000000000000000e+03
5.030000000000000000e+03
4.010000000000000000e+03
6.170000000000000000e+03
1.364000000000000000e+04
1.076000000000000000e+04
4.730000000000000000e+03
4.310000000000000000e+03
5.220000000000000000e+03
7.480000000000000000e+03
9.260000000000000000e+03
7.670000000000000000e+03
5.200000000000000000e+03
5.760000000000000000e+03
6.130000000000000000e+03
9.200000000000000000e+03
8.540000000000000000e+03
4.820000000000000000e+03
8.330000000000000000e+03
1.100000000000000000e+04
1.345000000000000000e+04
6.250000000000000000e+03
7.870000000000000000e+03
4.680000000000000000e+03
6.480000000000000000e+03
7.190000000000000000e+03
1.183000000000000000e+04
7.960000000000000000e+03
9.110000000000000000e+03
1.116000000000000000e+04
7.560000000000000000e+03
1.416000000000000000e+04
7.830000000000000000e+03
1.071000000000000000e+04
4.850000000000000000e+03
4.460000000000000000e+03
7.890000000000000000e+03
8.340000000000000000e+03
1.079000000000000000e+04
7.860000000000000000e+03
5.090000000000000000e+03
5.300000000000000000e+03
9.650000000000000000e+03
5.080000000000000000e+03
5.810000000000000000e+03
5.630000000000000000e+03
7.860000000000000000e+03
1.006000000000000000e+04
8.310000000000000000e+03
1.151000000000000000e+04
4.770000000000000000e+03
4.770000000000000000e+03
6.800000000000000000e+03
8.160000000000000000e+03
4.650000000000000000e+03
5.870000000000000000e+03
5.010000000000000000e+03
8.120000000000000000e+03
9.790000000000000000e+03
1.361000000000000000e+04
1.223000000000000000e+04
9.840000000000000000e+03
5.570000000000000000e+03
4.560000000000000000e+03
5.590000000000000000e+03
7.340000000000000000e+03
1.329000000000000000e+04
5.300000000000000000e+03
6.140000000000000000e+03
4.790000000000000000e+03
5.570000000000000000e+03
7.980000000000000000e+03
4.960000000000000000e+03
7.350000000000000000e+03
9.200000000000000000e+03
5.580000000000000000e+03
4.850000000000000000e+03
6.490000000000000000e+03
5.330000000000000000e+03
6.860000000000000000e+03
4.620000000000000000e+03
4.840000000000000000e+03
5.540000000000000000e+03
5.830000000000000000e+03
7.040000000000000000e+03
1.019000000000000000e+04
6.640000000000000000e+03
1.594000000000000000e+04
1.156000000000000000e+04
8.480000000000000000e+03
4.910000000000000000e+03
5.610000000000000000e+03
1.001000000000000000e+04
1.189000000000000000e+04
8.870000000000000000e+03
1.149000000000000000e+04
5.570000000000000000e+03
4.620000000000000000e+03
5.500000000000000000e+03
4.650000000000000000e+03
5.600000000000000000e+03
6.080000000000000000e+03
5.200000000000000000e+03
9.130000000000000000e+03
6.200000000000000000e+03
5.110000000000000000e+03
1.099000000000000000e+04
5.520000000000000000e+03
6.230000000000000000e+03
5.080000000000000000e+03
9.160000000000000000e+03
1.090000000000000000e+04
5.270000000000000000e+03
4.640000000000000000e+03
4.880000000000000000e+03
1.287000000000000000e+04
7.130000000000000000e+03
6.090000000000000000e+03
5.530000000000000000e+03
4.260000000000000000e+03
5.580000000000000000e+03
5.420000000000000000e+03
7.600000000000000000e+03
4.730000000000000000e+03
6.240000000000000000e+03
9.070000000000000000e+03
4.750000000000000000e+03
5.580000000000000000e+03
5.510000000000000000e+03
6.610000000000000000e+03
6.460000000000000000e+03
5.610000000000000000e+03
8.630000000000000000e+03
5.690000000000000000e+03
1.264000000000000000e+04
5.040000000000000000e+03
4.890000000000000000e+03
6.150000000000000000e+03
4.630000000000000000e+03
5.230000000000000000e+03
4.970000000000000000e+03
7.400000000000000000e+03
7.520000000000000000e+03
8.270000000000000000e+03
9.680000000000000000e+03
9.770000000000000000e+03
9.860000000000000000e+03
1.706000000000000000e+04
5.030000000000000000e+03
4.710000000000000000e+03
5.180000000000000000e+03
5.450000000000000000e+03
5.710000000000000000e+03
4.850000000000000000e+03
9.200000000000000000e+03
9.520000000000000000e+03
4.880000000000000000e+03
4.760000000000000000e+03
5.290000000000000000e+03
6.910000000000000000e+03
1.177000000000000000e+04
8.990000000000000000e+03
9.960000000000000000e+03
7.360000000000000000e+03
1.121000000000000000e+04
1.204000000000000000e+04
4.850000000000000000e+03
4.710000000000000000e+03
5.880000000000000000e+03
6.100000000000000000e+03
1.058000000000000000e+04
6.170000000000000000e+03
8.400000000000000000e+03
4.810000000000000000e+03
5.990000000000000000e+03
6.090000000000000000e+03
5.290000000000000000e+03
8.600000000000000000e+03
9.740000000000000000e+03
5.050000000000000000e+03
5.890000000000000000e+03
5.100000000000000000e+03
5.950000000000000000e+03
1.124000000000000000e+04
1.302000000000000000e+04
4.760000000000000000e+03
5.050000000000000000e+03
5.960000000000000000e+03
6.970000000000000000e+03
5.220000000000000000e+03
5.170000000000000000e+03
5.160000000000000000e+03
1.305000000000000000e+04
1.177000000000000000e+04
1.013000000000000000e+04
8.730000000000000000e+03
7.400000000000000000e+03
5.100000000000000000e+03
5.020000000000000000e+03
1.083000000000000000e+04
9.320000000000000000e+03
1.091000000000000000e+04
1.577000000000000000e+04
9.830000000000000000e+03
5.910000000000000000e+03
4.850000000000000000e+03
5.180000000000000000e+03
5.660000000000000000e+03
6.410000000000000000e+03
1.368000000000000000e+04
5.040000000000000000e+03
5.170000000000000000e+03
6.180000000000000000e+03
5.040000000000000000e+03
5.060000000000000000e+03
5.690000000000000000e+03
9.520000000000000000e+03
7.660000000000000000e+03
7.260000000000000000e+03
7.520000000000000000e+03
7.060000000000000000e+03
8.540000000000000000e+03
5.800000000000000000e+03
5.450000000000000000e+03
7.490000000000000000e+03
9.500000000000000000e+03
5.980000000000000000e+03
5.020000000000000000e+03
5.520000000000000000e+03
8.880000000000000000e+03
8.780000000000000000e+03
5.380000000000000000e+03
4.310000000000000000e+03
5.450000000000000000e+03
1.273000000000000000e+04
6.090000000000000000e+03
5.890000000000000000e+03
8.100000000000000000e+03
8.100000000000000000e+03
8.740000000000000000e+03
6.350000000000000000e+03
6.580000000000000000e+03
1.017000000000000000e+04
5.180000000000000000e+03
5.570000000000000000e+03
4.780000000000000000e+03
5.770000000000000000e+03
1.263000000000000000e+04
1.063000000000000000e+04
5.460000000000000000e+03
5.030000000000000000e+03
5.020000000000000000e+03
6.080000000000000000e+03
5.790000000000000000e+03
8.610000000000000000e+03
8.260000000000000000e+03
4.500000000000000000e+03
4.130000000000000000e+03
6.950000000000000000e+03
1.093000000000000000e+04
5.530000000000000000e+03
4.550000000000000000e+03
4.520000000000000000e+03
1.008000000000000000e+04
6.520000000000000000e+03
5.330000000000000000e+03
4.860000000000000000e+03
5.340000000000000000e+03
6.190000000000000000e+03
7.940000000000000000e+03
1.271000000000000000e+04
8.730000000000000000e+03
7.760000000000000000e+03
1.174000000000000000e+04
9.220000000000000000e+03
7.980000000000000000e+03
4.860000000000000000e+03
5.820000000000000000e+03
9.700000000000000000e+03
7.890000000000000000e+03
6.100000000000000000e+03
5.690000000000000000e+03
5.560000000000000000e+03
6.030000000000000000e+03
4.810000000000000000e+03
6.670000000000000000e+03
5.400000000000000000e+03
5.000000000000000000e+03
5.300000000000000000e+03
5.980000000000000000e+03
1.111000000000000000e+04
9.150000000000000000e+03
5.360000000000000000e+03
8.550000000000000000e+03
6.170000000000000000e+03
5.360000000000000000e+03
4.700000000000000000e+03
5.310000000000000000e+03
5.700000000000000000e+03
6.900000000000000000e+03
1.095000000000000000e+04
6.620000000000000000e+03
5.010000000000000000e+03
1.117000000000000000e+04
8.950000000000000000e+03
9.250000000000000000e+03
9.950000000000000000e+03
1.018000000000000000e+04
5.570000000000000000e+03
5.490000000000000000e+03
5.400000000000000000e+03
5.060000000000000000e+03
5.830000000000000000e+03
1.234000000000000000e+04
1.196000000000000000e+04
6.610000000000000000e+03
1.019000000000000000e+04
1.128000000000000000e+04
1.072000000000000000e+04
7.620000000000000000e+03
5.160000000000000000e+03
4.910000000000000000e+03
5.310000000000000000e+03
5.850000000000000000e+03
1.130000000000000000e+04
5.250000000000000000e+03
5.780000000000000000e+03
5.170000000000000000e+03
5.340000000000000000e+03
5.410000000000000000e+03
5.730000000000000000e+03
9.210000000000000000e+03
7.790000000000000000e+03
7.610000000000000000e+03
8.460000000000000000e+03
8.360000000000000000e+03
6.480000000000000000e+03
1.291000000000000000e+04
1.162000000000000000e+04
1.334000000000000000e+04
6.570000000000000000e+03
5.480000000000000000e+03
6.190000000000000000e+03
5.470000000000000000e+03
6.130000000000000000e+03
1.153000000000000000e+04
9.490000000000000000e+03
5.500000000000000000e+03
6.360000000000000000e+03
9.380000000000000000e+03
6.210000000000000000e+03
7.580000000000000000e+03
9.630000000000000000e+03
7.860000000000000000e+03
7.440000000000000000e+03
6.050000000000000000e+03
5.310000000000000000e+03
6.300000000000000000e+03
8.920000000000000000e+03
8.620000000000000000e+03
1.490000000000000000e+04
6.680000000000000000e+03
5.650000000000000000e+03
6.100000000000000000e+03
4.860000000000000000e+03
6.400000000000000000e+03
4.670000000000000000e+03
7.340000000000000000e+03
7.190000000000000000e+03
5.370000000000000000e+03
6.320000000000000000e+03
1.061000000000000000e+04
9.820000000000000000e+03
4.630000000000000000e+03
5.360000000000000000e+03
5.370000000000000000e+03
5.860000000000000000e+03
5.940000000000000000e+03
1.129000000000000000e+04
9.230000000000000000e+03
5.520000000000000000e+03
1.081000000000000000e+04
4.220000000000000000e+03
6.090000000000000000e+03
7.460000000000000000e+03
1.334000000000000000e+04
7.840000000000000000e+03
5.260000000000000000e+03
5.240000000000000000e+03
6.620000000000000000e+03
6.810000000000000000e+03
9.580000000000000000e+03
7.820000000000000000e+03
4.800000000000000000e+03
5.640000000000000000e+03
5.430000000000000000e+03
5.590000000000000000e+03
1.039000000000000000e+04
8.010000000000000000e+03
8.280000000000000000e+03
9.830000000000000000e+03
6.330000000000000000e+03
9.050000000000000000e+03
1.116000000000000000e+04
9.640000000000000000e+03
5.890000000000000000e+03
5.450000000000000000e+03
5.600000000000000000e+03
1.066000000000000000e+04
5.580000000000000000e+03
4.450000000000000000e+03
5.440000000000000000e+03
1.216000000000000000e+04
9.310000000000000000e+03
4.710000000000000000e+03
5.830000000000000000e+03
1.321000000000000000e+04
7.720000000000000000e+03
8.740000000000000000e+03
5.950000000000000000e+03
5.230000000000000000e+03
6.740000000000000000e+03
9.420000000000000000e+03
9.150000000000000000e+03
5.400000000000000000e+03
4.810000000000000000e+03
4.610000000000000000e+03
4.610000000000000000e+03
1.043000000000000000e+04
6.320000000000000000e+03
7.690000000000000000e+03
1.184000000000000000e+04
7.490000000000000000e+03
7.920000000000000000e+03
8.700000000000000000e+03
7.570000000000000000e+03
5.180000000000000000e+03
4.760000000000000000e+03
7.150000000000000000e+03
5.950000000000000000e+03
7.690000000000000000e+03
7.910000000000000000e+03
6.370000000000000000e+03
7.720000000000000000e+03
9.400000000000000000e+03
5.550000000000000000e+03
4.190000000000000000e+03
5.970000000000000000e+03
5.840000000000000000e+03
1.407000000000000000e+04
1.115000000000000000e+04
1.633000000000000000e+04
1.697000000000000000e+04
6.170000000000000000e+03
6.030000000000000000e+03
5.540000000000000000e+03
6.060000000000000000e+03
5.370000000000000000e+03
5.700000000000000000e+03
5.520000000000000000e+03
1.057000000000000000e+04
1.122000000000000000e+04
9.190000000000000000e+03
9.650000000000000000e+03
9.860000000000000000e+03
1.094000000000000000e+04
6.760000000000000000e+03
5.450000000000000000e+03
6.070000000000000000e+03
5.370000000000000000e+03
1.078000000000000000e+04
1.306000000000000000e+04
1.222000000000000000e+04
9.960000000000000000e+03
1.529000000000000000e+04
1.046000000000000000e+04
7.870000000000000000e+03
5.550000000000000000e+03
9.150000000000000000e+03
9.280000000000000000e+03
1.719000000000000000e+04
8.240000000000000000e+03
1.209000000000000000e+04
5.850000000000000000e+03
9.010000000000000000e+03
6.610000000000000000e+03
4.550000000000000000e+03
5.640000000000000000e+03
6.980000000000000000e+03
1.184000000000000000e+04
5.540000000000000000e+03
5.000000000000000000e+03
4.820000000000000000e+03
9.330000000000000000e+03
8.120000000000000000e+03
9.020000000000000000e+03
5.070000000000000000e+03
5.090000000000000000e+03
5.300000000000000000e+03
6.950000000000000000e+03
1.368000000000000000e+04
1.001000000000000000e+04
9.580000000000000000e+03
9.730000000000000000e+03
9.700000000000000000e+03
5.420000000000000000e+03
9.190000000000000000e+03
5.530000000000000000e+03
9.030000000000000000e+03
5.240000000000000000e+03
4.330000000000000000e+03
5.670000000000000000e+03
6.380000000000000000e+03
1.754000000000000000e+04
1.038000000000000000e+04
1.383000000000000000e+04
1.071000000000000000e+04
9.730000000000000000e+03
7.840000000000000000e+03
7.820000000000000000e+03
7.800000000000000000e+03
9.680000000000000000e+03
1.009000000000000000e+04
1.013000000000000000e+04
5.840000000000000000e+03
8.630000000000000000e+03
1.024000000000000000e+04
9.790000000000000000e+03
9.730000000000000000e+03
1.173000000000000000e+04
1.007000000000000000e+04
6.280000000000000000e+03
1.053000000000000000e+04
9.100000000000000000e+03
1.106000000000000000e+04
1.024000000000000000e+04
8.110000000000000000e+03
1.063000000000000000e+04
9.980000000000000000e+03
5.630000000000000000e+03
4.950000000000000000e+03
5.580000000000000000e+03
7.740000000000000000e+03
9.250000000000000000e+03
5.350000000000000000e+03
5.160000000000000000e+03
5.470000000000000000e+03
5.280000000000000000e+03
5.390000000000000000e+03
6.040000000000000000e+03
6.390000000000000000e+03
6.160000000000000000e+03
5.730000000000000000e+03
5.060000000000000000e+03
5.420000000000000000e+03
8.290000000000000000e+03
8.730000000000000000e+03
4.580000000000000000e+03
5.440000000000000000e+03
5.470000000000000000e+03
5.490000000000000000e+03
5.150000000000000000e+03
8.720000000000000000e+03
4.420000000000000000e+03
4.620000000000000000e+03
5.940000000000000000e+03
7.350000000000000000e+03
5.810000000000000000e+03
5.010000000000000000e+03
4.620000000000000000e+03
9.970000000000000000e+03
8.850000000000000000e+03
7.510000000000000000e+03
9.640000000000000000e+03
7.860000000000000000e+03
1.118000000000000000e+04
5.120000000000000000e+03
5.560000000000000000e+03
7.550000000000000000e+03
8.770000000000000000e+03
1.362000000000000000e+04
4.810000000000000000e+03
4.280000000000000000e+03
7.410000000000000000e+03
1.239000000000000000e+04
1.067000000000000000e+04
4.470000000000000000e+03
4.520000000000000000e+03
5.190000000000000000e+03
6.800000000000000000e+03
1.048000000000000000e+04
8.710000000000000000e+03
9.100000000000000000e+03
9.740000000000000000e+03
1.158000000000000000e+04
9.480000000000000000e+03
7.740000000000000000e+03
6.520000000000000000e+03
8.750000000000000000e+03
9.210000000000000000e+03
1.082000000000000000e+04
5.200000000000000000e+03
4.620000000000000000e+03
4.680000000000000000e+03
5.350000000000000000e+03
6.460000000000000000e+03
1.017000000000000000e+04
9.830000000000000000e+03
1.048000000000000000e+04
1.254000000000000000e+04
9.820000000000000000e+03
7.560000000000000000e+03
4.280000000000000000e+03
6.290000000000000000e+03
4.850000000000000000e+03
5.010000000000000000e+03
1.330000000000000000e+04
1.129000000000000000e+04
7.120000000000000000e+03
1.212000000000000000e+04
1.082000000000000000e+04
8.110000000000000000e+03
9.580000000000000000e+03
9.210000000000000000e+03
1.238000000000000000e+04
8.260000000000000000e+03
1.237000000000000000e+04
5.540000000000000000e+03
4.670000000000000000e+03
5.290000000000000000e+03
5.760000000000000000e+03
5.040000000000000000e+03
6.990000000000000000e+03
1.215000000000000000e+04
1.725000000000000000e+04
1.061000000000000000e+04
7.860000000000000000e+03
6.320000000000000000e+03
5.650000000000000000e+03
8.830000000000000000e+03
1.174000000000000000e+04
1.286000000000000000e+04
5.280000000000000000e+03
5.260000000000000000e+03
7.580000000000000000e+03
