0.914
0.798
0.588
0.325
0.139
0.049
0.911
0.794
0.584
0.325
0.143
0.051
0.018
0.908
0.791
0.592
0.335
0.141
0.051
0.911
0.792
0.583
0.342
0.137
0.051
0.018
0.908
0.804
0.591
0.382
0.156
0.053
0.018
0.913
0.789
0.577
0.332
0.144
0.051
0.018
0.917
0.802
0.578
0.339
0.137
0.049
0.908
0.806
0.582
0.335
0.136
0.050
0.018
0.911
0.808
0.588
0.343
0.128
0.048
0.915
0.808
0.591
0.332
0.128
0.048
0.909
0.788
0.581
0.340
0.144
0.051
0.912
0.797
0.581
0.331
0.144
0.059
0.920
0.810
0.591
0.339
0.139
0.052
0.921
0.829
0.654
0.423
0.204
0.078
0.030
0.945
0.880
0.735
0.556
0.329
0.146
0.044
0.016
0.956
0.896
0.759
0.566
0.335
0.157
0.065
0.022
0.008
0.003
0.001
0.960
0.902
0.776
0.576
0.335
0.151
0.060
0.026
0.010
0.004
0.001
0.000
0.000
0.961
0.894
0.749
0.506
0.283
0.125
0.048
0.017
0.005
0.002
0.001
0.931
0.832
0.614
0.378
0.164
0.054
0.019
0.913
0.802
0.612
0.320
0.132
0.048
0.918
0.786
0.584
0.318
0.148
0.052
0.018
0.908
0.814
0.619
0.368
0.187
0.070
0.938
0.857
0.701
0.495
0.267
0.117
0.043
0.016
0.957
0.901
0.721
0.528
0.329
0.156
0.073
0.026
0.010
0.003
0.001
0.960
0.899
0.769
0.566
0.276
0.146
0.067
0.029
0.010
0.003
0.001
0.000
0.962
0.883
0.755
0.546
0.347
0.164
0.070
0.027
0.010
0.003
0.001
0.000
0.960
0.900
0.769
0.550
0.331
0.151
0.067
0.027
0.010
0.004
0.001
0.000
0.000
0.957
0.890
0.739
0.498
0.270
0.116
0.044
0.015
0.006
0.002
0.001
0.940
0.847
0.670
0.423
0.194
0.069
0.023
0.007
0.912
0.801
0.605
0.321
0.138
0.048
0.913
0.804
0.597
0.327
0.140
0.063
0.936
0.847
0.682
0.484
0.246
0.105
0.040
0.013
0.005
0.952
0.894
0.759
0.563
0.338
0.155
0.069
0.027
0.009
0.003
0.001
0.000
0.951
0.873
0.749
0.501
0.274
0.111
0.040
0.015
0.004
0.939
0.842
0.655
0.406
0.179
0.068
0.020
0.007
0.914
0.799
0.595
0.328
0.134
0.048
0.018
0.911
0.806
0.589
0.335
0.130
0.049
0.907
0.803
0.597
0.333
0.136
0.049
0.911
0.797
0.596
0.336
0.132
0.050
0.907
0.801
0.569
0.343
0.141
0.052
0.913
0.804
0.586
0.311
0.139
0.052
0.913
0.790
0.586
0.333
0.141
0.049
0.018
0.913
0.796
0.582
0.335
0.139
0.049
0.914
0.792
0.578
0.321
0.144
0.054
0.019
0.911
0.803
0.591
0.347
0.129
0.049
0.911
0.799
0.588
0.327
0.142
0.049
0.905
0.794
0.589
0.344
0.139
0.051
0.018
0.910
0.797
0.596
0.325
0.141
0.049
0.913
0.793
0.595
0.350
0.133
0.050
0.910
0.793
0.579
0.335
0.142
0.051
0.018
0.914
0.789
0.636
0.367
0.142
0.050
0.018
0.914
0.796
0.607
0.323
0.135
0.051
0.908
0.795
0.601
0.332
0.138
0.050
0.911
0.787
0.584
0.337
0.139
0.052
0.018
0.908
0.795
0.582
0.346
0.139
0.050
0.911
0.788
0.595
0.320
0.140
0.053
0.907
0.797
0.593
0.383
0.142
0.050
0.019
0.909
0.788
0.579
0.339
0.143
0.051
0.018
0.914
0.783
0.598
0.331
0.141
0.049
0.911
0.785
0.592
0.334
0.143
0.050
0.911
0.812
0.589
0.320
0.137
0.048
0.909
0.797
0.601
0.336
0.133
0.050
0.912
0.787
0.583
0.325
0.143
0.053
0.018
0.920
0.787
0.593
0.327
0.143
0.049
0.022
0.910
0.830
0.581
0.356
0.141
0.050
0.018
0.915
0.794
0.583
0.318
0.141
0.052
0.919
0.788
0.591
0.331
0.134
0.049
0.910
0.804
0.583
0.336
0.131
0.051
0.018
0.915
0.790
0.592
0.332
0.140
0.048
0.915
0.791
0.608
0.376
0.133
0.049
0.916
0.793
0.595
0.331
0.131
0.050
0.910
0.787
0.605
0.324
0.144
0.049
0.018
0.914
0.793
0.603
0.321
0.136
0.049
0.018
0.914
0.803
0.603
0.328
0.130
0.912
0.802
0.578
0.337
0.133
0.050
0.018
0.915
0.787
0.584
0.335
0.139
0.050
0.018
0.911
0.794
0.605
0.331
0.134
0.049
0.911
0.794
0.589
0.327
0.144
0.050
0.914
0.792
0.589
0.336
0.133
0.051
0.917
0.790
0.583
0.335
0.136
0.049
0.911
0.794
0.589
0.336
0.139
0.049
0.909
0.794
0.592
0.347
0.140
0.050
0.018
0.007
0.914
0.799
0.583
0.333
0.136
0.049
0.908
0.799
0.595
0.329
0.142
0.049
0.018
0.912
0.799
0.601
0.325
0.137
0.049
0.913
0.791
0.573
0.340
0.139
0.051
0.910
0.791
0.579
0.336
0.146
0.050
0.018
0.915
0.795
0.587
0.329
0.144
0.050
0.018
0.910
0.801
0.595
0.325
0.144
0.913
0.792
0.609
0.327
0.133
0.049
0.913
0.802
0.584
0.327
0.134
0.050
0.018
0.909
0.788
0.600
0.334
0.141
0.050
0.913
0.805
0.612
0.327
0.125
0.048
0.915
0.793
0.576
0.334
0.141
0.049
0.018
0.911
0.794
0.583
0.331
0.142
0.051
0.915
0.802
0.583
0.334
0.132
0.049
0.018
0.911
0.797
0.589
0.328
0.168
0.050
0.912
0.788
0.603
0.347
0.133
0.048
0.915
0.800
0.584
0.335
0.129
0.050
0.018
0.913
0.793
0.596
0.333
0.135
0.049
0.018
0.916
0.805
0.593
0.319
0.132
0.048
0.018
0.007
0.917
0.799
0.573
0.321
0.139
0.051
0.908
0.791
0.595
0.332
0.143
0.051
0.908
0.799
0.582
0.339
0.143
0.049
0.911
0.794
0.569
0.331
0.143
0.052
0.018
0.911
0.794
0.581
0.341
0.134
0.052
0.018
0.913
0.796
0.587
0.335
0.135
0.050
0.912
0.790
0.610
0.335
0.139
0.060
0.908
0.790
0.582
0.335
0.145
0.062
0.018
0.910
0.796
0.601
0.336
0.138
0.051
0.913
0.799
0.597
0.321
0.139
0.052
0.913
0.791
0.586
0.334
0.143
0.059
0.905
0.796
0.577
0.340
0.145
0.051
0.910
0.793
0.596
0.347
0.130
0.050
0.018
0.915
0.794
0.595
0.354
0.133
0.048
0.908
0.793
0.593
0.323
0.147
0.051
0.907
0.797
0.577
0.337
0.147
0.050
0.911
0.804
0.589
0.328
0.135
0.049
0.018
0.911
0.801
0.581
0.347
0.131
0.050
0.909
0.789
0.591
0.327
0.142
0.051
0.018
0.008
0.912
0.798
0.572
0.335
0.140
0.051
0.018
0.909
0.804
0.597
0.321
0.139
0.049
0.018
0.913
0.797
0.595
0.332
0.136
0.048
0.915
0.808
0.584
0.320
0.136
0.049
0.913
0.800
0.582
0.333
0.136
0.049
0.018
0.912
0.798
0.576
0.344
0.139
0.048
0.911
0.798
0.592
0.328
0.141
0.049
0.912
0.798
0.584
0.324
0.145
0.049
0.911
0.799
0.618
0.368
0.133
0.049
0.018
0.911
0.792
0.602
0.332
0.138
0.049
0.018
0.914
0.801
0.591
0.333
0.133
0.049
0.910
0.798
0.583
0.343
0.138
0.049
0.913
0.792
0.578
0.352
0.133
0.050
0.018
0.915
0.795
0.574
0.339
0.136
0.050
0.018
0.913
0.788
0.609
0.340
0.133
0.048
0.911
0.799
0.591
0.332
0.139
0.048
0.915
0.799
0.597
0.324
0.135
0.048
0.908
0.798
0.584
0.333
0.138
0.052
0.018
0.917
0.797
0.591
0.321
0.160
0.049
0.908
0.787
0.584
0.334
0.150
0.050
0.913
0.793
0.605
0.329
0.145
0.048
0.915
0.803
0.584
0.327
0.136
0.048
0.908
0.803
0.595
0.324
0.139
0.050
0.908
0.784
0.592
0.340
0.143
0.051
0.911
0.803
0.582
0.335
0.139
0.049
0.910
0.795
0.607
0.337
0.131
0.049
0.908
0.804
0.582
0.352
0.133
0.049
0.018
0.914
0.797
0.579
0.342
0.135
0.049
0.018
0.912
0.792
0.584
0.333
0.142
0.050
0.914
0.795
0.573
0.328
0.143
0.051
0.913
0.799
0.591
0.332
0.135
0.049
0.018
0.910
0.790
0.601
0.341
0.135
0.053
0.907
0.796
0.592
0.342
0.141
0.048
0.911
0.817
0.589
0.328
0.134
0.050
0.913
0.805
0.591
0.336
0.131
0.048
0.913
0.799
0.572
0.337
0.139
0.050
0.907
0.794
0.596
0.342
0.137
0.050
0.018
0.909
0.795
0.605
0.340
0.137
0.910
0.799
0.593
0.329
0.138
0.060
0.915
0.800
0.589
0.339
0.128
0.049
0.018
0.915
0.798
0.592
0.316
0.141
0.049
0.912
0.798
0.588
0.326
0.137
0.051
0.914
0.796
0.602
0.328
0.133
0.048
0.910
0.795
0.600
0.319
0.141
0.050
0.916
0.790
0.598
0.322
0.137
0.049
0.912
0.797
0.574
0.331
0.143
0.054
0.911
0.810
0.586
0.339
0.140
0.048
0.911
0.802
0.587
0.348
0.138
0.049
0.018
0.913
0.794
0.581
0.336
0.143
0.049
0.912
0.798
0.589
0.322
0.142
0.049
0.912
0.794
0.596
0.334
0.136
0.049
0.018
0.913
0.793
0.587
0.327
0.144
0.049
0.929
0.787
0.589
0.339
0.139
0.050
0.910
0.800
0.582
0.328
0.141
0.050
0.909
0.788
0.593
0.332
0.143
0.050
0.018
0.913
0.786
0.588
0.341
0.138
0.050
0.018
0.912
0.809
0.582
0.327
0.143
0.060
0.018
0.909
0.801
0.582
0.332
0.136
0.051
0.018
0.912
0.795
0.589
0.331
0.143
0.048
0.910
0.791
0.601
0.353
0.136
0.050
0.018
0.913
0.806
0.595
0.322
0.138
0.912
0.796
0.640
0.336
0.139
0.049
0.911
0.791
0.600
0.336
0.140
0.048
0.912
0.806
0.579
0.327
0.138
0.049
0.018
0.908
0.831
0.623
0.393
0.138
0.051
0.911
0.788
0.583
0.340
0.140
0.051
0.018
0.911
0.782
0.596
0.332
0.145
0.050
0.018
0.924
0.788
0.592
0.327
0.137
0.049
0.915
0.802
0.582
0.327
0.138
0.049
0.908
0.789
0.592
0.339
0.143
0.049
0.018
0.911
0.799
0.589
0.334
0.140
0.048
0.914
0.786
0.608
0.321
0.137
0.050
0.913
0.802
0.597
0.324
0.138
0.048
0.913
0.799
0.605
0.320
0.138
0.048
0.910
0.798
0.600
0.331
0.136
0.049
0.018
0.911
0.797
0.596
0.334
0.132
0.050
0.910
0.793
0.598
0.332
0.143
0.048
0.915
0.800
0.601
0.319
0.134
0.049
0.909
0.808
0.577
0.329
0.141
0.050
0.909
0.798
0.633
0.319
0.138
0.048
0.018
0.914
0.797
0.588
0.329
0.139
0.048
0.913
0.802
0.586
0.329
0.138
0.048
0.913
0.808
0.593
0.328
0.132
0.048
0.912
0.799
0.596
0.334
0.135
0.048
0.908
0.787
0.602
0.337
0.139
0.050
0.018
0.911
0.815
0.568
0.322
0.148
0.050
0.018
0.911
0.797
0.593
0.334
0.140
0.048
0.910
0.797
0.578
0.332
0.144
0.050
0.913
0.796
0.586
0.336
0.138
0.049
0.910
0.790
0.601
0.321
0.143
0.050
0.018
0.911
0.797
0.641
0.322
0.143
0.050
0.018
0.007
0.911
0.798
0.602
0.328
0.134
0.050
0.908
0.796
0.573
0.349
0.142
0.049
0.018
0.911
0.802
0.611
0.322
0.133
0.048
0.911
0.799
0.600
0.337
0.135
0.914
0.801
0.581
0.329
0.144
0.049
0.018
0.909
0.800
0.606
0.340
0.130
0.048
0.912
0.799
0.596
0.332
0.136
0.048
0.911
0.788
0.593
0.336
0.141
0.049
0.913
0.799
0.586
0.331
0.139
0.049
0.915
0.797
0.612
0.322
0.130
0.048
0.915
0.836
0.589
0.326
0.134
0.049
0.915
0.793
0.595
0.331
0.138
0.048
0.018
0.926
0.780
0.589
0.349
0.146
0.049
0.911
0.787
0.588
0.334
0.144
0.050
0.919
0.789
0.589
0.329
0.136
0.048
0.913
0.790
0.583
0.341
0.138
0.050
0.910
0.807
0.588
0.341
0.130
0.049
0.910
0.805
0.584
0.325
0.139
0.050
0.912
0.802
0.577
0.334
0.141
0.049
0.910
0.794
0.579
0.335
0.140
0.052
0.018
0.911
0.787
0.582
0.339
0.139
0.052
0.018
0.914
0.794
0.587
0.336
0.134
0.049
0.018
0.911
0.799
0.591
0.331
0.139
0.049
0.911
0.802
0.579
0.343
0.163
0.049
0.913
0.802
0.598
0.319
0.145
0.049
0.909
0.799
0.598
0.341
0.134
0.058
0.026
0.922
0.781
0.581
0.343
0.146
0.053
0.019
0.917
0.796
0.592
0.320
0.140
0.051
0.018
0.912
0.795
0.609
0.325
0.133
0.049
0.018
0.912
0.809
0.570
0.333
0.134
0.050
0.018
0.914
0.799
0.608
0.324
0.132
0.048
0.914
0.799
0.598
0.324
0.133
0.050
0.911
0.784
0.587
0.336
0.156
0.050
0.018
0.912
0.794
0.587
0.327
0.141
0.050
0.914
0.795
0.607
0.316
0.136
0.049
0.906
0.806
0.587
0.331
0.144
0.052
0.018
0.007
0.909
0.794
0.582
0.339
0.144
0.049
0.916
0.804
0.597
0.323
0.131
0.051
0.018
0.007
0.912
0.836
0.572
0.321
0.138
0.053
0.018
0.908
0.800
0.588
0.336
0.141
0.048
0.912
0.797
0.576
0.336
0.141
0.050
0.911
0.794
0.586
0.331
0.156
0.048
0.018
0.910
0.791
0.601
0.342
0.161
0.049
0.018
0.912
0.796
0.586
0.339
0.137
0.049
0.018
0.908
0.791
0.586
0.339
0.145
0.050
0.916
0.806
0.587
0.329
0.140
0.048
0.917
0.792
0.592
0.353
0.132
0.049
0.018
0.913
0.802
0.589
0.327
0.134
0.049
0.915
0.804
0.584
0.335
0.129
0.049
0.912
0.788
0.589
0.346
0.139
0.048
0.909
0.799
0.632
0.344
0.137
0.050
0.912
0.799
0.602
0.334
0.131
0.048
0.018
0.914
0.795
0.570
0.341
0.142
0.048
0.018
0.914
0.790
0.589
0.334
0.136
0.050
0.018
0.910
0.816
0.592
0.316
0.136
0.048
0.913
0.799
0.601
0.315
0.138
0.050
0.909
0.805
0.593
0.313
0.138
0.052
0.913
0.796
0.586
0.329
0.142
0.049
0.914
0.803
0.597
0.329
0.132
0.048
0.913
0.798
0.589
0.341
0.134
0.048
0.911
0.804
0.596
0.325
0.133
0.050
0.022
0.922
0.790
0.600
0.344
0.142
0.049
0.913
0.790
0.589
0.324
0.141
0.051
0.018
0.007
0.915
0.796
0.601
0.325
0.130
0.050
0.910
0.791
0.588
0.336
0.144
0.049
0.913
0.793
0.592
0.342
0.136
0.048
0.930
0.793
0.609
0.328
0.141
0.048
0.018
0.910
0.803
0.589
0.337
0.136
0.048
0.018
0.916
0.804
0.579
0.336
0.131
0.048
0.907
0.790
0.595
0.331
0.145
0.050
0.018
0.912
0.794
0.587
0.335
0.138
0.049
0.018
0.905
0.790
0.597
0.344
0.137
0.051
0.911
0.792
0.587
0.337
0.141
0.049
0.905
0.800
0.587
0.331
0.144
0.051
0.913
0.804
0.596
0.333
0.130
0.048
0.909
0.800
0.583
0.331
0.144
0.049
0.018
0.927
0.795
0.582
0.335
0.136
0.052
0.018
0.909
0.798
0.591
0.339
0.133
0.050
0.018
0.909
0.803
0.636
0.339
0.141
0.048
0.908
0.791
0.601
0.335
0.139
0.050
0.915
0.792
0.588
0.322
0.143
0.049
0.911
0.798
0.583
0.337
0.142
0.048
0.913
0.799
0.589
0.335
0.134
0.049
0.911
0.795
0.591
0.328
0.139
0.050
0.018
0.911
0.787
0.584
0.348
0.138
0.050
0.018
0.912
0.795
0.592
0.340
0.160
0.049
0.910
0.799
0.577
0.334
0.141
0.050
0.915
0.789
0.596
0.332
0.137
0.049
0.915
0.797
0.588
0.337
0.135
0.048
0.911
0.787
0.586
0.337
0.139
0.052
0.915
0.806
0.592
0.325
0.132
0.048
0.915
0.801
0.592
0.330
0.131
0.049
0.913
0.789
0.597
0.328
0.137
0.050
0.018
0.911
0.794
0.588
0.337
0.164
0.050
0.911
0.813
0.587
0.331
0.131
0.049
0.910
0.799
0.572
0.341
0.139
0.050
0.018
0.915
0.788
0.593
0.331
0.137
0.050
0.914
0.803
0.586
0.329
0.137
0.048
0.913
0.798
0.591
0.325
0.140
0.049
0.912
0.792
0.600
0.332
0.137
0.049
0.910
0.799
0.598
0.334
0.134
0.049
0.018
0.915
0.792
0.600
0.325
0.135
0.049
0.018
0.916
0.788
0.594
0.340
0.132
0.049
0.912
0.787
0.600
0.346
0.141
0.049
0.914
0.799
0.591
0.331
0.132
0.050
0.914
0.793
0.636
0.390
0.140
0.049
0.914
0.794
0.576
0.342
0.139
0.049
0.913
0.794
0.583
0.326
0.146
0.049
0.922
0.798
0.586
0.333
0.136
0.048
0.916
0.798
0.579
0.334
0.134
0.049
0.914
0.793
0.598
0.319
0.139
0.050
0.909
0.794
0.589
0.335
0.139
0.050
0.018
0.915
0.799
0.597
0.324
0.133
0.049
0.018
0.913
0.787
0.601
0.332
0.139
0.049
0.910
0.795
0.583
0.346
0.140
0.052
0.018
0.911
0.795
0.612
0.332
0.139
0.049
0.915
0.811
0.588
0.327
0.130
0.048
0.018
0.910
0.806
0.586
0.336
0.136
0.051
0.018
0.909
0.796
0.586
0.335
0.142
0.050
0.910
0.792
0.609
0.342
0.133
0.048
0.912
0.787
0.591
0.350
0.134
0.049
0.909
0.794
0.609
0.331
0.138
0.048
0.913
0.804
0.584
0.325
0.139
0.049
0.914
0.800
0.587
0.328
0.138
0.048
0.916
0.800
0.581
0.334
0.134
0.049
0.918
0.797
0.601
0.322
0.130
0.049
0.907
0.799
0.591
0.340
0.136
0.050
0.018
0.910
0.799
0.570
0.339
0.139
0.051
0.018
0.908
0.802
0.605
0.318
0.141
0.049
0.909
0.786
0.591
0.362
0.140
0.050
0.018
0.913
0.829
0.581
0.340
0.133
0.051
0.912
0.782
0.591
0.335
0.141
0.051
0.018
0.907
0.804
0.597
0.337
0.133
0.049
0.912
0.797
0.598
0.329
0.138
0.048
0.910
0.782
0.592
0.334
0.153
0.048
0.911
0.799
0.589
0.337
0.135
0.049
0.910
0.801
0.606
0.331
0.134
0.048
0.910
0.796
0.600
0.322
0.137
0.050
0.022
0.908
0.799
0.606
0.325
0.136
0.049
0.018
0.913
0.788
0.582
0.334
0.146
0.049
0.018
0.909
0.780
0.592
0.327
0.151
0.051
0.018
0.908
0.799
0.596
0.329
0.138
0.050
0.018
0.007
0.912
0.799
0.653
0.323
0.138
0.049
0.910
0.804
0.584
0.334
0.137
0.049
0.018
0.915
0.813
0.572
0.334
0.141
0.048
0.911
0.808
0.574
0.341
0.133
0.049
0.018
0.911
0.798
0.582
0.332
0.139
0.050
0.018
0.912
0.806
0.579
0.318
0.146
0.048
0.920
0.801
0.587
0.339
0.131
0.049
0.914
0.797
0.593
0.320
0.139
0.049
0.912
0.793
0.573
0.341
0.141
0.051
0.913
0.800
0.586
0.337
0.131
0.050
0.911
0.794
0.581
0.329
0.142
0.051
0.018
0.910
0.795
0.579
0.337
0.144
0.049
0.912
0.790
0.593
0.344
0.137
0.048
0.018
0.908
0.797
0.579
0.324
0.143
0.052
0.018
0.910
0.787
0.577
0.355
0.140
0.049
0.018
0.911
0.797
0.588
0.329
0.170
0.049
0.018
0.914
0.784
0.587
0.337
0.142
0.049
0.018
0.912
0.800
0.587
0.337
0.136
0.048
0.913
0.796
0.587
0.333
0.139
0.048
0.912
0.801
0.593
0.334
0.135
0.048
0.926
0.793
0.602
0.328
0.143
0.049
0.914
0.786
0.600
0.339
0.135
0.049
0.912
0.794
0.600
0.328
0.136
0.049
0.018
0.911
0.798
0.592
0.326
0.139
0.050
0.912
0.798
0.592
0.332
0.140
0.048
0.917
0.800
0.577
0.339
0.132
0.049
0.914
0.787
0.587
0.336
0.141
0.048
0.018
0.908
0.801
0.605
0.333
0.136
0.048
0.912
0.799
0.605
0.319
0.138
0.049
0.912
0.794
0.593
0.339
0.135
0.049
0.928
0.788
0.601
0.335
0.136
0.050
0.018
0.911
0.804
0.570
0.346
0.136
0.050
0.913
0.791
0.589
0.341
0.136
0.049
0.018
0.912
0.796
0.595
0.337
0.133
0.049
0.916
0.793
0.588
0.327
0.138
0.059
0.908
0.793
0.588
0.335
0.143
0.050
0.018
0.911
0.801
0.574
0.331
0.148
0.048
0.910
0.800
0.600
0.327
0.138
0.049
0.913
0.794
0.591
0.336
0.140
0.051
0.018
0.911
0.791
0.570
0.336
0.146
0.051
0.018
0.910
0.798
0.596
0.333
0.145
0.050
0.911
0.792
0.570
0.347
0.143
0.050
0.018
0.912
0.802
0.577
0.331
0.161
0.051
0.018
0.910
0.796
0.574
0.353
0.135
0.050
0.018
0.912
0.793
0.572
0.337
0.148
0.049
0.912
0.785
0.581
0.333
0.147
0.050
0.018
0.910
0.796
0.597
0.341
0.135
0.048
0.910
0.791
0.592
0.340
0.143
0.048
0.930
0.787
0.592
0.320
0.144
0.050
0.018
0.910
0.790
0.593
0.339
0.139
0.050
0.910
0.789
0.583
0.350
0.138
0.050
0.911
0.798
0.570
0.326
0.144
0.052
0.915
0.799
0.578
0.327
0.142
0.052
0.908
0.799
0.603
0.321
0.141
0.050
0.913
0.795
0.598
0.325
0.133
0.051
0.018
0.910
0.804
0.593
0.332
0.138
0.048
0.915
0.790
0.602
0.336
0.134
0.048
0.912
0.792
0.589
0.333
0.138
0.050
0.018
0.918
0.799
0.588
0.328
0.132
0.049
0.913
0.787
0.583
0.346
0.138
0.050
0.911
0.806
0.605
0.315
0.135
0.049
0.913
0.799
0.604
0.334
0.138
0.049
0.913
0.793
0.582
0.340
0.141
0.049
0.912
0.794
0.576
0.342
0.142
0.049
0.018
0.910
0.819
0.595
0.328
0.137
0.048
0.912
0.790
0.600
0.348
0.136
0.050
0.913
0.794
0.578
0.340
0.139
0.049
0.018
0.912
0.792
0.584
0.340
0.140
0.049
0.018
0.911
0.805
0.581
0.326
0.135
0.051
0.018
0.911
0.791
0.596
0.328
0.141
0.050
0.912
0.786
0.587
0.340
0.146
0.048
0.911
0.803
0.578
0.342
0.136
0.049
0.018
0.908
0.799
0.591
0.336
0.138
0.050
0.920
0.801
0.586
0.324
0.130
0.049
0.910
0.798
0.592
0.348
0.132
0.049
0.909
0.791
0.596
0.335
0.140
0.050
0.018
0.907
0.799
0.576
0.335
0.144
0.051
0.018
0.911
0.793
0.600
0.332
0.139
0.049
0.913
0.804
0.591
0.331
0.130
0.050
0.018
0.007
0.912
0.797
0.602
0.328
0.134
0.049
0.913
0.793
0.581
0.322
0.143
0.051
0.018
0.908
0.801
0.581
0.333
0.143
0.050
0.018
0.914
0.794
0.608
0.326
0.135
0.048
0.910
0.800
0.597
0.329
0.137
0.049
0.913
0.793
0.588
0.340
0.134
0.050
0.018
0.910
0.795
0.606
0.325
0.146
0.049
0.914
0.789
0.587
0.337
0.138
0.050
0.917
0.800
0.586
0.327
0.136
0.048
0.918
0.793
0.596
0.333
0.136
0.050
0.908
0.785
0.593
0.350
0.144
0.048
0.916
0.792
0.609
0.329
0.130
0.048
0.914
0.792
0.606
0.332
0.133
0.058
0.932
0.847
0.606
0.328
0.145
0.054
0.018
0.911
0.803
0.588
0.326
0.140
0.049
0.909
0.790
0.589
0.343
0.133
0.052
0.018
0.909
0.796
0.613
0.340
0.135
0.050
0.914
0.794
0.597
0.334
0.133
0.049
0.018
0.910
0.797
0.589
0.331
0.139
0.050
0.913
0.801
0.583
0.341
0.134
0.048
0.909
0.793
0.583
0.333
0.138
0.052
0.018
0.910
0.802
0.629
0.331
0.130
0.048
0.909
0.799
0.602
0.332
0.136
0.049
0.909
0.808
0.583
0.329
0.139
0.049
0.915
0.796
0.591
0.339
0.142
0.048
0.908
0.794
0.591
0.351
0.141
0.051
0.908
0.801
0.591
0.398
0.133
0.049
0.018
0.007
0.911
0.804
0.593
0.332
0.134
0.048
0.912
0.798
0.581
0.324
0.143
0.050
0.910
0.799
0.579
0.329
0.141
0.051
0.018
0.910
0.783
0.589
0.342
0.143
0.050
0.018
0.915
0.795
0.582
0.336
0.136
0.050
0.913
0.799
0.592
0.331
0.139
0.909
0.799
0.593
0.333
0.141
0.049
0.915
0.795
0.595
0.326
0.136
0.049
0.909
0.795
0.577
0.322
0.149
0.051
0.018
0.914
0.804
0.589
0.329
0.135
0.048
0.910
0.796
0.584
0.342
0.141
0.048
0.910
0.796
0.588
0.327
0.140
0.051
0.018
0.908
0.790
0.584
0.346
0.143
0.049
0.018
0.007
0.914
0.795
0.593
0.321
0.147
0.050
0.915
0.799
0.611
0.326
0.127
0.048
0.913
0.790
0.593
0.331
0.141
0.049
0.913
0.798
0.573
0.337
0.137
0.051
0.914
0.790
0.587
0.337
0.138
0.050
0.915
0.794
0.593
0.332
0.138
0.048
0.911
0.780
0.589
0.327
0.150
0.051
0.913
0.794
0.592
0.328
0.137
0.051
0.914
0.807
0.584
0.332
0.134
0.048
0.911
0.795
0.589
0.332
0.168
0.050
0.912
0.787
0.596
0.329
0.141
0.050
0.909
0.802
0.592
0.327
0.142
0.048
0.912
0.812
0.588
0.327
0.132
0.048
0.018
0.912
0.791
0.579
0.341
0.138
0.050
0.018
0.915
0.799
0.573
0.335
0.137
0.049
0.018
0.908
0.806
0.584
0.329
0.136
0.050
0.018
0.007
0.913
0.796
0.592
0.324
0.143
0.052
0.908
0.794
0.595
0.321
0.140
0.051
0.019
0.912
0.792
0.598
0.331
0.137
0.050
0.916
0.797
0.601
0.318
0.134
0.049
0.913
0.800
0.596
0.319
0.137
0.049
0.018
0.908
0.795
0.601
0.326
0.144
0.049
0.913
0.784
0.597
0.334
0.141
0.049
0.018
0.908
0.799
0.584
0.324
0.144
0.050
0.018
0.913
0.788
0.578
0.343
0.143
0.049
0.909
0.798
0.596
0.324
0.141
0.050
0.018
0.911
0.805
0.660
0.376
0.143
0.050
0.018
0.912
0.801
0.586
0.335
0.135
0.048
0.018
0.906
0.786
0.595
0.340
0.146
0.050
0.913
0.798
0.584
0.334
0.139
0.048
0.911
0.796
0.586
0.341
0.163
0.050
0.917
0.803
0.605
0.319
0.127
0.049
0.916
0.799
0.578
0.335
0.138
0.048
0.907
0.799
0.607
0.317
0.140
0.050
0.911
0.802
0.579
0.334
0.136
0.050
0.019
0.908
0.804
0.598
0.332
0.132
0.050
0.915
0.795
0.598
0.332
0.135
0.910
0.796
0.602
0.326
0.139
0.049
0.911
0.806
0.605
0.316
0.138
0.048
0.912
0.799
0.597
0.326
0.140
0.048
0.907
0.804
0.605
0.335
0.134
0.048
0.910
0.798
0.593
0.332
0.136
0.050
0.018
0.913
0.795
0.595
0.335
0.136
0.048
0.911
0.808
0.595
0.331
0.133
0.051
0.925
0.850
0.623
0.335
0.141
0.048
0.908
0.829
0.577
0.333
0.143
0.052
0.018
0.910
0.801
0.600
0.333
0.133
0.049
0.916
0.800
0.586
0.326
0.134
0.049
0.910
0.790
0.598
0.333
0.136
0.051
0.018
0.907
0.804
0.602
0.339
0.133
0.048
0.910
0.791
0.577
0.336
0.146
0.050
0.018
0.911
0.804
0.603
0.328
0.134
0.048
0.908
0.799
0.605
0.336
0.139
0.050
0.018
0.914
0.839
0.591
0.322
0.136
0.048
0.904
0.795
0.591
0.339
0.153
0.050
0.911
0.804
0.583
0.322
0.143
0.049
0.018
0.916
0.805
0.581
0.329
0.134
0.048
0.916
0.792
0.593
0.321
0.142
0.048
0.915
0.799
0.586
0.335
0.135
0.048
0.913
0.803
0.589
0.324
0.138
0.048
0.911
0.797
0.597
0.340
0.135
0.048
0.913
0.797
0.591
0.330
0.131
0.051
0.018
0.911
0.801
0.589
0.325
0.143
0.049
0.913
0.797
0.587
0.332
0.136
0.050
0.018
0.911
0.802
0.595
0.333
0.134
0.049
0.910
0.799
0.582
0.334
0.133
0.051
0.019
0.912
0.794
0.586
0.340
0.136
0.050
0.913
0.794
0.603
0.351
0.137
0.050
0.907
0.791
0.584
0.340
0.144
0.050
0.018
0.913
0.797
0.582
0.341
0.136
0.049
0.912
0.799
0.591
0.334
0.137
0.049
0.911
0.799
0.583
0.337
0.138
0.049
0.018
0.914
0.800
0.589
0.330
0.138
0.048
0.912
0.794
0.595
0.334
0.138
0.048
0.018
0.915
0.792
0.592
0.346
0.137
0.049
0.909
0.804
0.584
0.326
0.147
0.048
0.910
0.796
0.591
0.337
0.139
0.049
0.018
0.908
0.787
0.581
0.339
0.149
0.051
0.914
0.801
0.588
0.322
0.139
0.049
0.919
0.796
0.574
0.336
0.134
0.049
0.908
0.795
0.595
0.331
0.144
0.049
0.916
0.802
0.586
0.333
0.134
0.910
0.797
0.600
0.334
0.133
0.050
0.018
0.915
0.790
0.582
0.334
0.138
0.051
0.917
0.795
0.591
0.336
0.133
0.916
0.795
0.581
0.339
0.134
0.049
0.018
0.914
0.799
0.589
0.335
0.131
0.049
0.911
0.782
0.602
0.337
0.141
0.049
0.018
0.908
0.795
0.582
0.337
0.141
0.050
0.018
0.907
0.798
0.587
0.337
0.141
0.050
0.018
0.007
0.908
0.805
0.602
0.327
0.136
0.048
0.908
0.793
0.586
0.340
0.139
0.051
0.018
0.915
0.793
0.602
0.336
0.130
0.048
0.910
0.794
0.602
0.337
0.136
0.049
0.917
0.794
0.602
0.329
0.131
0.048
0.909
0.805
0.593
0.337
0.135
0.048
0.908
0.799
0.578
0.333
0.170
0.051
0.018
0.908
0.796
0.591
0.340
0.141
0.048
0.910
0.807
0.584
0.332
0.137
0.049
0.908
0.804
0.576
0.340
0.140
0.050
0.912
0.793
0.588
0.329
0.138
0.051
0.018
0.909
0.805
0.603
0.310
0.141
0.049
0.910
0.796
0.592
0.334
0.139
0.049
0.910
0.803
0.584
0.333
0.139
0.049
0.908
0.790
0.589
0.335
0.148
0.049
0.018
0.911
0.810
0.591
0.307
0.140
0.050
0.018
0.910
0.798
0.582
0.342
0.139
0.049
0.910
0.799
0.593
0.335
0.138
0.049
0.911
0.793
0.588
0.348
0.137
0.048
0.927
0.787
0.591
0.336
0.144
0.050
0.911
0.799
0.608
0.322
0.136
0.049
0.913
0.801
0.588
0.323
0.141
0.049
0.912
0.802
0.589
0.331
0.134
0.049
0.018
0.915
0.799
0.574
0.329
0.143
0.048
0.915
0.797
0.578
0.340
0.136
0.049
0.911
0.804
0.584
0.347
0.133
0.048
0.909
0.805
0.596
0.334
0.133
0.049
0.914
0.795
0.591
0.334
0.133
0.050
0.915
0.801
0.591
0.332
0.131
0.049
0.911
0.796
0.579
0.350
0.136
0.049
0.913
0.790
0.593
0.337
0.137
0.049
0.913
0.789
0.579
0.342
0.141
0.049
0.912
0.804
0.589
0.332
0.136
0.048
0.912
0.795
0.582
0.325
0.144
0.051
0.912
0.793
0.595
0.328
0.133
0.051
0.018
0.907
0.797
0.579
0.337
0.141
0.052
0.907
0.796
0.597
0.337
0.141
0.049
0.912
0.787
0.581
0.333
0.145
0.051
0.911
0.797
0.592
0.327
0.137
0.050
0.018
0.007
0.914
0.798
0.583
0.325
0.138
0.051
0.912
0.791
0.583
0.337
0.143
0.049
0.916
0.799
0.589
0.333
0.139
0.049
0.911
0.794
0.582
0.340
0.142
0.049
0.913
0.797
0.596
0.329
0.137
0.048
0.913
0.793
0.588
0.333
0.136
0.049
0.018
0.910
0.799
0.588
0.337
0.139
0.049
0.914
0.797
0.596
0.329
0.134
0.049
0.913
0.799
0.608
0.321
0.131
0.050
0.909
0.800
0.584
0.342
0.134
0.050
0.928
0.822
0.588
0.361
0.139
0.050
0.912
0.804
0.598
0.333
0.136
0.049
0.018
0.911
0.830
0.582
0.329
0.143
0.050
0.913
0.794
0.591
0.328
0.139
0.060
0.913
0.796
0.589
0.329
0.139
0.049
0.911
0.796
0.601
0.344
0.130
0.048
0.912
0.793
0.605
0.343
0.131
0.048
0.910
0.807
0.583
0.339
0.135
0.049
0.913
0.800
0.582
0.341
0.136
0.048
0.910
0.795
0.588
0.331
0.142
0.050
0.914
0.835
0.587
0.335
0.134
0.048
0.917
0.786
0.602
0.333
0.140
0.049
0.018
0.914
0.804
0.593
0.328
0.132
0.048
0.907
0.791
0.605
0.334
0.141
0.049
0.018
0.907
0.795
0.591
0.324
0.145
0.052
0.911
0.797
0.653
0.324
0.139
0.049
0.911
0.799
0.603
0.317
0.137
0.050
0.912
0.800
0.583
0.342
0.133
0.049
0.910
0.797
0.595
0.323
0.143
0.050
0.912
0.793
0.589
0.327
0.143
0.050
0.911
0.801
0.591
0.321
0.141
0.049
0.018
0.912
0.786
0.587
0.348
0.138
0.049
0.018
0.911
0.797
0.579
0.341
0.138
0.050
0.018
0.911
0.794
0.588
0.340
0.140
0.048
0.925
0.795
0.581
0.340
0.147
0.048
0.018
0.909
0.809
0.589
0.319
0.139
0.050
0.914
0.794
0.587
0.335
0.137
0.049
0.914
0.790
0.612
0.329
0.138
0.050
0.911
0.796
0.601
0.321
0.141
0.049
0.018
0.910
0.798
0.579
0.337
0.140
0.050
0.018
0.913
0.795
0.588
0.335
0.139
0.048
0.911
0.799
0.588
0.339
0.136
0.049
0.926
0.797
0.583
0.335
0.137
0.051
0.018
0.912
0.804
0.635
0.364
0.138
0.049
0.914
0.804
0.596
0.316
0.139
0.048
0.913
0.799
0.591
0.336
0.133
0.049
0.018
0.911
0.795
0.582
0.326
0.146
0.049
0.018
0.911
0.783
0.598
0.336
0.138
0.051
0.018
0.914
0.794
0.593
0.328
0.138
0.052
0.904
0.794
0.586
0.328
0.146
0.053
0.018
0.912
0.799
0.588
0.344
0.133
0.048
0.914
0.804
0.592
0.333
0.131
0.048
0.913
0.801
0.601
0.326
0.133
0.049
0.912
0.801
0.589
0.319
0.138
0.051
0.018
0.911
0.790
0.588
0.329
0.142
0.051
0.018
0.007
0.908
0.799
0.591
0.339
0.138
0.050
0.913
0.799
0.591
0.331
0.135
0.050
0.911
0.796
0.589
0.322
0.143
0.050
0.909
0.796
0.596
0.335
0.136
0.050
0.908
0.796
0.597
0.334
0.139
0.049
0.018
0.909
0.794
0.592
0.337
0.136
0.051
0.920
0.788
0.583
0.341
0.150
0.052
0.912
0.805
0.586
0.322
0.136
0.049
0.018
0.910
0.801
0.597
0.334
0.135
0.048
0.018
0.915
0.794
0.574
0.333
0.141
0.050
0.911
0.794
0.591
0.326
0.142
0.050
0.908
0.799
0.614
0.334
0.132
0.048
0.912
0.804
0.593
0.340
0.129
0.048
0.914
0.801
0.587
0.343
0.131
0.048
0.912
0.803
0.577
0.340
0.137
0.049
0.911
0.796
0.582
0.322
0.144
0.051
0.911
0.787
0.581
0.342
0.142
0.050
0.018
0.910
0.794
0.589
0.336
0.137
0.050
0.018
0.910
0.799
0.598
0.325
0.139
0.049
0.913
0.795
0.593
0.335
0.136
0.049
0.910
0.793
0.598
0.320
0.143
0.050
0.018
0.916
0.798
0.595
0.329
0.132
0.048
0.018
0.910
0.787
0.581
0.337
0.143
0.051
0.018
0.007
0.915
0.795
0.601
0.332
0.132
0.051
0.911
0.792
0.595
0.332
0.141
0.050
0.913
0.788
0.616
0.333
0.133
0.048
0.912
0.795
0.600
0.331
0.135
0.049
0.018
0.910
0.795
0.602
0.333
0.135
0.049
0.018
0.913
0.805
0.581
0.337
0.134
0.048
0.916
0.808
0.587
0.320
0.132
0.049
0.018
0.908
0.797
0.606
0.322
0.139
0.050
0.911
0.799
0.582
0.336
0.137
0.050
0.909
0.799
0.597
0.339
0.135
0.049
0.018
0.910
0.799
0.584
0.339
0.138
0.049
0.018
0.911
0.796
0.581
0.348
0.138
0.049
0.909
0.798
0.597
0.331
0.138
0.049
0.018
0.913
0.794
0.586
0.336
0.140
0.048
0.913
0.792
0.596
0.332
0.137
0.049
0.913
0.799
0.596
0.339
0.132
0.048
0.914
0.800
0.598
0.328
0.133
0.048
0.918
0.786
0.596
0.319
0.137
0.051
0.915
0.804
0.586
0.333
0.131
0.049
0.908
0.795
0.593
0.340
0.141
0.048
0.911
0.797
0.597
0.320
0.141
0.050
0.913
0.797
0.596
0.325
0.139
0.048
0.913
0.809
0.584
0.325
0.134
0.049
0.909
0.795
0.586
0.336
0.142
0.050
0.908
0.794
0.598
0.339
0.138
0.049
0.911
0.794
0.586
0.336
0.139
0.050
0.911
0.795
0.591
0.336
0.135
0.050
0.913
0.793
0.602
0.331
0.136
0.049
0.914
0.800
0.578
0.339
0.134
0.049
0.910
0.797
0.576
0.342
0.144
0.049
0.916
0.789
0.597
0.336
0.132
0.049
0.018
0.915
0.795
0.581
0.350
0.139
0.048
0.914
0.799
0.577
0.328
0.139
0.050
0.018
0.925
0.791
0.593
0.319
0.146
0.051
0.019
0.911
0.802
0.586
0.326
0.140
0.048
0.018
0.916
0.797
0.601
0.310
0.139
0.052
0.908
0.800
0.583
0.318
0.147
0.051
0.018
0.007
0.913
0.797
0.595
0.332
0.136
0.049
0.919
0.805
0.589
0.371
0.130
0.048
0.912
0.784
0.577
0.341
0.137
0.065
0.018
0.007
0.910
0.809
0.584
0.322
0.139
0.049
0.911
0.799
0.592
0.339
0.136
0.048
0.912
0.790
0.586
0.342
0.138
0.050
0.912
0.804
0.596
0.324
0.132
0.050
0.018
0.908
0.788
0.603
0.327
0.142
0.051
0.917
0.804
0.589
0.319
0.134
0.048
0.913
0.807
0.582
0.344
0.136
0.049
0.018
0.908
0.793
0.573
0.336
0.147
0.052
0.913
0.798
0.578
0.336
0.140
0.049
0.911
0.807
0.587
0.326
0.137
0.049
0.911
0.803
0.588
0.334
0.137
0.048
0.018
0.908
0.791
0.587
0.333
0.146
0.050
0.018
0.913
0.792
0.591
0.334
0.145
0.050
0.910
0.807
0.593
0.321
0.139
0.049
0.910
0.797
0.586
0.325
0.148
0.049
0.915
0.795
0.581
0.342
0.135
0.048
0.913
0.793
0.591
0.332
0.138
0.050
0.909
0.794
0.596
0.340
0.135
0.049
0.018
0.915
0.799
0.576
0.326
0.138
0.050
0.018
0.913
0.792
0.589
0.328
0.138
0.051
0.018
0.917
0.790
0.601
0.321
0.137
0.049
0.908
0.797
0.591
0.337
0.168
0.049
0.914
0.793
0.589
0.336
0.138
0.048
0.913
0.788
0.592
0.339
0.137
0.049
0.913
0.799
0.604
0.335
0.137
0.048
0.911
0.800
0.579
0.333
0.139
0.050
0.018
0.915
0.796
0.582
0.333
0.136
0.050
0.914
0.804
0.581
0.331
0.134
0.049
0.911
0.799
0.572
0.337
0.144
0.050
0.911
0.799
0.588
0.353
0.131
0.048
0.911
0.788
0.597
0.337
0.141
0.049
0.915
0.807
0.582
0.321
0.137
0.048
0.913
0.804
0.588
0.318
0.139
0.049
0.917
0.799
0.584
0.333
0.134
0.048
0.914
0.794
0.584
0.320
0.140
0.052
0.914
0.791
0.597
0.329
0.139
0.048
0.916
0.807
0.583
0.322
0.137
0.048
0.918
0.794
0.586
0.337
0.139
0.049
0.913
0.841
0.591
0.331
0.133
0.048
0.912
0.802
0.602
0.329
0.133
0.048
0.914
0.798
0.600
0.318
0.138
0.049
0.909
0.796
0.592
0.333
0.144
0.048
0.915
0.809
0.602
0.319
0.129
0.048
0.910
0.829
0.579
0.326
0.148
0.050
0.018
0.912
0.794
0.600
0.319
0.139
0.050
0.018
0.912
0.800
0.601
0.318
0.138
0.049
0.018
0.914
0.797
0.595
0.329
0.136
0.048
0.915
0.788
0.583
0.340
0.137
0.050
0.018
0.913
0.796
0.596
0.336
0.136
0.048
0.909
0.799
0.588
0.333
0.139
0.050
0.018
0.915
0.791
0.591
0.337
0.136
0.049
0.910
0.802
0.588
0.327
0.141
0.049
0.910
0.794
0.574
0.341
0.144
0.053
0.910
0.799
0.569
0.325
0.141
0.054
0.018
0.910
0.800
0.591
0.328
0.145
0.050
0.018
0.908
0.800
0.593
0.336
0.138
0.049
0.908
0.787
0.579
0.341
0.148
0.050
0.018
0.007
0.911
0.803
0.597
0.324
0.140
0.048
0.912
0.795
0.627
0.325
0.138
0.048
0.911
0.792
0.600
0.332
0.139
0.051
0.018
0.909
0.792
0.591
0.340
0.138
0.050
0.018
0.007
0.912
0.799
0.595
0.331
0.136
0.049
0.912
0.808
0.582
0.320
0.136
0.051
0.910
0.801
0.579
0.342
0.134
0.050
0.018
0.913
0.799
0.577
0.344
0.132
0.050
0.915
0.800
0.601
0.335
0.134
0.049
0.913
0.800
0.597
0.318
0.136
0.050
0.914
0.798
0.603
0.327
0.133
0.048
0.911
0.797
0.607
0.333
0.132
0.048
0.018
0.915
0.797
0.582
0.317
0.143
0.050
0.018
0.912
0.793
0.596
0.324
0.141
0.050
0.910
0.787
0.587
0.346
0.142
0.049
0.018
0.911
0.800
0.581
0.337
0.136
0.050
0.912
0.801
0.589
0.324
0.140
0.049
0.018
0.007
0.913
0.800
0.601
0.324
0.131
0.053
0.018
0.915
0.796
0.589
0.339
0.132
0.049
0.911
0.798
0.581
0.331
0.141
0.051
0.018
0.911
0.801
0.596
0.337
0.133
0.048
0.908
0.791
0.582
0.329
0.149
0.051
0.913
0.795
0.598
0.325
0.136
0.050
0.908
0.799
0.572
0.340
0.146
0.049
0.018
0.913
0.789
0.581
0.329
0.141
0.052
0.909
0.793
0.591
0.337
0.138
0.050
0.018
0.007
0.911
0.799
0.574
0.322
0.147
0.051
0.908
0.803
0.587
0.394
0.134
0.050
0.018
0.911
0.794
0.593
0.337
0.139
0.048
0.018
0.913
0.803
0.579
0.329
0.140
0.049
0.917
0.798
0.587
0.332
0.134
0.048
0.909
0.798
0.595
0.339
0.136
0.049
0.913
0.799
0.588
0.317
0.140
0.050
0.018
0.913
0.796
0.582
0.335
0.136
0.050
0.915
0.802
0.583
0.329
0.134
0.049
0.912
0.789
0.593
0.331
0.140
0.050
0.018
0.913
0.799
0.582
0.331
0.141
0.048
0.018
0.906
0.798
0.601
0.331
0.139
0.050
0.913
0.812
0.645
0.313
0.136
0.049
0.914
0.795
0.595
0.328
0.136
0.048
0.018
0.915
0.796
0.605
0.337
0.127
0.048
0.913
0.803
0.583
0.337
0.133
0.049
0.910
0.788
0.597
0.344
0.138
0.048
0.018
0.916
0.804
0.582
0.333
0.130
0.049
0.018
0.913
0.804
0.579
0.325
0.139
0.049
0.018
0.915
0.802
0.591
0.332
0.130
0.049
0.909
0.801
0.601
0.339
0.134
0.048
0.917
0.792
0.612
0.332
0.129
0.913
0.795
0.583
0.341
0.135
0.050
0.917
0.801
0.579
0.334
0.133
0.048
0.913
0.799
0.588
0.320
0.144
0.048
0.910
0.803
0.592
0.335
0.134
0.049
0.912
0.790
0.592
0.334
0.141
0.049
0.018
0.913
0.793
0.588
0.333
0.135
0.051
0.906
0.785
0.588
0.334
0.149
0.051
0.018
0.910
0.796
0.609
0.341
0.132
0.911
0.793
0.595
0.337
0.138
0.049
0.910
0.785
0.587
0.342
0.143
0.050
0.018
0.916
0.809
0.582
0.327
0.136
0.050
0.911
0.794
0.592
0.353
0.133
0.048
0.914
0.799
0.586
0.325
0.141
0.048
0.915
0.796
0.611
0.328
0.128
0.048
0.910
0.794
0.600
0.334
0.137
0.049
0.018
0.911
0.794
0.591
0.329
0.138
0.051
0.913
0.804
0.574
0.328
0.141
0.049
0.909
0.806
0.586
0.335
0.134
0.050
0.914
0.788
0.582
0.341
0.139
0.049
0.913
0.804
0.586
0.334
0.139
0.049
0.018
0.909
0.794
0.602
0.339
0.138
0.048
0.917
0.797
0.583
0.336
0.133
0.048
0.912
0.793
0.581
0.329
0.148
0.049
0.915
0.794
0.599
0.325
0.143
0.049
0.914
0.794
0.603
0.325
0.134
0.049
0.912
0.799
0.591
0.332
0.142
0.050
0.018
0.909
0.796
0.608
0.331
0.133
0.050
0.915
0.796
0.592
0.335
0.131
0.049
0.913
0.802
0.603
0.320
0.133
0.049
0.018
0.911
0.788
0.614
0.339
0.133
0.048
0.908
0.802
0.578
0.337
0.138
0.051
0.909
0.804
0.586
0.342
0.135
0.048
0.909
0.794
0.588
0.328
0.139
0.053
0.918
0.794
0.586
0.322
0.136
0.049
0.018
0.918
0.792
0.593
0.327
0.137
0.048
0.912
0.800
0.589
0.333
0.137
0.048
0.907
0.788
0.600
0.339
0.141
0.050
0.018
0.911
0.797
0.591
0.327
0.141
0.049
0.913
0.793
0.597
0.341
0.134
0.048
0.912
0.808
0.579
0.336
0.135
0.048
0.909
0.795
0.589
0.336
0.143
0.049
0.911
0.800
0.593
0.325
0.141
0.049
0.909
0.801
0.598
0.335
0.138
0.917
0.801
0.591
0.317
0.134
0.050
0.906
0.800
0.602
0.339
0.143
0.049
0.913
0.801
0.574
0.334
0.134
0.051
0.912
0.794
0.608
0.326
0.135
0.049
0.911
0.794
0.591
0.331
0.138
0.049
0.018
0.915
0.794
0.588
0.335
0.136
0.048
0.911
0.796
0.608
0.325
0.136
0.052
0.908
0.795
0.586
0.384
0.146
0.049
0.915
0.790
0.586
0.336
0.138
0.049
0.018
0.910
0.800
0.601
0.326
0.136
0.049
0.018
0.913
0.794
0.612
0.326
0.133
0.058
0.907
0.795
0.600
0.339
0.134
0.050
0.018
0.917
0.795
0.576
0.332
0.135
0.050
0.911
0.799
0.579
0.327
0.141
0.051
0.018
0.913
0.801
0.583
0.322
0.139
0.050
0.018
0.913
0.796
0.586
0.331
0.140
0.049
0.908
0.789
0.583
0.341
0.141
0.051
0.018
0.911
0.799
0.582
0.337
0.138
0.049
0.018
0.910
0.800
0.583
0.329
0.137
0.051
0.018
0.911
0.799
0.603
0.326
0.133
0.049
0.018
0.910
0.803
0.587
0.324
0.143
0.053
0.911
0.803
0.597
0.333
0.133
0.049
0.912
0.794
0.595
0.336
0.136
0.049
0.914
0.799
0.665
0.320
0.133
0.048
0.912
0.802
0.591
0.328
0.136
0.049
0.911
0.790
0.583
0.347
0.138
0.050
0.018
0.904
0.793
0.586
0.337
0.144
0.052
0.912
0.792
0.583
0.321
0.146
0.051
0.018
0.913
0.800
0.600
0.320
0.134
0.050
0.913
0.804
0.588
0.320
0.136
0.050
0.018
0.912
0.799
0.591
0.332
0.136
0.049
0.018
0.914
0.800
0.589
0.333
0.131
0.049
0.018
0.913
0.812
0.587
0.333
0.130
0.915
0.794
0.603
0.335
0.131
0.047
0.018
0.909
0.797
0.591
0.328
0.141
0.051
0.926
0.796
0.597
0.329
0.136
0.051
0.914
0.803
0.602
0.316
0.133
0.049
0.913
0.790
0.592
0.329
0.140
0.050
0.915
0.783
0.589
0.334
0.144
0.049
0.912
0.794
0.601
0.322
0.139
0.049
0.910
0.798
0.582
0.332
0.139
0.051
0.917
0.793
0.597
0.322
0.136
0.048
0.019
0.922
0.785
0.597
0.322
0.148
0.050
0.018
0.915
0.796
0.578
0.348
0.134
0.048
0.914
0.797
0.595
0.333
0.134
0.048
0.910
0.791
0.588
0.343
0.138
0.049
0.018
0.914
0.796
0.597
0.323
0.139
0.048
0.018
0.913
0.793
0.601
0.331
0.136
0.048
0.906
0.787
0.601
0.340
0.141
0.051
0.913
0.794
0.592
0.329
0.136
0.050
0.913
0.783
0.588
0.331
0.139
0.053
0.913
0.804
0.589
0.329
0.136
0.048
0.909
0.792
0.595
0.331
0.141
0.050
0.018
0.911
0.802
0.600
0.328
0.135
0.048
0.912
0.790
0.592
0.329
0.144
0.049
0.913
0.791
0.600
0.328
0.136
0.050
0.018
0.909
0.791
0.588
0.345
0.144
0.051
0.018
0.913
0.788
0.578
0.339
0.143
0.050
0.912
0.799
0.589
0.334
0.136
0.049
0.018
0.912
0.806
0.601
0.321
0.132
0.048
0.018
0.915
0.789
0.587
0.342
0.139
0.913
0.800
0.591
0.327
0.137
0.049
0.908
0.783
0.593
0.333
0.148
0.050
0.018
0.916
0.794
0.588
0.321
0.141
0.049
0.908
0.793
0.588
0.341
0.136
0.051
0.018
0.007
0.913
0.792
0.593
0.333
0.137
0.050
0.912
0.797
0.587
0.340
0.139
0.048
0.911
0.804
0.588
0.334
0.134
0.049
0.018
0.909
0.792
0.595
0.332
0.139
0.051
0.018
0.910
0.792
0.607
0.336
0.134
0.049
0.917
0.799
0.586
0.326
0.135
0.049
0.912
0.791
0.581
0.333
0.138
0.053
0.904
0.795
0.587
0.328
0.150
0.050
0.018
0.908
0.789
0.602
0.332
0.139
0.050
0.018
0.915
0.793
0.596
0.334
0.161
0.048
0.914
0.800
0.591
0.333
0.131
0.049
0.018
0.911
0.786
0.583
0.333
0.152
0.049
0.912
0.794
0.647
0.328
0.138
0.050
0.018
0.007
0.910
0.806
0.591
0.332
0.141
0.050
0.909
0.792
0.613
0.315
0.144
0.049
0.909
0.802
0.601
0.332
0.133
0.049
0.018
0.912
0.796
0.587
0.326
0.142
0.050
0.913
0.802
0.584
0.335
0.133
0.048
0.018
0.911
0.796
0.616
0.325
0.136
0.048
0.909
0.794
0.588
0.340
0.138
0.050
0.018
0.909
0.787
0.559
0.341
0.146
0.053
0.019
0.915
0.791
0.588
0.327
0.137
0.051
0.908
0.801
0.591
0.331
0.140
0.049
0.018
0.914
0.793
0.583
0.341
0.138
0.059
0.909
0.839
0.584
0.326
0.141
0.050
0.912
0.797
0.591
0.335
0.134
0.050
0.907
0.798
0.583
0.347
0.138
0.050
0.018
0.911
0.791
0.591
0.328
0.143
0.050
0.908
0.788
0.600
0.339
0.138
0.050
0.018
0.910
0.801
0.583
0.329
0.142
0.050
0.907
0.796
0.592
0.347
0.136
0.049
0.018
0.912
0.804
0.582
0.335
0.136
0.049
0.911
0.790
0.592
0.336
0.141
0.049
0.909
0.803
0.587
0.331
0.143
0.048
0.912
0.788
0.588
0.341
0.138
0.050
0.913
0.799
0.596
0.340
0.129
0.048
0.911
0.809
0.597
0.325
0.131
0.049
0.913
0.802
0.644
0.335
0.136
0.913
0.806
0.576
0.334
0.135
0.049
0.018
0.915
0.791
0.591
0.331
0.139
0.049
0.915
0.819
0.589
0.331
0.131
0.909
0.791
0.586
0.350
0.139
0.049
0.915
0.798
0.600
0.327
0.133
0.048
0.909
0.793
0.591
0.339
0.142
0.049
0.911
0.804
0.589
0.331
0.138
0.049
0.908
0.804
0.584
0.340
0.138
0.049
0.915
0.794
0.597
0.313
0.149
0.050
0.911
0.793
0.596
0.336
0.138
0.049
0.912
0.795
0.592
0.335
0.134
0.050
0.913
0.786
0.593
0.335
0.142
0.049
0.018
0.909
0.794
0.597
0.329
0.141
0.050
0.913
0.795
0.595
0.334
0.138
0.048
0.912
0.789
0.583
0.334
0.148
0.049
0.910
0.805
0.597
0.326
0.135
0.049
0.913
0.794
0.588
0.331
0.138
0.050
0.911
0.792
0.588
0.336
0.143
0.049
0.910
0.798
0.570
0.328
0.140
0.052
0.019
0.910
0.804
0.595
0.332
0.138
0.051
0.018
0.908
0.794
0.582
0.333
0.144
0.051
0.018
0.910
0.805
0.570
0.328
0.144
0.050
0.911
0.795
0.588
0.333
0.141
0.049
0.912
0.799
0.589
0.339
0.133
0.049
0.911
0.788
0.608
0.324
0.140
0.049
0.018
0.910
0.803
0.600
0.325
0.138
0.049
0.912
0.798
0.593
0.332
0.138
0.048
0.913
0.791
0.584
0.331
0.172
0.049
0.018
0.912
0.801
0.568
0.352
0.147
0.048
0.912
0.806
0.598
0.332
0.130
0.048
0.931
0.792
0.589
0.332
0.138
0.049
0.909
0.782
0.600
0.349
0.137
0.050
0.917
0.798
0.603
0.326
0.129
0.048
0.917
0.808
0.592
0.326
0.129
0.048
0.911
0.791
0.600
0.329
0.138
0.049
0.018
0.007
0.914
0.785
0.570
0.328
0.144
0.053
0.018
0.911
0.799
0.592
0.331
0.139
0.049
0.915
0.794
0.597
0.333
0.133
0.049
0.911
0.794
0.595
0.336
0.140
0.058
0.904
0.788
0.581
0.342
0.149
0.051
0.018
0.911
0.796
0.579
0.322
0.149
0.050
0.914
0.798
0.584
0.329
0.141
0.048
0.914
0.792
0.598
0.334
0.136
0.048
0.913
0.791
0.591
0.336
0.135
0.050
0.018
0.915
0.796
0.586
0.323
0.141
0.049
0.018
0.913
0.787
0.593
0.336
0.139
0.049
0.018
0.915
0.788
0.608
0.326
0.136
0.048
0.911
0.793
0.597
0.352
0.130
0.048
0.914
0.797
0.582
0.331
0.139
0.049
0.018
0.914
0.790
0.593
0.334
0.136
0.050
0.911
0.808
0.591
0.329
0.135
0.048
0.906
0.794
0.591
0.344
0.143
0.048
0.018
0.915
0.799
0.581
0.326
0.141
0.049
0.911
0.794
0.586
0.346
0.134
0.050
0.018
0.910
0.801
0.635
0.339
0.139
0.049
0.912
0.799
0.605
0.335
0.130
0.048
0.913
0.824
0.573
0.337
0.150
0.049
0.922
0.794
0.591
0.318
0.139
0.050
0.018
0.909
0.796
0.578
0.329
0.148
0.050
0.909
0.790
0.589
0.383
0.164
0.050
0.914
0.796
0.598
0.327
0.134
0.049
0.913
0.798
0.588
0.333
0.138
0.049
0.931
0.793
0.596
0.328
0.136
0.049
0.912
0.790
0.591
0.358
0.136
0.049
0.018
0.913
0.799
0.600
0.328
0.137
0.912
0.799
0.592
0.327
0.139
0.049
0.910
0.798
0.587
0.336
0.136
0.050
0.018
0.915
0.797
0.588
0.325
0.141
0.048
0.912
0.793
0.598
0.334
0.136
0.049
0.905
0.794
0.586
0.346
0.146
0.048
0.018
0.907
0.792
0.582
0.339
0.145
0.050
0.018
0.916
0.802
0.584
0.326
0.136
0.049
0.915
0.793
0.586
0.341
0.133
0.049
0.018
0.915
0.801
0.588
0.325
0.132
0.050
0.018
0.908
0.796
0.583
0.334
0.148
0.049
0.908
0.795
0.593
0.342
0.139
0.048
0.914
0.780
0.607
0.331
0.137
0.050
0.908
0.799
0.596
0.334
0.136
0.050
0.914
0.792
0.588
0.340
0.138
0.048
0.910
0.795
0.607
0.322
0.139
0.049
0.018
0.910
0.790
0.603
0.334
0.139
0.049
0.912
0.797
0.581
0.334
0.141
0.050
0.913
0.797
0.593
0.332
0.138
0.048
0.908
0.799
0.576
0.332
0.146
0.051
0.917
0.793
0.587
0.325
0.140
0.049
0.915
0.812
0.595
0.319
0.129
0.048
0.916
0.802
0.577
0.336
0.133
0.048
0.018
0.912
0.795
0.595
0.334
0.139
0.048
0.909
0.795
0.579
0.333
0.145
0.051
0.908
0.787
0.584
0.348
0.145
0.049
0.018
0.912
0.799
0.592
0.329
0.138
0.048
0.018
0.914
0.801
0.611
0.318
0.131
0.048
0.018
0.915
0.801
0.589
0.328
0.133
0.049
0.916
0.793
0.589
0.332
0.136
0.049
0.018
0.908
0.799
0.591
0.350
0.143
0.048
0.910
0.788
0.603
0.328
0.141
0.049
0.018
0.911
0.799
0.586
0.335
0.138
0.049
0.018
0.911
0.792
0.593
0.334
0.137
0.051
0.909
0.807
0.588
0.347
0.142
0.050
0.018
0.912
0.794
0.598
0.326
0.138
0.049
0.915
0.807
0.591
0.315
0.134
0.049
0.912
0.795
0.591
0.336
0.135
0.050
0.018
0.911
0.796
0.596
0.328
0.139
0.049
0.018
0.915
0.798
0.586
0.340
0.135
0.048
0.912
0.798
0.598
0.341
0.127
0.049
0.018
0.007
0.913
0.802
0.593
0.325
0.134
0.050
0.916
0.804
0.577
0.329
0.135
0.048
0.018
0.916
0.801
0.582
0.329
0.134
0.049
0.018
0.908
0.800
0.588
0.333
0.140
0.050
0.914
0.801
0.589
0.331
0.136
0.048
0.914
0.794
0.588
0.333
0.136
0.049
0.915
0.799
0.595
0.329
0.134
0.048
0.909
0.787
0.591
0.329
0.144
0.052
0.912
0.798
0.591
0.335
0.133
0.050
0.914
0.792
0.593
0.349
0.129
0.049
0.915
0.799
0.588
0.333
0.131
0.049
0.018
0.912
0.797
0.573
0.327
0.148
0.050
0.908
0.794
0.591
0.347
0.136
0.050
0.914
0.788
0.582
0.326
0.141
0.052
0.908
0.794
0.588
0.339
0.143
0.050
0.911
0.804
0.592
0.327
0.136
0.049
0.912
0.789
0.597
0.335
0.136
0.050
0.912
0.796
0.589
0.326
0.141
0.049
0.018
0.914
0.809
0.600
0.328
0.128
0.913
0.801
0.589
0.329
0.135
0.049
0.910
0.787
0.591
0.331
0.143
0.051
0.018
0.916
0.790
0.661
0.326
0.160
0.048
0.914
0.799
0.583
0.334
0.136
0.049
0.911
0.797
0.606
0.333
0.133
0.048
0.912
0.787
0.601
0.331
0.138
0.053
0.913
0.795
0.593
0.331
0.137
0.049
0.911
0.803
0.589
0.343
0.133
0.048
0.018
0.912
0.786
0.600
0.398
0.134
0.049
0.018
0.909
0.799
0.576
0.341
0.141
0.050
0.914
0.799
0.597
0.327
0.135
0.048
0.912
0.801
0.600
0.320
0.137
0.049
0.912
0.796
0.582
0.328
0.139
0.051
0.018
0.910
0.794
0.596
0.328
0.137
0.051
0.018
0.915
0.799
0.597
0.334
0.131
0.048
0.918
0.790
0.605
0.319
0.131
0.050
0.914
0.802
0.592
0.331
0.134
0.048
0.911
0.794
0.595
0.334
0.141
0.048
0.912
0.798
0.573
0.335
0.141
0.050
0.917
0.796
0.581
0.341
0.131
0.049
0.912
0.789
0.587
0.324
0.147
0.049
0.018
0.909
0.798
0.595
0.336
0.136
0.049
0.018
0.911
0.795
0.598
0.334
0.140
0.908
0.799
0.601
0.324
0.140
0.049
0.018
0.914
0.807
0.614
0.309
0.154
0.048
0.018
0.910
0.808
0.596
0.321
0.134
0.049
0.018
0.912
0.807
0.576
0.332
0.139
0.049
0.914
0.797
0.608
0.336
0.132
0.050
0.913
0.797
0.596
0.336
0.133
0.049
0.903
0.797
0.588
0.333
0.144
0.052
0.912
0.797
0.586
0.339
0.139
0.048
0.909
0.798
0.605
0.349
0.129
0.047
0.018
0.908
0.787
0.639
0.327
0.150
0.051
0.018
0.913
0.786
0.588
0.339
0.139
0.050
0.908
0.794
0.658
0.326
0.141
0.050
0.910
0.792
0.596
0.336
0.137
0.050
0.913
0.800
0.595
0.331
0.133
0.049
0.915
0.788
0.586
0.327
0.140
0.050
0.018
0.007
0.930
0.783
0.598
0.342
0.135
0.049
0.906
0.785
0.592
0.353
0.143
0.049
0.911
0.801
0.596
0.336
0.133
0.049
0.915
0.795
0.592
0.327
0.131
0.051
0.910
0.797
0.584
0.336
0.137
0.051
0.912
0.799
0.588
0.331
0.139
0.049
0.909
0.808
0.589
0.324
0.135
0.050
0.914
0.808
0.582
0.326
0.137
0.048
0.909
0.787
0.591
0.343
0.137
0.051
0.018
0.910
0.787
0.577
0.333
0.147
0.051
0.018
0.913
0.833
0.586
0.340
0.137
0.048
0.910
0.797
0.611
0.324
0.136
0.049
0.910
0.796
0.647
0.325
0.142
0.050
0.913
0.796
0.597
0.321
0.139
0.049
0.910
0.799
0.601
0.324
0.137
0.050
0.018
0.912
0.796
0.600
0.327
0.137
0.049
0.908
0.792
0.595
0.328
0.138
0.051
0.019
0.007
0.911
0.787
0.584
0.343
0.137
0.052
0.913
0.795
0.589
0.332
0.139
0.049
0.910
0.797
0.596
0.333
0.139
0.049
0.913
0.832
0.565
0.334
0.137
0.053
0.909
0.799
0.597
0.318
0.140
0.051
0.907
0.798
0.598
0.326
0.145
0.059
0.910
0.800
0.583
0.334
0.139
0.050
0.915
0.800
0.598
0.339
0.127
0.048
0.912
0.796
0.588
0.327
0.138
0.050
0.018
0.912
0.796
0.591
0.331
0.138
0.049
0.022
0.913
0.790
0.584
0.337
0.140
0.060
0.022
0.903
0.798
0.595
0.337
0.144
0.049
0.018
0.912
0.803
0.592
0.326
0.139
0.048
0.914
0.799
0.647
0.331
0.134
0.049
0.018
0.909
0.795
0.617
0.318
0.138
0.048
0.018
0.007
0.914
0.801
0.589
0.336
0.131
0.048
0.929
0.786
0.607
0.327
0.147
0.049
0.019
0.913
0.791
0.589
0.337
0.141
0.048
0.908
0.795
0.583
0.343
0.138
0.051
0.018
0.910
0.792
0.583
0.336
0.143
0.050
0.018
0.913
0.799
0.581
0.337
0.138
0.049
0.911
0.798
0.593
0.344
0.133
0.048
0.913
0.789
0.583
0.339
0.138
0.051
0.909
0.791
0.598
0.350
0.141
0.050
0.913
0.793
0.603
0.333
0.134
0.048
0.018
0.913
0.787
0.587
0.346
0.138
0.049
0.917
0.787
0.595
0.324
0.141
0.049
0.915
0.794
0.583
0.331
0.137
0.050
0.018
0.910
0.799
0.586
0.334
0.141
0.049
0.910
0.798
0.595
0.341
0.137
0.048
0.913
0.799
0.589
0.326
0.137
0.050
0.018
0.911
0.838
0.569
0.326
0.140
0.051
0.018
0.913
0.787
0.600
0.339
0.138
0.048
0.911
0.802
0.602
0.333
0.131
0.049
0.915
0.791
0.592
0.328
0.138
0.049
0.018
0.914
0.800
0.589
0.325
0.137
0.049
0.912
0.794
0.592
0.327
0.140
0.050
0.908
0.788
0.588
0.348
0.141
0.049
0.910
0.799
0.592
0.331
0.136
0.050
0.018
0.909
0.792
0.588
0.341
0.140
0.049
0.018
0.911
0.794
0.583
0.333
0.141
0.050
0.914
0.799
0.583
0.324
0.140
0.050
0.909
0.798
0.592
0.347
0.136
0.048
0.916
0.840
0.589
0.327
0.131
0.048
0.911
0.798
0.597
0.329
0.137
0.049
0.916
0.804
0.597
0.319
0.133
0.048
0.913
0.799
0.596
0.319
0.141
0.048
0.907
0.793
0.591
0.328
0.146
0.051
0.909
0.787
0.595
0.351
0.136
0.052
0.018
0.912
0.790
0.603
0.335
0.134
0.049
0.911
0.797
0.593
0.327
0.142
0.048
0.912
0.817
0.597
0.327
0.131
0.048
0.018
0.914
0.834
0.578
0.336
0.138
0.049
0.908
0.804
0.582
0.341
0.136
0.053
0.018
0.916
0.795
0.588
0.334
0.133
0.049
0.913
0.812
0.579
0.331
0.134
0.048
0.909
0.792
0.596
0.341
0.138
0.049
0.910
0.802
0.583
0.334
0.141
0.049
0.912
0.802
0.595
0.324
0.133
0.050
0.018
0.911
0.801
0.589
0.333
0.135
0.050
0.914
0.799
0.596
0.324
0.139
0.048
0.912
0.792
0.595
0.333
0.141
0.052
0.912
0.804
0.584
0.335
0.134
0.049
0.909
0.794
0.597
0.330
0.138
0.051
0.907
0.792
0.584
0.334
0.149
0.050
0.914
0.805
0.578
0.337
0.134
0.048
0.018
0.913
0.833
0.572
0.337
0.140
0.049
0.018
0.908
0.787
0.587
0.350
0.141
0.049
0.018
0.912
0.803
0.597
0.333
0.133
0.048
0.911
0.796
0.592
0.333
0.138
0.049
0.917
0.798
0.588
0.324
0.133
0.050
0.018
0.910
0.803
0.597
0.328
0.134
0.050
0.018
0.915
0.808
0.596
0.325
0.130
0.048
0.909
0.791
0.588
0.332
0.148
0.049
0.910
0.798
0.595
0.329
0.139
0.049
0.913
0.791
0.597
0.326
0.139
0.049
0.908
0.800
0.593
0.334
0.138
0.049
0.018
0.007
0.912
0.793
0.593
0.331
0.138
0.050
0.018
0.913
0.780
0.591
0.337
0.137
0.052
0.915
0.791
0.587
0.340
0.134
0.050
0.018
0.915
0.790
0.593
0.329
0.139
0.049
0.912
0.790
0.595
0.343
0.137
0.048
0.018
0.916
0.800
0.591
0.326
0.133
0.049
0.911
0.795
0.586
0.344
0.141
0.050
0.018
0.917
0.797
0.584
0.327
0.137
0.049
0.018
0.912
0.792
0.581
0.331
0.147
0.049
0.916
0.801
0.596
0.327
0.131
0.048
0.913
0.798
0.588
0.339
0.136
0.048
0.913
0.793
0.589
0.334
0.140
0.049
0.910
0.799
0.598
0.337
0.131
0.049
0.018
0.914
0.794
0.583
0.335
0.139
0.049
0.018
0.913
0.796
0.608
0.329
0.140
0.048
0.914
0.804
0.579
0.340
0.160
0.048
0.909
0.797
0.601
0.345
0.139
0.049
0.018
0.914
0.798
0.596
0.320
0.139
0.049
0.915
0.806
0.587
0.331
0.131
0.048
0.018
0.908
0.801
0.601
0.343
0.132
0.048
0.911
0.792
0.601
0.333
0.136
0.049
0.913
0.835
0.582
0.336
0.134
0.049
0.018
0.909
0.800
0.592
0.334
0.137
0.049
0.910
0.797
0.605
0.311
0.140
0.051
0.018
0.912
0.796
0.591
0.337
0.137
0.048
0.918
0.799
0.592
0.324
0.139
0.049
0.912
0.797
0.583
0.344
0.138
0.048
0.908
0.804
0.578
0.325
0.146
0.049
0.018
0.907
0.793
0.587
0.321
0.144
0.052
0.019
0.913
0.803
0.583
0.327
0.137
0.050
0.911
0.799
0.605
0.341
0.136
0.048
0.911
0.794
0.583
0.332
0.143
0.050
0.909
0.794
0.597
0.340
0.137
0.049
0.916
0.786
0.593
0.321
0.144
0.049
0.018
0.911
0.794
0.589
0.331
0.141
0.049
0.914
0.799
0.596
0.324
0.137
0.048
0.906
0.797
0.591
0.333
0.143
0.050
0.907
0.799
0.601
0.327
0.140
0.050
0.909
0.793
0.587
0.342
0.138
0.051
0.910
0.788
0.589
0.343
0.140
0.050
0.913
0.795
0.591
0.333
0.139
0.048
0.912
0.790
0.593
0.333
0.141
0.049
0.018
0.912
0.801
0.589
0.327
0.139
0.052
0.910
0.800
0.592
0.320
0.144
0.049
0.915
0.800
0.584
0.328
0.139
0.048
0.910
0.803
0.586
0.322
0.140
0.050
0.018
0.909
0.791
0.587
0.341
0.143
0.049
0.915
0.797
0.598
0.325
0.137
0.048
0.913
0.794
0.584
0.344
0.138
0.048
0.910
0.807
0.586
0.336
0.134
0.049
0.905
0.796
0.592
0.356
0.144
0.049
0.910
0.803
0.577
0.346
0.135
0.050
0.908
0.787
0.602
0.336
0.141
0.050
0.018
0.915
0.797
0.588
0.335
0.137
0.051
0.018
0.913
0.799
0.593
0.329
0.137
0.048
0.910
0.802
0.597
0.320
0.141
0.049
0.018
0.911
0.794
0.609
0.325
0.133
0.050
0.018
0.908
0.799
0.583
0.343
0.139
0.049
0.912
0.793
0.586
0.341
0.140
0.048
0.911
0.794
0.582
0.347
0.139
0.048
0.908
0.790
0.600
0.342
0.136
0.050
0.018
0.907
0.803
0.603
0.326
0.137
0.049
0.909
0.792
0.636
0.331
0.149
0.050
0.018
0.911
0.788
0.587
0.336
0.143
0.050
0.914
0.797
0.594
0.325
0.138
0.049
0.913
0.793
0.579
0.329
0.148
0.048
0.018
0.913
0.788
0.587
0.330
0.139
0.051
0.018
0.914
0.802
0.583
0.328
0.136
0.049
0.915
0.796
0.591
0.332
0.134
0.048
0.018
0.915
0.797
0.582
0.340
0.133
0.049
0.912
0.804
0.587
0.332
0.136
0.048
0.912
0.798
0.600
0.333
0.135
0.048
0.912
0.789
0.589
0.344
0.137
0.049
0.018
0.909
0.798
0.588
0.347
0.134
0.049
0.018
0.911
0.792
0.581
0.342
0.141
0.050
0.911
0.780
0.587
0.340
0.144
0.051
0.927
0.784
0.596
0.348
0.139
0.049
0.913
0.799
0.583
0.335
0.138
0.048
0.912
0.800
0.598
0.334
0.131
0.048
0.018
0.910
0.787
0.588
0.326
0.146
0.051
0.018
0.910
0.799
0.598
0.321
0.138
0.050
0.912
0.802
0.588
0.335
0.134
0.049
0.911
0.794
0.595
0.331
0.142
0.049
0.912
0.794
0.588
0.382
0.136
0.051
0.018
0.007
0.915
0.797
0.592
0.340
0.134
0.049
0.018
0.913
0.800
0.601
0.322
0.134
0.049
0.911
0.801
0.577
0.336
0.139
0.049
0.905
0.797
0.601
0.334
0.140
0.050
0.911
0.796
0.597
0.320
0.142
0.050
0.913
0.794
0.598
0.328
0.136
0.049
0.913
0.794
0.606
0.331
0.131
0.049
0.909
0.796
0.584
0.333
0.143
0.050
0.910
0.799
0.587
0.327
0.141
0.050
0.915
0.789
0.584
0.335
0.142
0.049
0.909
0.801
0.589
0.335
0.139
0.049
0.916
0.792
0.602
0.321
0.139
0.050
0.018
0.911
0.790
0.577
0.346
0.139
0.051
0.910
0.789
0.598
0.341
0.136
0.049
0.018
0.908
0.804
0.593
0.341
0.138
0.050
0.911
0.791
0.606
0.327
0.138
0.049
0.908
0.793
0.596
0.329
0.138
0.052
0.908
0.798
0.598
0.329
0.138
0.050
0.018
0.911
0.793
0.584
0.334
0.143
0.050
0.911
0.792
0.606
0.328
0.140
0.048
0.913
0.802
0.612
0.318
0.132
0.048
0.916
0.799
0.564
0.336
0.142
0.049
0.914
0.802
0.574
0.335
0.138
0.049
0.911
0.808
0.595
0.331
0.130
0.049
0.018
0.914
0.798
0.570
0.350
0.135
0.049
0.907
0.787
0.598
0.322
0.146
0.052
0.018
0.915
0.799
0.609
0.321
0.131
0.048
0.909
0.795
0.584
0.328
0.143
0.050
0.018
0.908
0.801
0.576
0.349
0.139
0.049
0.917
0.789
0.592
0.333
0.133
0.050
0.909
0.797
0.589
0.340
0.140
0.048
0.018
0.912
0.799
0.586
0.337
0.136
0.049
0.915
0.794
0.603
0.328
0.134
0.048
0.913
0.789
0.597
0.343
0.133
0.049
0.917
0.798
0.595
0.322
0.133
0.049
0.913
0.797
0.581
0.333
0.139
0.050
0.912
0.808
0.596
0.326
0.133
0.048
0.911
0.798
0.597
0.343
0.132
0.048
0.913
0.794
0.593
0.331
0.137
0.049
0.018
0.908
0.802
0.587
0.326
0.140
0.051
0.018
0.928
0.792
0.582
0.333
0.140
0.051
0.018
0.906
0.800
0.587
0.339
0.140
0.050
0.916
0.799
0.569
0.334
0.139
0.049
0.018
0.912
0.795
0.588
0.334
0.140
0.049
0.916
0.813
0.596
0.322
0.135
0.908
0.796
0.587
0.337
0.143
0.049
0.911
0.794
0.589
0.336
0.135
0.051
0.912
0.801
0.593
0.321
0.167
0.049
0.911
0.802
0.583
0.333
0.137
0.050
0.910
0.794
0.583
0.334
0.140
0.051
0.911
0.803
0.583
0.326
0.138
0.050
0.913
0.825
0.578
0.328
0.145
0.051
0.917
0.797
0.591
0.324
0.134
0.049
0.912
0.794
0.589
0.334
0.133
0.051
0.018
0.912
0.799
0.589
0.323
0.138
0.051
0.911
0.803
0.631
0.327
0.137
0.052
0.913
0.797
0.588
0.327
0.139
0.050
0.915
0.794
0.600
0.337
0.131
0.048
0.916
0.810
0.574
0.329
0.133
0.048
0.914
0.797
0.592
0.310
0.146
0.049
0.909
0.798
0.597
0.352
0.138
0.049
0.909
0.804
0.589
0.334
0.137
0.049
0.912
0.797
0.582
0.331
0.140
0.050
0.018
0.911
0.802
0.592
0.324
0.136
0.051
0.913
0.794
0.595
0.329
0.140
0.048
0.909
0.804
0.598
0.329
0.139
0.913
0.785
0.595
0.332
0.140
0.050
0.018
0.912
0.800
0.577
0.341
0.134
0.050
0.018
0.904
0.799
0.583
0.335
0.146
0.050
0.018
0.914
0.802
0.584
0.322
0.140
0.049
0.912
0.792
0.595
0.326
0.138
0.051
0.911
0.803
0.588
0.329
0.145
0.050
0.914
0.798
0.578
0.327
0.141
0.050
0.908
0.799
0.586
0.335
0.139
0.051
0.918
0.799
0.584
0.326
0.133
0.049
0.914
0.801
0.595
0.331
0.134
0.048
0.912
0.799
0.601
0.328
0.135
0.048
0.018
0.915
0.795
0.581
0.333
0.140
0.048
0.018
0.910
0.793
0.591
0.335
0.141
0.049
0.018
0.914
0.805
0.611
0.331
0.131
0.048
0.018
0.908
0.786
0.591
0.325
0.151
0.050
0.018
0.915
0.808
0.576
0.334
0.135
0.048
0.915
0.808
0.591
0.320
0.130
0.050
0.908
0.795
0.584
0.342
0.143
0.049
0.912
0.793
0.578
0.332
0.141
0.051
0.018
0.908
0.799
0.596
0.336
0.139
0.049
0.918
0.801
0.589
0.321
0.133
0.048
0.915
0.798
0.587
0.328
0.133
0.051
0.910
0.798
0.587
0.336
0.141
0.048
0.913
0.800
0.603
0.330
0.138
0.049
0.913
0.796
0.588
0.328
0.138
0.050
0.911
0.791
0.583
0.329
0.146
0.050
0.018
0.924
0.783
0.597
0.344
0.144
0.050
0.908
0.797
0.605
0.322
0.136
0.051
0.914
0.810
0.588
0.322
0.132
0.049
0.914
0.793
0.606
0.339
0.131
0.911
0.808
0.582
0.334
0.136
0.049
0.916
0.799
0.589
0.321
0.130
0.051
0.018
0.914
0.797
0.591
0.342
0.139
0.049
0.913
0.802
0.581
0.328
0.142
0.048
0.911
0.798
0.593
0.329
0.140
0.048
0.910
0.801
0.596
0.339
0.133
0.048
0.915
0.788
0.609
0.324
0.144
0.049
0.914
0.799
0.593
0.331
0.131
0.050
0.909
0.833
0.587
0.340
0.136
0.050
0.018
0.915
0.803
0.593
0.325
0.133
0.048
0.913
0.797
0.583
0.336
0.146
0.049
0.908
0.793
0.595
0.337
0.137
0.051
0.912
0.794
0.593
0.324
0.140
0.049
0.018
0.912
0.809
0.576
0.321
0.139
0.050
0.018
0.908
0.792
0.587
0.341
0.139
0.051
0.018
0.907
0.803
0.583
0.344
0.139
0.049
0.911
0.800
0.602
0.320
0.136
0.050
0.018
0.911
0.808
0.586
0.332
0.135
0.048
0.909
0.806
0.586
0.335
0.133
0.050
0.018
0.913
0.794
0.598
0.322
0.133
0.051
0.908
0.792
0.589
0.348
0.139
0.049
0.913
0.780
0.589
0.336
0.148
0.049
0.914
0.814
0.607
0.310
0.135
0.049
0.909
0.794
0.598
0.348
0.140
0.049
0.018
0.911
0.789
0.587
0.337
0.142
0.050
0.018
0.916
0.790
0.593
0.322
0.135
0.051
0.018
0.915
0.800
0.584
0.329
0.136
0.048
0.929
0.785
0.614
0.340
0.132
0.048
0.910
0.795
0.583
0.331
0.149
0.048
0.914
0.797
0.576
0.325
0.146
0.048
0.018
0.912
0.798
0.604
0.337
0.137
0.049
0.913
0.797
0.567
0.336
0.141
0.051
0.018
0.913
0.801
0.600
0.321
0.133
0.050
0.911
0.791
0.601
0.332
0.139
0.049
0.915
0.800
0.581
0.328
0.138
0.049
0.018
0.913
0.800
0.583
0.326
0.137
0.050
0.018
0.915
0.794
0.598
0.312
0.139
0.050
0.913
0.780
0.591
0.335
0.146
0.049
0.018
0.911
0.791
0.596
0.340
0.136
0.049
0.018
0.910
0.804
0.573
0.356
0.140
0.050
0.914
0.788
0.597
0.344
0.131
0.049
0.927
0.793
0.586
0.325
0.145
0.050
0.018
0.911
0.793
0.586
0.341
0.141
0.049
0.912
0.797
0.592
0.322
0.143
0.049
0.018
0.913
0.798
0.583
0.332
0.139
0.049
0.913
0.799
0.588
0.327
0.139
0.048
0.018
0.913
0.800
0.573
0.329
0.143
0.049
0.018
0.914
0.793
0.593
0.331
0.139
0.048
0.911
0.789
0.574
0.341
0.148
0.050
0.915
0.794
0.593
0.336
0.133
0.049
0.915
0.807
0.584
0.324
0.135
0.048
0.909
0.794
0.578
0.342
0.142
0.050
0.911
0.800
0.591
0.335
0.134
0.050
0.018
0.007
0.909
0.799
0.583
0.350
0.136
0.049
0.907
0.805
0.593
0.328
0.141
0.049
0.913
0.798
0.586
0.324
0.141
0.050
0.018
0.913
0.804
0.586
0.343
0.132
0.913
0.799
0.592
0.335
0.134
0.048
0.913
0.797
0.601
0.320
0.139
0.049
0.018
0.913
0.804
0.602
0.328
0.131
0.048
0.915
0.791
0.587
0.311
0.149
0.051
0.019
0.911
0.799
0.609
0.321
0.135
0.049
0.917
0.797
0.577
0.325
0.141
0.049
0.909
0.789
0.603
0.333
0.136
0.051
0.912
0.799
0.589
0.335
0.139
0.913
0.800
0.568
0.340
0.143
0.048
0.018
0.913
0.807
0.595
0.327
0.133
0.048
0.911
0.791
0.606
0.333
0.136
0.049
0.018
0.915
0.799
0.596
0.326
0.131
0.049
0.925
0.785
0.591
0.334
0.143
0.052
0.910
0.791
0.582
0.324
0.150
0.051
0.018
0.914
0.787
0.609
0.333
0.133
0.049
0.910
0.799
0.583
0.335
0.141
0.049
0.018
0.909
0.799
0.596
0.340
0.137
0.048
0.910
0.801
0.577
0.333
0.143
0.050
0.913
0.813
0.586
0.322
0.137
0.050
0.018
0.906
0.793
0.586
0.323
0.156
0.050
0.913
0.801
0.595
0.335
0.133
0.928
0.783
0.595
0.340
0.139
0.050
0.910
0.799
0.608
0.327
0.134
0.048
0.913
0.788
0.595
0.327
0.143
0.049
0.911
0.796
0.586
0.337
0.139
0.049
0.913
0.792
0.586
0.326
0.144
0.050
0.914
0.796
0.593
0.332
0.134
0.049
0.909
0.787
0.578
0.342
0.148
0.050
0.906
0.827
0.581
0.341
0.144
0.051
0.909
0.787
0.596
0.348
0.141
0.048
0.909
0.794
0.584
0.331
0.143
0.050
0.018
0.916
0.802
0.600
0.320
0.132
0.048
0.908
0.789
0.606
0.329
0.140
0.050
0.018
0.910
0.802
0.578
0.331
0.140
0.050
0.018
0.918
0.797
0.577
0.326
0.138
0.049
0.018
0.913
0.794
0.600
0.332
0.133
0.049
0.018
0.914
0.794
0.597
0.336
0.133
0.048
0.909
0.789
0.582
0.339
0.144
0.050
0.018
0.915
0.790
0.598
0.347
0.128
0.049
0.911
0.796
0.579
0.354
0.137
0.048
0.911
0.805
0.607
0.323
0.132
0.048
0.913
0.798
0.614
0.328
0.133
0.050
0.915
0.789
0.582
0.337
0.150
0.049
0.912
0.799
0.586
0.328
0.141
0.049
0.930
0.790
0.578
0.317
0.151
0.050
0.018
0.913
0.801
0.589
0.334
0.132
0.049
0.018
0.909
0.836
0.577
0.335
0.141
0.050
0.018
0.910
0.788
0.595
0.340
0.141
0.049
0.914
0.795
0.591
0.334
0.138
0.048
0.910
0.806
0.586
0.348
0.131
0.048
0.913
0.795
0.589
0.329
0.136
0.050
0.019
0.909
0.793
0.579
0.336
0.144
0.050
0.018
0.915
0.793
0.637
0.327
0.143
0.049
0.916
0.797
0.584
0.333
0.134
0.049
0.018
0.915
0.803
0.598
0.324
0.134
0.914
0.790
0.596
0.327
0.137
0.050
0.917
0.792
0.589
0.340
0.133
0.048
0.907
0.798
0.593
0.337
0.141
0.048
0.018
0.912
0.786
0.581
0.340
0.145
0.053
0.018
0.914
0.803
0.588
0.325
0.136
0.049
0.917
0.799
0.584
0.324
0.137
0.048
0.018
0.913
0.789
0.576
0.344
0.139
0.051
0.916
0.794
0.601
0.329
0.133
0.048
0.909
0.787
0.606
0.328
0.138
0.051
0.018
0.909
0.798
0.591
0.327
0.142
0.050
0.914
0.793
0.593
0.332
0.135
0.050
0.918
0.804
0.584
0.326
0.133
0.048
0.911
0.797
0.605
0.328
0.136
0.048
0.018
0.911
0.804
0.576
0.341
0.139
0.048
0.910
0.796
0.596
0.340
0.136
0.049
0.911
0.798
0.581
0.339
0.140
0.049
0.911
0.795
0.584
0.341
0.138
0.049
0.018
0.910
0.805
0.582
0.322
0.146
0.048
0.018
0.908
0.827
0.581
0.346
0.139
0.051
0.018
0.915
0.799
0.606
0.329
0.135
0.049
0.911
0.805
0.598
0.322
0.134
0.049
0.911
0.791
0.595
0.340
0.136
0.049
0.913
0.805
0.605
0.331
0.126
0.049
0.913
0.802
0.588
0.318
0.139
0.050
0.018
0.912
0.796
0.584
0.331
0.141
0.049
0.018
0.910
0.787
0.587
0.340
0.146
0.049
0.018
0.912
0.806
0.584
0.334
0.136
0.048
0.913
0.789
0.582
0.328
0.143
0.051
0.911
0.791
0.598
0.334
0.136
0.050
0.018
0.912
0.804
0.578
0.337
0.134
0.050
0.910
0.807
0.605
0.329
0.137
0.049
0.910
0.806
0.588
0.325
0.136
0.051
0.913
0.817
0.592
0.325
0.134
0.049
0.912
0.799
0.608
0.337
0.129
0.913
0.805
0.610
0.325
0.138
0.915
0.804
0.587
0.329
0.132
0.048
0.912
0.787
0.593
0.332
0.143
0.049
0.908
0.787
0.584
0.335
0.152
0.049
0.912
0.791
0.584
0.339
0.138
0.051
0.911
0.795
0.596
0.332
0.137
0.049
0.914
0.795
0.591
0.335
0.136
0.049
0.912
0.795
0.592
0.358
0.135
0.048
0.915
0.795
0.592
0.327
0.131
0.051
0.018
0.911
0.793
0.596
0.335
0.138
0.049
0.913
0.804
0.596
0.329
0.132
0.048
0.911
0.799
0.592
0.326
0.136
0.050
0.018
0.913
0.792
0.596
0.328
0.137
0.049
0.018
0.913
0.799
0.598
0.333
0.133
0.048
0.915
0.788
0.600
0.331
0.137
0.048
0.910
0.794
0.603
0.341
0.131
0.049
0.909
0.802
0.589
0.332
0.135
0.051
0.915
0.799
0.581
0.324
0.141
0.049
0.915
0.804
0.586
0.336
0.131
0.048
0.915
0.813
0.584
0.324
0.135
0.050
0.018
0.909
0.804
0.587
0.327
0.142
0.049
0.907
0.794
0.584
0.341
0.145
0.052
0.018
0.911
0.799
0.573
0.350
0.138
0.048
0.018
0.913
0.794
0.608
0.331
0.133
0.048
0.912
0.788
0.607
0.325
0.138
0.050
0.912
0.804
0.592
0.332
0.134
0.048
0.920
0.809
0.586
0.322
0.126
0.048
0.913
0.787
0.582
0.331
0.141
0.052
0.018
0.910
0.792
0.600
0.344
0.133
0.049
0.910
0.791
0.593
0.334
0.142
0.049
0.912
0.796
0.581
0.347
0.139
0.048
0.910
0.794
0.602
0.339
0.135
0.049
0.915
0.798
0.586
0.340
0.133
0.048
0.913
0.806
0.595
0.317
0.136
0.049
0.911
0.790
0.595
0.336
0.138
0.050
0.915
0.795
0.601
0.332
0.130
0.049
0.018
0.908
0.800
0.586
0.352
0.134
0.049
0.018
0.915
0.794
0.578
0.328
0.143
0.049
0.018
0.915
0.798
0.598
0.322
0.134
0.053
0.908
0.802
0.577
0.325
0.144
0.051
0.018
0.909
0.799
0.595
0.325
0.141
0.050
0.018
0.909
0.794
0.595
0.335
0.139
0.050
0.912
0.794
0.577
0.337
0.139
0.050
0.018
0.912
0.808
0.588
0.327
0.136
0.048
0.914
0.793
0.593
0.324
0.134
0.051
0.018
0.912
0.802
0.589
0.334
0.135
0.048
0.908
0.803
0.588
0.327
0.143
0.049
0.907
0.796
0.586
0.349
0.139
0.049
0.018
0.911
0.785
0.586
0.334
0.139
0.052
0.019
0.915
0.791
0.583
0.331
0.139
0.051
0.908
0.780
0.595
0.335
0.150
0.051
0.915
0.803
0.587
0.325
0.137
0.048
0.918
0.826
0.586
0.334
0.136
0.048
0.913
0.801
0.591
0.327
0.138
0.048
0.915
0.787
0.578
0.333
0.143
0.051
0.910
0.798
0.593
0.335
0.141
0.048
0.911
0.794
0.589
0.337
0.140
0.048
0.911
0.795
0.598
0.326
0.139
0.049
0.915
0.794
0.588
0.336
0.136
0.049
0.915
0.806
0.587
0.319
0.138
0.048
0.914
0.804
0.609
0.316
0.133
0.048
0.908
0.793
0.586
0.334
0.146
0.050
0.908
0.802
0.597
0.326
0.141
0.048
0.018
0.910
0.788
0.597
0.335
0.141
0.050
0.019
0.007
0.913
0.795
0.593
0.339
0.134
0.049
0.913
0.796
0.605
0.332
0.133
0.048
0.909
0.791
0.598
0.331
0.140
0.050
0.914
0.799
0.600
0.324
0.134
0.048
0.910
0.796
0.597
0.322
0.143
0.053
0.911
0.793
0.602
0.329
0.138
0.049
0.913
0.804
0.587
0.343
0.129
0.048
0.910
0.799
0.596
0.331
0.139
0.048
0.018
0.913
0.799
0.579
0.332
0.139
0.049
0.018
0.914
0.797
0.589
0.332
0.137
0.049
0.916
0.800
0.578
0.335
0.135
0.048
0.908
0.796
0.592
0.344
0.136
0.049
0.018
0.913
0.802
0.579
0.331
0.136
0.050
0.913
0.790
0.588
0.341
0.144
0.050
0.018
0.912
0.794
0.605
0.320
0.141
0.048
0.910
0.784
0.587
0.346
0.145
0.049
0.018
0.914
0.797
0.595
0.333
0.134
0.048
0.018
0.913
0.790
0.595
0.342
0.135
0.049
0.912
0.796
0.597
0.321
0.141
0.049
0.911
0.804
0.589
0.327
0.138
0.049
0.913
0.788
0.589
0.334
0.139
0.050
0.018
0.910
0.802
0.592
0.327
0.141
0.048
0.018
0.910
0.791
0.579
0.350
0.143
0.048
0.018
0.911
0.794
0.595
0.321
0.143
0.050
0.018
0.912
0.799
0.584
0.326
0.143
0.049
0.018
0.909
0.787
0.588
0.336
0.144
0.051
0.909
0.796
0.574
0.349
0.137
0.051
0.912
0.799
0.647
0.327
0.139
0.048
0.018
0.916
0.794
0.588
0.326
0.137
0.050
0.913
0.800
0.583
0.339
0.135
0.049
0.913
0.798
0.579
0.339
0.139
0.049
0.911
0.791
0.603
0.333
0.139
0.048
0.913
0.802
0.587
0.328
0.137
0.048
0.018
0.913
0.799
0.587
0.319
0.145
0.049
0.911
0.787
0.587
0.327
0.146
0.050
0.018
0.912
0.794
0.595
0.335
0.139
0.048
0.913
0.797
0.586
0.331
0.140
0.049
0.912
0.788
0.593
0.341
0.139
0.049
0.915
0.799
0.589
0.322
0.138
0.049
0.018
0.905
0.791
0.583
0.331
0.146
0.052
0.018
0.912
0.797
0.589
0.335
0.136
0.049
0.018
0.914
0.791
0.592
0.333
0.141
0.051
0.018
0.910
0.794
0.591
0.335
0.139
0.050
0.908
0.797
0.584
0.336
0.141
0.050
0.018
0.910
0.797
0.593
0.329
0.140
0.050
0.909
0.788
0.578
0.349
0.143
0.050
0.913
0.807
0.600
0.327
0.131
0.048
0.914
0.797
0.592
0.333
0.136
0.048
0.913
0.798
0.582
0.337
0.136
0.050
0.911
0.796
0.606
0.329
0.136
0.058
0.907
0.804
0.586
0.339
0.136
0.050
0.018
0.911
0.790
0.591
0.334
0.141
0.049
0.018
0.909
0.803
0.577
0.340
0.167
0.049
0.911
0.790
0.616
0.324
0.137
0.049
0.018
0.911
0.793
0.593
0.328
0.142
0.049
0.913
0.825
0.583
0.335
0.139
0.050
0.018
0.913
0.799
0.593
0.336
0.133
0.048
0.018
0.911
0.793
0.652
0.326
0.141
0.049
0.018
0.915
0.799
0.591
0.326
0.134
0.049
0.907
0.796
0.587
0.348
0.141
0.049
0.910
0.791
0.606
0.336
0.138
0.048
0.018
0.910
0.792
0.592
0.335
0.138
0.051
0.911
0.800
0.587
0.322
0.139
0.054
0.018
0.913
0.794
0.593
0.333
0.137
0.049
0.913
0.804
0.596
0.317
0.138
0.049
0.909
0.801
0.608
0.336
0.131
0.048
0.907
0.802
0.609
0.331
0.134
0.049
0.913
0.801
0.584
0.325
0.134
0.051
0.911
0.802
0.586
0.340
0.133
0.049
0.018
0.909
0.797
0.576
0.332
0.145
0.051
0.912
0.799
0.576
0.329
0.146
0.049
0.908
0.801
0.591
0.336
0.139
0.049
0.911
0.801
0.589
0.348
0.130
0.049
0.908
0.796
0.587
0.344
0.139
0.049
0.911
0.810
0.592
0.318
0.138
0.048
0.915
0.792
0.584
0.335
0.136
0.049
0.018
0.911
0.797
0.579
0.337
0.138
0.051
0.910
0.796
0.597
0.320
0.143
0.050
0.910
0.798
0.595
0.333
0.136
0.060
0.907
0.787
0.576
0.350
0.144
0.051
0.018
0.911
0.791
0.595
0.341
0.136
0.049
0.018
0.911
0.799
0.581
0.336
0.138
0.050
0.018
0.918
0.801
0.593
0.327
0.152
0.049
0.911
0.796
0.595
0.324
0.139
0.050
0.018
0.910
0.805
0.589
0.332
0.137
0.052
0.018
0.914
0.794
0.588
0.322
0.143
0.049
0.912
0.793
0.586
0.340
0.143
0.048
0.914
0.793
0.579
0.332
0.140
0.051
0.913
0.795
0.579
0.343
0.138
0.049
0.912
0.790
0.587
0.328
0.141
0.051
0.018
0.915
0.799
0.588
0.332
0.135
0.048
0.910
0.805
0.595
0.329
0.135
0.049
0.917
0.796
0.598
0.319
0.135
0.049
0.911
0.796
0.584
0.337
0.135
0.049
0.019
0.913
0.790
0.597
0.332
0.135
0.050
0.913
0.804
0.592
0.329
0.133
0.049
0.912
0.801
0.591
0.335
0.134
0.049
0.925
0.792
0.593
0.342
0.163
0.050
0.018
0.910
0.799
0.602
0.340
0.132
0.048
0.911
0.799
0.588
0.324
0.139
0.051
0.910
0.803
0.586
0.329
0.141
0.049
0.915
0.789
0.592
0.347
0.131
0.049
0.018
0.912
0.810
0.596
0.348
0.130
0.913
0.794
0.588
0.335
0.138
0.049
0.911
0.792
0.570
0.346
0.143
0.050
0.913
0.800
0.591
0.321
0.139
0.049
0.910
0.795
0.603
0.317
0.144
0.049
0.911
0.799
0.591
0.335
0.164
0.049
0.910
0.802
0.578
0.333
0.154
0.048
0.913
0.790
0.617
0.332
0.132
0.048
0.914
0.802
0.591
0.329
0.133
0.049
0.912
0.801
0.600
0.335
0.133
0.048
0.912
0.790
0.584
0.337
0.140
0.049
0.018
0.913
0.798
0.589
0.326
0.138
0.050
0.018
0.911
0.799
0.586
0.333
0.138
0.050
0.910
0.794
0.587
0.327
0.144
0.050
0.915
0.787
0.606
0.346
0.128
0.048
0.905
0.789
0.592
0.346
0.143
0.050
0.908
0.790
0.592
0.343
0.139
0.049
0.018
0.913
0.797
0.586
0.344
0.136
0.048
0.910
0.799
0.591
0.327
0.137
0.050
0.018
0.915
0.797
0.573
0.327
0.141
0.051
0.914
0.804
0.579
0.330
0.134
0.050
0.018
0.911
0.796
0.593
0.327
0.141
0.049
0.911
0.796
0.595
0.343
0.131
0.049
0.911
0.789
0.608
0.333
0.136
0.049
0.911
0.798
0.606
0.322
0.136
0.049
0.018
0.913
0.798
0.596
0.332
0.135
0.048
0.910
0.794
0.587
0.335
0.142
0.049
0.018
0.915
0.790
0.583
0.339
0.139
0.049
0.915
0.790
0.584
0.337
0.138
0.049
0.914
0.797
0.583
0.343
0.133
0.049
0.018
0.913
0.788
0.607
0.324
0.135
0.050
0.909
0.794
0.577
0.339
0.144
0.050
0.018
0.910
0.795
0.582
0.334
0.141
0.051
0.912
0.804
0.591
0.339
0.131
0.048
0.018
0.915
0.829
0.591
0.332
0.134
0.050
0.909
0.787
0.586
0.331
0.144
0.053
0.912
0.800
0.600
0.327
0.135
0.048
0.914
0.791
0.603
0.327
0.136
0.049
0.911
0.804
0.584
0.326
0.137
0.050
0.912
0.799
0.589
0.328
0.134
0.051
0.919
0.799
0.595
0.320
0.132
0.048
0.912
0.794
0.582
0.329
0.144
0.049
0.018
0.915
0.795
0.576
0.335
0.143
0.048
0.018
0.912
0.794
0.606
0.325
0.137
0.059
0.912
0.804
0.573
0.335
0.139
0.049
0.018
0.911
0.806
0.591
0.325
0.134
0.049
0.018
0.913
0.797
0.593
0.332
0.136
0.049
0.912
0.797
0.600
0.339
0.141
0.048
0.909
0.795
0.602
0.334
0.133
0.050
0.913
0.799
0.583
0.322
0.169
0.050
0.911
0.790
0.591
0.340
0.141
0.049
0.910
0.794
0.587
0.342
0.135
0.051
0.909
0.791
0.591
0.340
0.138
0.053
0.018
0.915
0.797
0.589
0.335
0.133
0.049
0.913
0.799
0.588
0.340
0.133
0.049
0.913
0.802
0.587
0.335
0.135
0.048
0.914
0.797
0.596
0.324
0.138
0.049
0.917
0.797
0.593
0.321
0.134
0.050
0.913
0.799
0.576
0.344
0.137
0.048
0.914
0.802
0.588
0.331
0.136
0.048
0.908
0.805
0.577
0.341
0.137
0.050
0.911
0.809
0.583
0.327
0.137
0.048
0.911
0.794
0.597
0.340
0.135
0.049
0.912
0.794
0.587
0.340
0.141
0.916
0.799
0.591
0.331
0.135
0.048
0.913
0.800
0.588
0.331
0.136
0.049
0.916
0.803
0.588
0.326
0.133
0.049
0.018
0.907
0.794
0.604
0.326
0.146
0.052
0.915
0.800
0.607
0.320
0.132
0.048
0.920
0.799
0.596
0.320
0.130
0.048
0.910
0.788
0.596
0.335
0.140
0.050
0.912
0.793
0.600
0.336
0.136
0.048
0.018
0.911
0.797
0.606
0.315
0.138
0.050
0.018
0.909
0.792
0.598
0.334
0.138
0.061
0.903
0.798
0.581
0.355
0.143
0.049
0.911
0.801
0.602
0.326
0.133
0.049
0.018
0.911
0.798
0.593
0.334
0.138
0.049
0.909
0.794
0.583
0.343
0.139
0.050
0.018
0.913
0.802
0.597
0.320
0.138
0.049
0.911
0.794
0.595
0.341
0.134
0.050
0.911
0.790
0.577
0.325
0.147
0.052
0.018
0.911
0.795
0.583
0.325
0.144
0.051
0.911
0.795
0.609
0.345
0.133
0.049
0.018
0.904
0.788
0.578
0.342
0.149
0.052
0.911
0.800
0.632
0.326
0.144
0.050
0.911
0.802
0.589
0.335
0.133
0.050
0.912
0.785
0.588
0.335
0.143
0.050
0.018
0.916
0.804
0.588
0.327
0.133
0.048
0.913
0.808
0.600
0.332
0.128
0.915
0.799
0.579
0.342
0.133
0.049
0.908
0.794
0.589
0.343
0.136
0.050
0.018
0.915
0.794
0.597
0.326
0.137
0.049
0.912
0.794
0.600
0.321
0.140
0.050
0.930
0.831
0.594
0.342
0.144
0.050
0.915
0.795
0.581
0.327
0.139
0.050
0.018
0.911
0.794
0.586
0.333
0.141
0.050
0.913
0.784
0.584
0.328
0.148
0.050
0.018
0.909
0.795
0.597
0.313
0.149
0.050
0.910
0.802
0.578
0.340
0.138
0.050
0.910
0.799
0.587
0.337
0.137
0.050
0.914
0.804
0.587
0.329
0.138
0.911
0.793
0.598
0.328
0.139
0.049
0.018
0.007
0.915
0.800
0.588
0.335
0.131
0.048
0.018
0.912
0.794
0.588
0.327
0.171
0.049
0.018
0.915
0.792
0.588
0.332
0.138
0.050
0.907
0.799
0.598
0.337
0.136
0.049
0.912
0.797
0.591
0.341
0.136
0.048
0.908
0.787
0.595
0.331
0.143
0.051
0.018
0.918
0.789
0.583
0.331
0.139
0.049
0.911
0.799
0.603
0.327
0.134
0.049
0.911
0.792
0.589
0.349
0.135
0.049
0.912
0.802
0.591
0.328
0.137
0.049
0.913
0.798
0.591
0.337
0.132
0.049
0.018
0.913
0.798
0.593
0.327
0.135
0.049
0.018
0.910
0.799
0.592
0.336
0.131
0.051
0.018
0.913
0.794
0.578
0.333
0.141
0.050
0.018
0.911
0.797
0.583
0.334
0.141
0.049
0.911
0.789
0.586
0.336
0.143
0.050
0.914
0.804
0.589
0.333
0.133
0.048
0.911
0.804
0.604
0.341
0.132
0.049
0.916
0.792
0.596
0.332
0.133
0.049
0.926
0.780
0.577
0.335
0.151
0.052
0.018
0.912
0.801
0.595
0.319
0.143
0.048
0.913
0.803
0.601
0.332
0.132
0.914
0.802
0.603
0.327
0.131
0.912
0.799
0.579
0.328
0.137
0.051
0.018
0.913
0.794
0.592
0.334
0.138
0.049
0.906
0.788
0.596
0.336
0.143
0.051
0.018
0.913
0.799
0.597
0.324
0.137
0.048
0.913
0.784
0.588
0.335
0.143
0.050
0.916
0.795
0.582
0.333
0.138
0.048
0.018
0.917
0.799
0.578
0.340
0.131
0.049
0.018
0.911
0.794
0.592
0.324
0.144
0.049
0.018
0.911
0.794
0.592
0.332
0.140
0.049
0.928
0.794
0.606
0.334
0.133
0.048
0.018
0.914
0.801
0.591
0.328
0.135
0.048
0.018
0.914
0.797
0.586
0.336
0.132
0.050
0.913
0.783
0.598
0.349
0.135
0.049
0.914
0.797
0.586
0.328
0.136
0.050
0.912
0.790
0.603
0.362
0.133
0.048
0.915
0.805
0.603
0.326
0.128
0.048
0.911
0.786
0.586
0.341
0.140
0.051
0.018
0.919
0.804
0.591
0.324
0.128
0.048
0.914
0.794
0.582
0.350
0.134
0.048
0.908
0.790
0.587
0.332
0.146
0.051
0.018
0.915
0.795
0.651
0.328
0.135
0.048
0.018
0.914
0.799
0.591
0.337
0.133
0.048
0.917
0.790
0.595
0.333
0.135
0.048
0.908
0.793
0.579
0.328
0.148
0.052
0.905
0.793
0.597
0.337
0.143
0.050
0.904
0.800
0.598
0.348
0.137
0.048
0.907
0.787
0.579
0.352
0.139
0.051
0.018
0.912
0.795
0.602
0.333
0.133
0.049
0.910
0.791
0.584
0.341
0.139
0.051
0.908
0.799
0.591
0.335
0.139
0.049
0.018
0.912
0.787
0.577
0.347
0.142
0.050
0.906
0.789
0.589
0.335
0.149
0.050
0.913
0.789
0.593
0.325
0.141
0.051
0.916
0.785
0.578
0.333
0.145
0.050
0.911
0.803
0.591
0.336
0.136
0.048
0.911
0.806
0.576
0.329
0.144
0.048
0.018
0.912
0.798
0.578
0.329
0.142
0.050
0.915
0.803
0.593
0.332
0.131
0.048
0.912
0.794
0.593
0.327
0.145
0.048
0.915
0.797
0.595
0.336
0.140
0.048
0.917
0.790
0.586
0.333
0.138
0.049
0.908
0.798
0.595
0.327
0.142
0.049
0.018
0.905
0.800
0.582
0.347
0.141
0.049
0.916
0.801
0.583
0.326
0.131
0.061
0.018
0.913
0.812
0.584
0.332
0.130
0.048
0.018
0.911
0.795
0.605
0.329
0.136
0.049
0.914
0.799
0.595
0.336
0.133
0.048
0.911
0.788
0.598
0.337
0.138
0.050
0.914
0.801
0.591
0.324
0.137
0.049
0.908
0.799
0.592
0.332
0.139
0.050
0.913
0.799
0.581
0.337
0.138
0.048
0.018
0.911
0.799
0.584
0.343
0.134
0.059
0.018
0.911
0.801
0.592
0.328
0.135
0.050
0.913
0.794
0.591
0.328
0.138
0.050
0.913
0.808
0.602
0.320
0.137
0.049
0.912
0.788
0.582
0.322
0.146
0.051
0.018
0.913
0.803
0.600
0.324
0.131
0.049
0.018
0.007
0.910
0.804
0.576
0.337
0.139
0.050
0.911
0.790
0.591
0.339
0.139
0.050
0.018
0.911
0.799
0.574
0.343
0.143
0.048
0.913
0.802
0.596
0.329
0.133
0.049
0.912
0.788
0.597
0.341
0.135
0.049
0.915
0.794
0.601
0.318
0.138
0.049
0.912
0.794
0.600
0.328
0.136
0.049
0.915
0.803
0.587
0.327
0.134
0.048
0.911
0.792
0.600
0.328
0.135
0.051
0.917
0.805
0.600
0.320
0.129
0.048
0.916
0.802
0.586
0.328
0.133
0.049
0.911
0.794
0.588
0.331
0.141
0.050
0.018
0.007
0.914
0.796
0.586
0.339
0.133
0.050
0.910
0.783
0.602
0.340
0.142
0.059
0.018
0.910
0.806
0.583
0.339
0.136
0.048
0.910
0.795
0.588
0.334
0.142
0.049
0.907
0.799
0.593
0.339
0.139
0.049
0.908
0.804
0.597
0.328
0.137
0.050
0.933
0.792
0.591
0.337
0.132
0.049
0.018
0.908
0.797
0.587
0.339
0.139
0.050
0.910
0.792
0.588
0.337
0.139
0.050
0.912
0.790
0.581
0.346
0.140
0.049
0.912
0.794
0.588
0.326
0.138
0.055
0.907
0.787
0.605
0.337
0.141
0.049
0.018
0.911
0.804
0.596
0.335
0.141
0.048
0.018
0.911
0.797
0.588
0.329
0.140
0.050
0.917
0.799
0.591
0.319
0.133
0.050
0.912
0.840
0.582
0.328
0.137
0.049
0.914
0.793
0.597
0.322
0.138
0.050
0.911
0.801
0.581
0.336
0.138
0.050
0.915
0.794
0.586
0.336
0.136
0.049
0.909
0.802
0.589
0.347
0.138
0.050
0.910
0.788
0.584
0.336
0.143
0.051
0.910
0.802
0.601
0.327
0.136
0.048
0.909
0.794
0.597
0.333
0.142
0.049
0.906
0.787
0.596
0.340
0.143
0.051
0.913
0.794
0.588
0.337
0.136
0.049
0.911
0.799
0.595
0.334
0.137
0.048
0.909
0.798
0.588
0.343
0.137
0.059
0.907
0.787
0.606
0.325
0.147
0.050
0.911
0.793
0.592
0.337
0.135
0.050
0.018
0.915
0.792
0.577
0.336
0.168
0.050
0.911
0.790
0.581
0.346
0.140
0.050
0.018
0.909
0.797
0.578
0.346
0.140
0.049
0.912
0.798
0.596
0.331
0.134
0.049
0.018
0.912
0.796
0.569
0.332
0.141
0.052
0.018
0.917
0.794
0.588
0.329
0.138
0.048
0.906
0.787
0.586
0.350
0.139
0.052
0.018
0.911
0.798
0.595
0.344
0.133
0.048
0.912
0.803
0.597
0.329
0.135
0.048
0.911
0.794
0.588
0.343
0.134
0.050
0.914
0.796
0.607
0.329
0.129
0.049
0.915
0.798
0.603
0.327
0.138
0.049
0.912
0.792
0.592
0.339
0.136
0.049
0.018
0.913
0.801
0.589
0.328
0.136
0.049
0.913
0.805
0.588
0.326
0.137
0.048
0.913
0.805
0.581
0.328
0.142
0.910
0.792
0.581
0.328
0.150
0.050
0.018
0.913
0.780
0.592
0.342
0.139
0.050
0.018
0.912
0.798
0.595
0.326
0.138
0.048
0.018
0.911
0.793
0.600
0.342
0.136
0.914
0.803
0.595
0.336
0.129
0.048
0.908
0.795
0.591
0.329
0.144
0.050
0.909
0.794
0.601
0.327
0.143
0.049
0.018
0.912
0.790
0.589
0.341
0.139
0.049
0.914
0.798
0.582
0.328
0.139
0.049
0.018
0.905
0.792
0.591
0.334
0.146
0.051
0.912
0.794
0.591
0.335
0.167
0.049
0.909
0.804
0.644
0.326
0.139
0.049
0.018
0.910
0.799
0.597
0.326
0.140
0.049
0.909
0.798
0.567
0.340
0.145
0.050
0.018
0.912
0.788
0.584
0.340
0.139
0.050
0.912
0.800
0.600
0.332
0.133
0.048
0.913
0.801
0.606
0.322
0.135
0.913
0.797
0.589
0.342
0.133
0.049
0.914
0.792
0.581
0.389
0.139
0.050
0.911
0.792
0.591
0.334
0.142
0.049
0.911
0.808
0.588
0.334
0.134
0.048
0.907
0.794
0.572
0.344
0.143
0.052
0.018
0.007
0.905
0.794
0.589
0.348
0.141
0.049
0.913
0.804
0.591
0.326
0.136
0.049
0.913
0.798
0.592
0.326
0.138
0.049
0.910
0.794
0.592
0.331
0.140
0.050
0.018
0.914
0.799
0.588
0.332
0.135
0.049
0.911
0.801
0.595
0.336
0.133
0.049
0.911
0.788
0.593
0.335
0.137
0.051
0.018
0.911
0.796
0.577
0.329
0.139
0.051
0.019
0.908
0.793
0.587
0.339
0.141
0.051
0.911
0.787
0.597
0.334
0.141
0.049
0.018
0.913
0.798
0.581
0.344
0.138
0.911
0.795
0.601
0.327
0.139
0.049
0.916
0.804
0.574
0.335
0.134
0.048
0.909
0.799
0.588
0.340
0.137
0.049
0.908
0.798
0.584
0.336
0.141
0.050
0.910
0.794
0.607
0.339
0.134
0.048
0.913
0.801
0.578
0.334
0.139
0.049
0.909
0.800
0.586
0.335
0.138
0.050
0.905
0.799
0.596
0.333
0.143
0.049
0.910
0.794
0.603
0.332
0.136
0.049
0.914
0.805
0.592
0.309
0.137
0.051
