2.105
0.073
0.068
0.069
0.073
0.094
0.112
0.144
0.113
0.112
0.101
0.114
0.113
0.103
0.099
0.098
0.101
0.106
0.102
0.099
0.100
0.102
0.119
0.101
0.120
0.112
0.106
0.116
0.103
0.097
0.099
0.101
0.098
0.087
0.108
0.108
0.099
0.098
0.113
0.103
0.100
0.112
0.121
0.098
0.110
0.111
0.101
0.108
0.106
0.094
0.106
0.108
0.106
0.113
0.120
0.111
0.110
0.122
0.109
0.102
0.115
0.103
0.118
0.113
0.117
0.114
0.108
0.117
0.103
0.110
0.117
0.118
0.128
0.124
0.106
0.111
0.108
0.115
0.131
0.110
0.110
0.117
0.113
0.115
0.108
0.114
0.104
0.110
0.119
0.111
0.099
0.107
0.106
0.123
0.118
0.112
0.107
0.125
0.104
0.107
0.106
0.107
0.095
0.117
0.109
0.106
0.105
0.105
0.104
0.116
0.108
0.110
0.152
0.108
0.104
0.104
0.107
0.106
0.106
0.100
0.112
0.116
0.106
0.102
0.107
0.111
0.111
0.106
0.118
0.112
0.106
0.108
0.122
0.101
0.118
0.116
0.107
0.104
0.113
0.117
0.101
0.103
0.110
0.107
0.108
0.117
0.129
0.106
0.115
0.106
0.104
0.132
0.103
0.114
0.107
0.103
0.111
0.108
0.109
0.110
0.116
0.118
0.119
0.111
0.112
0.106
0.119
0.123
0.113
0.103
0.118
0.104
0.116
0.101
0.105
0.128
0.110
0.119
0.104
0.103
0.112
0.103
0.105
0.107
0.118
0.112
0.115
0.111
0.122
0.105
0.108
0.106
0.119
0.119
0.110
0.111
0.112
0.108
0.115
0.101
0.106
0.108
0.104
0.117
0.103
0.117
0.115
0.119
0.127
0.110
0.123
0.105
0.113
0.106
0.120
0.103
0.115
0.105
0.113
0.105
0.114
0.104
0.107
0.109
0.107
0.106
0.120
0.136
0.104
0.104
0.102
0.109
0.112
0.104
0.106
0.115
0.112
0.116
0.113
0.131
0.124
0.117
0.106
0.106
0.121
0.115
0.109
0.116
0.117
0.119
0.112
0.108
0.122
0.121
0.108
0.104
0.105
0.106
0.113
0.101
0.115
0.115
0.117
0.120
0.113
0.102
0.112
0.104
0.116
0.107
0.103
0.110
0.104
0.108
0.105
0.104
0.109
0.101
0.109
0.113
0.109
0.110
0.110
0.110
0.105
0.115
0.111
0.115
0.105
0.106
0.108
0.113
0.101
0.106
0.118
0.115
0.107
0.111
0.104
0.105
0.104
0.113
0.114
0.106
0.125
0.105
0.108
0.104
0.110
0.117
0.111
0.106
0.102
0.120
0.119
0.118
0.113
0.108
0.126
0.105
0.105
0.128
0.104
0.109
0.112
0.106
0.117
0.101
0.108
0.105
0.107
0.106
0.118
0.095
0.110
0.109
0.106
0.116
0.119
0.125
0.107
0.117
0.121
0.115
0.111
0.122
0.110
0.106
0.108
0.124
0.119
0.102
0.110
0.113
0.105
0.106
0.116
0.099
0.122
0.105
0.109
0.107
0.108
0.108
0.105
0.105
0.118
0.104
0.106
0.110
0.109
0.107
0.118
0.107
0.111
0.132
0.119
0.121
0.118
0.104
0.119
0.108
0.103
0.110
0.116
0.110
0.105
0.108
0.110
0.110
0.105
0.114
0.118
0.105
0.112
0.120
0.109
0.114
0.116
0.129
0.117
0.111
0.108
0.108
0.106
0.115
0.104
0.106
0.103
0.119
0.107
0.110
0.111
0.132
0.116
0.141
0.117
0.108
0.104
0.103
0.115
0.102
0.101
0.112
0.117
0.115
0.116
0.108
0.113
0.107
0.114
0.102
0.103
0.104
0.115
0.104
0.103
0.107
0.111
0.106
0.106
0.123
0.116
0.105
0.110
0.102
0.100
0.109
0.119
0.111
0.101
0.104
0.117
0.138
0.118
0.115
0.104
0.106
0.103
0.107
0.108
0.107
0.109
0.108
0.115
0.105
0.110
0.120
0.111
0.105
0.125
0.103
0.110
0.116
0.106
0.112
0.107
0.109
0.109
0.116
0.110
0.120
0.128
0.118
0.113
0.107
0.111
0.109
0.119
0.117
0.112
0.132
0.108
0.112
0.109
0.111
0.104
0.126
0.108
0.122
0.109
0.107
0.125
0.118
0.109
0.106
0.116
0.108
0.106
0.105
0.110
0.115
0.106
0.124
0.116
0.119
0.108
0.115
0.107
0.119
0.120
0.110
0.120
0.103
0.117
0.107
0.114
0.136
0.111
0.103
0.123
0.110
0.101
0.118
0.117
0.106
0.118
0.104
0.119
0.115
0.111
0.118
0.106
0.117
0.108
0.099
0.104
0.111
0.112
0.109
0.103
0.116
0.107
0.108
0.133
0.120
0.104
0.108
0.125
0.116
0.115
0.118
0.106
0.110
0.135
0.108
0.106
0.114
0.124
0.118
0.118
0.109
0.119
0.118
0.107
0.107
0.108
0.117
0.111
0.104
0.114
0.108
0.115
0.104
0.112
0.114
0.117
0.113
0.094
0.116
0.109
0.108
0.102
0.139
0.120
0.103
0.106
0.113
0.113
0.105
0.106
0.120
0.117
0.107
0.124
0.130
0.103
0.109
0.110
0.109
0.110
0.107
0.119
0.106
0.104
0.115
0.113
0.108
0.110
0.118
0.105
0.117
0.101
0.108
0.107
0.118
0.106
0.104
0.105
0.122
0.113
0.105
0.126
0.103
0.107
0.116
0.107
0.121
0.118
0.108
0.117
0.118
0.103
0.114
0.113
0.108
0.122
0.108
0.117
0.110
0.103
0.104
0.107
0.101
0.110
0.104
0.103
0.107
0.105
0.109
0.103
0.109
0.107
0.108
0.104
0.110
0.107
0.140
0.105
0.113
0.122
0.104
0.116
0.119
0.110
0.109
0.120
0.109
0.124
0.105
0.118
0.113
0.123
0.106
0.110
0.103
0.110
0.103
0.109
0.104
0.109
0.107
0.116
0.124
0.104
0.103
0.108
0.115
0.122
0.113
0.116
0.105
0.109
0.106
0.129
0.107
0.122
0.105
0.103
0.111
0.102
0.111
0.093
0.118
0.120
0.125
0.105
0.128
0.114
0.121
0.105
0.120
0.104
0.107
0.122
0.107
0.107
0.121
0.108
0.102
0.115
0.113
0.108
0.104
0.115
0.105
0.111
0.105
0.113
0.103
0.116
0.105
0.122
0.127
0.103
0.108
0.114
0.114
0.109
0.097
0.128
0.112
0.109
0.125
0.108
0.094
0.118
0.107
0.113
0.108
0.110
0.104
0.105
0.104
0.110
0.102
0.113
0.103
0.110
0.117
0.111
0.104
0.105
0.120
0.108
0.110
0.117
0.104
0.119
0.109
0.110
0.104
0.138
0.114
0.108
0.111
0.105
0.111
0.105
0.098
0.109
0.108
0.119
0.116
0.105
0.106
0.123
0.109
0.097
0.105
0.110
0.117
0.110
0.113
0.109
0.106
0.103
0.105
0.116
0.122
0.101
0.099
0.105
0.118
0.104
0.114
0.103
0.116
0.109
0.101
0.107
0.106
0.136
0.111
0.128
0.108
0.107
0.108
0.112
0.125
0.113
0.101
0.119
0.109
0.115
0.105
0.121
0.113
0.105
0.110
0.111
0.114
0.111
0.108
0.104
0.104
0.122
0.102
0.105
0.107
0.103
0.104
0.107
0.126
0.106
0.107
0.116
0.109
0.111
0.136
0.118
0.120
0.120
0.112
0.128
0.106
0.109
0.118
0.110
0.106
0.109
0.103
0.122
0.106
0.111
0.104
0.112
0.122
0.102
0.106
0.108
0.125
0.108
0.107
0.107
0.102
0.109
0.119
0.116
0.122
0.103
0.116
0.104
0.110
0.125
0.116
0.120
0.124
0.119
0.120
0.105
0.125
0.103
0.110
0.102
0.108
0.123
0.104
0.109
0.110
0.105
0.106
0.109
0.105
0.109
0.110
0.104
0.102
0.109
0.109
0.109
0.116
0.103
0.106
0.110
0.108
0.109
0.121
0.109
0.110
0.121
0.104
0.115
0.106
0.107
0.106
0.121
0.130
0.124
0.108
0.110
0.116
0.108
0.126
0.134
0.107
0.114
0.116
0.107
0.104
0.117
0.125
0.108
0.104
0.101
0.121
0.116
0.107
0.115
0.104
0.117
0.118
0.113
0.120
0.103
0.111
0.107
0.128
0.113
0.106
0.127
0.105
0.106
0.110
0.106
0.135
0.116
0.109
0.110
0.120
0.116
0.114
0.106
0.106
0.112
0.115
0.101
0.104
0.102
0.109
0.111
0.123
0.118
0.106
0.102
0.124
0.124
0.108
0.101
0.104
0.106
0.125
0.106
0.119
0.115
0.103
0.104
0.108
0.116
0.125
0.107
0.124
0.114
0.130
0.109
0.105
0.116
0.105
0.119
0.106
0.106
0.104
0.106
0.109
0.106
0.116
0.114
0.114
0.111
0.109
0.119
0.105
0.104
0.123
0.105
0.118
0.114
0.109
0.119
0.113
0.116
0.115
0.109
0.111
0.110
0.118
0.104
0.105
0.107
0.116
0.107
0.118
0.130
0.101
0.115
0.119
0.107
0.106
0.118
0.097
0.112
0.122
0.104
0.108
0.105
0.108
0.106
0.112
0.104
0.101
0.097
0.120
0.120
0.115
0.107
0.113
0.115
0.111
0.109
0.119
0.104
0.110
0.103
0.125
0.117
0.105
0.107
0.111
0.104
0.123
0.101
0.118
0.113
0.133
0.108
0.120
0.107
0.116
0.122
0.104
0.103
0.108
0.101
0.117
0.125
0.120
0.111
0.107
0.105
0.113
0.114
0.106
0.109
0.115
0.113
0.110
0.115
0.106
0.110
0.105
0.095
0.119
0.114
0.111
0.118
0.108
0.108
0.104
0.127
0.131
0.120
0.115
0.109
0.116
0.105
0.105
0.107
0.117
0.108
0.117
0.105
0.117
0.117
0.109
0.116
0.117
0.107
0.112
0.116
0.117
0.107
0.105
0.115
0.102
0.120
0.122
0.108
0.117
0.113
0.108
0.114
0.120
0.107
0.109
0.102
0.107
0.146
0.121
0.107
0.122
0.115
0.115
0.120
0.113
0.123
0.117
0.120
0.115
0.107
0.122
0.114
0.112
0.106
0.105
0.104
0.111
0.108
0.121
0.104
0.108
0.121
0.105
0.111
0.104
0.112
0.104
0.107
0.111
0.118
0.135
0.108
0.107
0.110
0.127
0.125
0.098
0.108
0.118
0.106
0.115
0.122
0.117
0.110
0.122
0.115
0.123
0.118
0.105
0.110
0.108
0.116
0.109
0.117
0.120
0.109
0.106
0.108
0.104
0.107
0.107
0.120
0.107
0.112
0.111
0.094
0.108
0.114
0.104
0.119
0.108
0.106
0.105
0.146
0.106
0.102
0.108
0.126
0.110
0.123
0.109
0.110
0.131
0.111
0.116
0.111
0.114
0.107
0.111
0.107
0.107
0.106
0.114
0.106
0.108
0.120
0.111
0.106
0.108
0.108
0.120
0.116
0.118
0.114
0.114
0.107
0.108
0.110
0.122
0.116
0.116
0.111
0.133
0.115
0.104
0.110
0.105
0.111
0.105
0.121
0.111
0.103
0.113
0.102
0.106
0.105
0.120
0.127
0.105
0.124
0.117
0.106
0.129
0.111
0.104
0.121
0.106
0.112
0.107
0.108
0.106
0.113
0.110
0.124
0.115
0.106
0.113
0.105
0.116
0.125
0.137
0.118
0.105
0.121
0.108
0.106
0.125
0.104
0.110
0.118
0.112
0.120
0.119
0.116
0.109
0.109
0.109
0.124
0.103
0.108
0.112
0.112
0.111
0.123
0.125
0.113
0.111
0.104
0.120
0.118
0.108
0.113
0.123
0.117
0.106
0.108
0.124
0.109
0.102
0.101
0.106
0.104
0.117
0.117
0.108
0.126
0.103
0.104
0.109
0.118
0.107
0.109
0.123
0.107
0.106
0.109
0.108
0.095
0.116
0.106
0.122
0.108
0.110
0.110
0.120
0.117
0.104
0.133
0.111
0.113
0.126
0.114
0.123
0.161
0.108
0.135
0.112
0.106
0.115
0.107
0.109
0.105
0.115
0.103
0.119
0.116
0.107
0.113
0.116
0.115
0.112
0.109
0.109
0.107
0.108
0.118
0.107
0.106
0.107
0.119
0.126
0.118
0.106
0.110
0.105
0.114
0.103
0.106
0.100
0.106
0.121
0.145
0.116
0.098
0.108
0.112
0.104
0.109
0.106
0.107
0.139
0.120
0.104
0.108
0.118
0.118
0.109
0.106
0.111
0.120
0.117
0.107
0.116
0.109
0.110
0.121
0.117
0.107
0.127
0.118
0.110
0.103
0.121
0.107
0.123
0.108
0.111
0.115
0.109
0.106
0.141
0.117
0.121
0.103
0.112
0.124
0.117
0.106
0.097
0.126
0.111
0.107
0.111
0.118
0.104
0.117
0.114
0.113
0.104
0.104
0.123
0.123
0.109
0.106
0.110
0.108
0.115
0.114
0.138
0.106
0.109
0.094
0.114
0.106
0.116
0.115
0.116
0.131
0.140
0.104
0.118
0.122
0.104
0.118
0.122
0.120
0.124
0.136
0.112
0.122
0.106
0.107
0.120
0.120
0.120
0.106
0.100
0.108
0.108
0.117
0.122
0.110
0.121
0.122
0.106
0.113
0.118
0.114
0.117
0.101
0.111
0.114
0.106
0.109
0.126
0.107
0.112
0.124
0.107
0.112
0.118
0.117
0.109
0.112
0.119
0.106
0.112
0.103
0.118
0.116
0.121
0.106
0.119
0.130
0.109
0.102
0.118
0.120
0.110
0.106
0.104
0.108
0.118
0.108
0.117
0.106
0.111
0.106
0.107
0.119
0.102
0.107
0.103
0.128
0.142
0.107
0.114
0.117
0.111
0.121
0.122
0.134
0.110
0.107
0.101
0.111
0.111
0.106
0.109
0.105
0.101
0.122
0.104
0.105
0.117
0.108
0.107
0.112
0.117
0.106
0.105
0.119
0.116
0.119
0.106
0.106
0.116
0.103
0.111
0.117
0.111
0.116
0.138
0.109
0.107
0.110
0.124
0.107
0.109
0.112
0.105
0.121
0.121
0.107
0.121
0.121
0.110
0.109
0.113
0.103
0.109
0.117
0.112
0.125
0.120
0.116
0.112
0.105
0.107
0.106
0.129
0.105
0.111
0.115
0.115
0.120
0.104
0.110
0.106
0.112
0.121
0.124
0.112
0.119
0.114
0.117
0.117
0.138
0.105
0.105
0.110
0.122
0.110
0.111
0.127
0.104
0.110
0.103
0.104
0.121
0.104
0.095
0.111
0.119
0.106
0.119
0.117
0.127
0.120
0.108
0.109
0.116
0.124
0.115
0.107
0.124
0.139
0.104
0.105
0.115
0.118
0.115
0.117
0.110
0.116
0.109
0.121
0.116
0.106
0.101
0.120
0.110
0.110
0.121
0.120
0.131
0.114
0.111
0.120
0.121
0.104
0.109
0.106
0.106
0.109
0.105
0.109
0.103
0.108
0.120
0.119
0.107
0.105
0.121
0.135
0.107
0.108
0.118
0.115
0.112
0.106
0.108
0.113
0.114
0.105
0.100
0.108
0.119
0.108
0.106
0.111
0.107
0.110
0.111
0.105
0.108
0.105
0.108
0.106
0.106
0.117
0.120
0.108
0.117
0.104
0.125
0.107
0.116
0.121
0.106
0.108
0.110
0.156
0.111
0.118
0.121
0.113
0.106
0.105
0.120
0.117
0.122
0.117
0.105
0.129
0.117
0.110
0.117
0.107
0.105
0.112
0.115
0.114
0.108
0.107
0.121
0.119
0.115
0.130
0.122
0.117
0.118
0.106
0.119
0.110
0.105
0.109
0.116
0.129
0.124
0.108
0.116
0.124
0.105
0.120
0.105
0.110
0.108
0.107
0.103
0.112
0.113
0.109
0.138
0.118
0.127
0.126
0.122
0.121
0.100
0.110
0.104
0.118
0.107
0.115
0.105
0.114
0.124
0.124
0.107
0.129
0.120
0.118
0.111
0.128
0.112
0.157
0.115
0.111
0.125
0.110
0.109
0.106
0.104
0.107
0.103
0.095
0.118
0.111
0.106
0.110
0.120
0.110
0.124
0.121
0.119
0.106
0.109
0.115
0.103
0.106
0.106
0.106
0.121
0.104
0.119
0.106
0.123
0.108
0.110
0.095
0.106
0.105
0.141
0.117
0.105
0.112
0.114
0.101
0.109
0.117
0.108
0.116
0.115
0.110
0.113
0.104
0.102
0.104
0.095
0.100
0.098
0.094
0.102
0.136
0.101
0.102
0.102
0.102
0.101
0.103
0.110
0.111
0.111
0.113
0.103
0.100
0.100
0.107
0.108
0.103
0.105
0.133
0.121
0.120
0.100
0.112
0.111
0.104
0.118
0.105
0.102
0.092
0.115
0.108
0.137
0.107
0.111
0.114
0.117
0.108
0.109
0.110
0.106
0.107
0.107
0.112
0.108
0.106
0.108
0.117
0.115
0.120
0.106
0.105
0.101
0.109
0.103
0.107
0.105
0.116
0.135
0.110
0.113
0.118
0.105
0.108
0.107
0.111
0.113
0.105
0.110
0.125
0.107
0.120
0.114
0.108
0.102
0.119
0.120
0.125
0.107
0.106
0.111
0.111
0.104
0.125
0.120
0.112
0.105
0.120
0.106
0.097
0.110
0.155
0.113
0.121
0.141
0.128
0.104
0.117
