12.396270396270399
10.825022200022202
12.152777777777777
12.98015873015873
11.016666666666664
13.51111111111111
11.694805194805195
13.353174603174597
10.939141414141416
14.630158730158724
14.121428571428568
14.983333333333322
16.410317460317454
15.804365079365077
16.54523809523809
12.688600288600284
14.018650793650789
11.26305916305916
16.606746031746024
10.436544011544015
16.725396825396825
12.718650793650788
11.991991341991339
12.235436785436791
13.106746031746027
11.586111111111103
13.082142857142856
15.879761904761901
17.741666666666653
12.929365079365077
13.930158730158725
17.758730158730156
13.599603174603168
14.409523809523805
11.84603174603174
14.579365079365076
16.450793650793653
16.72936507936507
16.57579365079365
14.148412698412699
17.171825396825394
18.70357142857142
13.840079365079355
16.672222222222217
14.373412698412695
13.830952380952375
14.618650793650788
12.944444444444443
12.005952380952378
10.092171717171725
12.138888888888886
14.188888888888883
12.891666666666664
11.789285714285713
13.065476190476188
16.28928571428571
13.371031746031742
10.792352092352088
11.489285714285712
13.686111111111106
17.10158730158729
14.200396825396824
15.432142857142859
14.578571428571426
16.19523809523809
15.218650793650792
11.229220779220777
10.22146464646465
15.26309523809523
13.628174603174596
11.367063492063489
13.487698412698409
14.071428571428566
13.499999999999996
12.965476190476185
13.607936507936506
11.021825396825395
13.777777777777773
16.143253968253966
15.878571428571426
13.667460317460314
17.637698412698406
15.896031746031742
14.599603174603176
14.873809523809522
14.529761904761893
16.459920634920625
16.492857142857133
13.213888888888887
15.627777777777771
11.314610389610383
15.412698412698411
18.456746031746025
15.150396825396822
10.295765345765345
11.077525252525252
16.29246031746031
16.817857142857136
13.867063492063485
16.49761904761904
17.43253968253968
13.862698412698412
15.616269841269835
13.568253968253966
12.474999999999996
11.845238095238091
14.21190476190476
15.317063492063486
16.186507936507937
14.67261904761904
13.211544011544008
11.291666666666668
11.168553668553669
13.041666666666666
16.099603174603168
15.945634920634914
14.01349206349206
13.990079365079362
12.834920634920632
13.371031746031747
11.167027417027418
14.68253968253968
14.52738095238095
12.325396825396819
11.460317460317457
11.437312687312692
17.363492063492053
13.212301587301583
16.222619047619045
11.492857142857138
14.808333333333326
9.994444444444445
11.11919191919192
12.611111111111107
13.365476190476189
17.54761904761904
14.417857142857141
18.396825396825395
14.836976911976901
16.652380952380945
12.62705627705628
14.337301587301585
11.41779609279609
11.099855699855706
10.071212121212126
14.890476190476186
18.59246031746031
10.722222222222218
17.126984126984123
15.695238095238095
15.345238095238091
13.96190476190476
13.248412698412695
11.073989898989906
11.236530136530137
15.847619047619041
16.305952380952377
12.292063492063487
13.304365079365075
13.598412698412695
10.178823953823958
13.977777777777774
14.152777777777775
15.051984126984127
14.11388888888888
14.460317460317459
17.692460317460313
11.699314574314572
11.596753246753245
11.815151515151518
13.057539682539678
11.071212121212124
10.437529137529143
10.779040404040408
12.071428571428568
10.07220834720835
16.028571428571432
16.125793650793646
14.749206349206343
15.228968253968251
18.034920634920624
17.63650793650793
11.49823232323232
12.705158730158724
18.92301587301587
18.794444444444437
17.56111111111111
10.915548340548336
10.26717171717172
12.919444444444439
16.007142857142853
16.4765873015873
15.702380952380944
14.021825396825392
11.625685425685425
11.385714285714277
18.336507936507928
15.853174603174601
15.593650793650793
14.532142857142857
11.048232323232323
12.597222222222218
11.931468531468536
10.705710955710959
13.830952380952377
15.013888888888891
16.23373015873016
11.397630147630146
13.621825396825395
11.838888888888887
13.253968253968251
10.248063048063052
15.242063492063489
13.5861111111111
15.53412698412698
17.00277777777777
15.948809523809519
12.95912698412698
11.79365079365079
12.569444444444445
13.494841269841267
13.154761904761903
12.07222222222222
15.689285714285711
18.81428571428571
12.006349206349203
12.20912698412698
15.959523809523805
15.305952380952377
15.52857142857142
15.334126984126982
17.22341269841269
16.188888888888883
14.074603174603167
9.845454545454547
12.023124098124102
13.24206349206349
12.539682539682536
15.771428571428569
13.451190476190469
16.593253968253965
14.248015873015865
16.158730158730155
11.736111111111107
10.600793650793651
10.321789321789323
12.507936507936503
12.521825396825395
12.50238095238095
10.954365079365074
10.33535353535354
16.773015873015865
15.757936507936504
12.058669108669111
9.914393939393936
17.036111111111104
17.34722222222221
14.585317460317453
10.509920634920633
16.228174603174597
16.24880952380952
14.717063492063488
17.069841269841266
14.526984126984122
13.704365079365074
10.703282828282825
12.123809523809522
15.006746031746022
15.440873015873013
13.734523809523804
16.49087301587301
14.29484126984127
14.81865079365079
16.039682539682534
14.896825396825388
15.999206349206347
17.320634920634916
13.062301587301583
13.514682539682534
13.47222222222222
12.917460317460314
15.502380952380948
16.582539682539675
17.722619047619045
14.687301587301583
12.686147186147185
16.561507936507926
16.165476190476184
14.724206349206346
13.668650793650789
11.29033189033189
12.414682539682538
11.74704184704185
10.86097791097791
14.85198412698412
15.302777777777774
15.822619047619044
11.429689754689749
13.423051948051945
16.10277777777777
15.53650793650793
12.804365079365075
13.794275169275165
12.302813852813852
11.696464646464646
13.27539682539682
15.816666666666665
14.470238095238093
16.872619047619043
13.087698412698405
13.442063492063488
16.194841269841262
10.696969696969697
12.931349206349203
14.047222222222217
14.566666666666665
15.077380952380945
14.904365079365073
17.223809523809518
16.265079365079366
13.83373015873015
15.432936507936507
13.342063492063485
14.07142857142857
13.461507936507932
9.874927849927854
14.092460317460318
14.74126984126984
14.117857142857138
14.026984126984123
12.771825396825395
15.140873015873014
13.84087301587301
12.080663780663777
16.544841269841264
17.061111111111103
18.945238095238093
12.68816738816739
17.563492063492056
12.57035742035742
11.628174603174601
13.075505050505052
12.43055555555555
17.038095238095238
16.734523809523804
11.945634920634914
11.046067821067817
11.296645021645022
14.603174603174603
15.05555555555555
11.680158730158729
11.702836052836057
15.3063492063492
11.998412698412695
13.756349206349205
15.935317460317455
11.412121212121214
10.779761904761907
15.9515873015873
14.555952380952377
16.33888888888888
18.34325396825396
15.352777777777773
13.558730158730153
15.916269841269832
17.87380952380952
16.10595238095238
15.43373015873016
16.09563492063491
12.240079365079362
13.224999999999996
14.706349206349204
11.522438672438671
12.391666666666664
15.033730158730156
17.686507936507933
17.680158730158723
15.03650793650793
12.033730158730156
10.470923520923519
11.119599844599852
11.543542568542573
12.996428571428563
16.47579365079365
17.03888888888888
13.480952380952376
11.322882672882669
11.987373737373742
9.881973581973584
10.72843822843823
11.436507936507933
16.371428571428567
15.40714285714285
15.138492063492055
11.403679653679655
10.9739898989899
16.82142857142857
14.478174603174601
14.832539682539677
15.221031746031743
10.888492063492057
11.359595959595964
17.218253968253965
15.256349206349205
17.307539682539677
15.273809523809522
14.910317460317456
11.20039682539682
13.510714285714279
13.212301587301582
11.75919913419913
10.123629148629147
11.881721056721059
11.886038961038965
12.001984126984123
14.305555555555554
16.7579365079365
16.664682539682534
13.035317460317454
16.626190476190477
19.690873015873013
17.925793650793644
14.759920634920626
16.618253968253967
10.995634920634913
11.459163059163062
11.630952380952381
16.194841269841266
17.366269841269844
15.67103174603174
10.975505050505046
13.322222222222218
16.792063492063487
13.08809523809524
11.89484126984127
14.232142857142852
9.557070707070707
15.63571428571428
15.436111111111103
13.142460317460309
12.074242424242428
11.88152958152958
10.867063492063492
12.53968253968254
12.138888888888884
11.509595959595961
11.551190476190474
13.287301587301585
16.52539682539682
12.186507936507931
16.175793650793647
15.746031746031745
16.94642857142857
16.653571428571418
9.566161616161617
13.904761904761902
10.445202020202016
12.808080808080815
11.114646464646471
11.394444444444444
11.309523809523807
10.170634920634917
11.614682539682535
16.705555555555552
14.063095238095233
16.835714285714282
11.910389610389606
15.609920634920632
12.726984126984123
18.10119047619047
16.334126984126975
11.907323232323229
11.208333333333327
11.73189033189033
14.107936507936504
14.534523809523806
13.553174603174597
11.480158730158728
15.001587301587294
10.235389610389609
11.207900432900434
10.257864357864362
9.369805194805194
11.126984126984127
11.253968253968248
13.578174603174602
13.873015873015873
18.706746031746018
13.763095238095238
12.392243867243861
10.845057720057719
13.325396825396822
12.529761904761903
13.076587301587299
16.580555555555552
17.6515873015873
15.198412698412696
12.486111111111109
12.955158730158727
16.473809523809518
15.909920634920631
13.908333333333326
14.84007936507936
14.18492063492063
12.6031746031746
11.795526695526695
11.745634920634915
13.913888888888888
15.463095238095232
16.59047619047618
13.143253968253964
16.58769841269841
13.685714285714283
12.5265873015873
12.765873015873016
13.455952380952377
12.483730158730156
12.31547619047619
10.333982683982683
10.645562770562767
13.960317460317459
12.238095238095234
17.172222222222214
15.256746031746026
16.33095238095238
10.844913419913414
15.15238095238095
15.589285714285708
18.369047619047613
15.478968253968253
12.766378066378056
10.730411255411248
14.6047619047619
12.17103174603174
16.497619047619047
16.345634920634918
11.212590187590186
11.673088023088022
16.37023809523809
12.224999999999993
13.0015873015873
9.863780663780664
10.374999999999998
12.395321345321351
11.614033189033186
15.178571428571423
15.93174603174603
15.195634920634916
15.368253968253963
11.261832611832608
10.337121212121213
11.142857142857139
14.15238095238095
15.91865079365079
11.480663780663779
13.92579365079365
15.660714285714281
16.51865079365079
13.823412698412694
19.60992063492063
19.52301587301587
14.910714285714281
11.180483405483406
16.33373015873015
16.998809523809523
13.851587301587294
11.413178488178485
14.10079365079365
14.427380952380949
10.41385281385281
12.940476190476186
12.214285714285714
13.803571428571427
14.603571428571424
13.95039682539682
12.406746031746026
13.294841269841266
9.116486291486288
12.239682539682539
13.350432900432898
11.234776334776326
12.517604617604619
14.6063492063492
15.230158730158728
17.932936507936503
13.313888888888885
13.13928571428571
14.355158730158726
11.033189033189032
15.31547619047619
11.218470418470421
13.543650793650789
15.384920634920631
15.138095238095234
16.372619047619043
14.283333333333331
12.509126984126983
12.509920634920634
16.25912698412698
14.858333333333325
14.3797619047619
17.33611111111111
12.720634920634916
10.209920634920634
11.448412698412698
11.059523809523812
12.099999999999996
11.738095238095237
12.839285714285708
9.71617271617272
16.8765873015873
12.502777777777775
16.51230158730158
15.784920634920628
11.982467532467531
13.269841269841265
13.725793650793646
13.710317460317457
12.507936507936506
12.448124098124094
17.486111111111107
16.90357142857143
14.748412698412695
13.671031746031739
12.073412698412698
14.470238095238091
11.17879897879898
15.420238095238087
11.99007936507936
11.055855255855258
12.783730158730156
16.502777777777773
15.45595238095238
15.818253968253966
13.916666666666659
15.141666666666666
12.642460317460312
12.994047619047617
15.38769841269841
17.04007936507936
15.708333333333329
11.805555555555552
11.91280663780664
11.585606060606061
11.361111111111105
12.460786435786433
10.861555111555111
13.184523809523808
16.861111111111107
10.760581085581089
12.863888888888884
16.491269841269833
14.279761904761898
16.909126984126974
18.663492063492054
14.43730158730158
14.01150793650793
11.880241980241978
12.624999999999998
13.177813852813847
11.038672438672437
10.81274558774559
15.913492063492058
15.882142857142853
15.24325396825397
15.486904761904755
14.162301587301581
11.187806637806636
12.956349206349204
16.549206349206347
16.04642857142857
15.213888888888887
14.687698412698406
13.670238095238089
12.243253968253963
12.523268398268392
13.359523809523807
11.337301587301585
16.061904761904756
16.74960317460317
13.120238095238092
12.16626984126983
10.312240537240537
12.26785714285714
10.61569264069264
15.121031746031734
15.080952380952377
13.684523809523805
14.702777777777778
18.04761904761904
15.683730158730155
15.396031746031746
15.427380952380949
15.548412698412692
15.140476190476187
16.209126984126975
13.560317460317457
12.152561327561326
9.964152514152515
17.07420634920635
15.371825396825386
17.024603174603172
13.095238095238091
10.453066378066376
12.447341547341548
12.766269841269844
14.787301587301583
16.510714285714283
18.246428571428563
11.001984126984123
12.318686868686864
13.438250638250636
12.759920634920633
17.71309523809523
12.819841269841266
15.37738095238095
12.61706349206349
13.251984126984121
11.987878787878786
10.876850926850926
10.888888888888884
11.181998556998554
12.930555555555554
12.777777777777775
11.37182539682539
13.952777777777772
15.119047619047619
11.248665223665226
12.898015873015872
11.421825396825396
15.227380952380946
14.811507936507931
13.278968253968252
12.95833333333333
15.412698412698408
10.88091630591631
12.91865079365079
10.571500721500723
10.199963924963926
11.499999999999998
12.472222222222221
10.575396825396826
12.522582972582983
16.080952380952375
16.753571428571423
15.81071428571428
17.40277777777777
15.814682539682538
15.32777777777777
14.84642857142857
19.133730158730152
14.088888888888885
14.305555555555552
19.410317460317454
14.73095238095238
13.857539682539683
14.828174603174602
17.30992063492063
14.03928571428571
15.346031746031741
14.202380952380947
11.079653679653681
10.8487012987013
11.620634920634918
10.456240981240981
12.190476190476188
14.673412698412697
11.791666666666666
13.139682539682537
10.72669552669553
16.13531746031746
16.00753968253968
16.819841269841266
16.11230158730158
15.088888888888885
16.435317460317453
15.290079365079361
12.386544011544007
13.240476190476187
17.58611111111111
15.5813492063492
14.534126984126981
14.632936507936503
15.79484126984127
15.302380952380945
12.002777777777778
11.161724386724389
14.982936507936504
15.28174603174603
11.838575313575316
15.288131313131313
11.66071428571428
11.470129870129867
13.9563492063492
10.931684981684981
11.992074592074596
14.469444444444445
17.242063492063483
13.902777777777775
15.104761904761899
14.172222222222219
10.093253968253967
13.801587301587299
12.96428571428571
15.742063492063481
16.17341269841269
15.769047619047615
14.43373015873015
11.39772727272727
12.947222222222221
13.778174603174591
14.243253968253962
16.38769841269841
13.794047619047607
17.45476190476189
14.403174603174595
19.35674603174603
13.606349206349204
13.948412698412694
12.84603174603174
12.565476190476188
11.300613275613278
17.118253968253963
16.019047619047612
15.938095238095228
15.849603174603178
15.161904761904754
14.45833333333333
12.631168831168825
16.074603174603173
14.475
16.950396825396822
13.428968253968247
16.801587301587297
14.63571428571428
13.174999999999992
17.22499999999999
16.817460317460316
15.773015873015868
17.069841269841266
15.878571428571423
18.58531746031745
14.463095238095232
12.384126984126981
13.899206349206345
18.160317460317454
13.81230158730158
11.874675324675321
16.763492063492055
14.134126984126974
13.169047619047612
16.582936507936505
14.815873015873004
10.489718614718612
10.279401154401157
15.688095238095238
15.666666666666663
15.295238095238094
15.860714285714284
11.46587301587301
11.996825396825392
15.900396825396824
13.11507936507936
9.935317460317458
12.948412698412696
11.849206349206348
14.181349206349202
11.805663780663787
11.179639804639807
17.909920634920628
13.334523809523807
12.291666666666668
15.71349206349206
18.53730158730158
13.424999999999994
11.28344155844155
15.456746031746025
11.339285714285712
15.109126984126979
16.375396825396823
11.38113275613275
11.161507936507936
11.138888888888888
11.567532467532471
11.332251082251085
18.22222222222222
14.304761904761902
11.049289599289597
12.051587301587297
12.384920634920633
11.467388167388167
13.86904761904762
13.809920634920628
12.874206349206345
13.881746031746024
13.150793650793648
13.369444444444444
17.28015873015873
15.975793650793646
15.759523809523806
13.719047619047616
14.727380952380951
15.842857142857136
11.776190476190473
16.83452380952381
13.963888888888881
12.364682539682534
14.570634920634921
15.156746031746033
15.766269841269835
12.38492063492063
17.101984126984114
13.319444444444441
18.0095238095238
10.871681096681094
10.073989898989902
11.909523809523806
16.513492063492055
16.73650793650793
15.631349206349206
16.002380952380953
18.116666666666667
11.888131313131309
16.686111111111106
15.148015873015867
16.049206349206344
14.247222222222218
9.51818181818182
16.04404761904761
15.14166666666666
15.083730158730152
10.507611832611829
12.53253968253968
15.530555555555551
14.349999999999989
14.95357142857142
16.217063492063488
13.795238095238089
15.139285714285714
14.882142857142854
17.326190476190472
16.671031746031744
14.967063492063486
12.131782106782103
9.596825396825398
17.045238095238098
14.351190476190471
11.53769841269841
9.606168831168832
14.033730158730158
11.388888888888884
11.595238095238091
10.992063492063487
10.842352092352096
13.857142857142856
14.3281746031746
10.379509379509376
9.532323232323234
11.98243145743146
15.728174603174594
15.280555555555553
15.810714285714278
14.276587301587291
15.830952380952375
16.10912698412698
12.855555555555554
16.218253968253958
12.178571428571425
13.668253968253962
15.23769841269841
14.001190476190473
14.960317460317452
11.375793650793645
12.211435786435787
10.864321789321794
16.020238095238092
15.049603174603169
16.691269841269836
11.716666666666665
9.965331890331894
14.568650793650786
15.747222222222218
15.285317460317462
15.451190476190476
16.56587301587301
14.398412698412695
16.26468253968254
16.4329365079365
18.181746031746023
13.849206349206344
11.718253968253967
12.075396825396822
11.786111111111111
15.776190476190477
11.345238095238095
13.19523809523809
9.880952380952378
18.513095238095232
19.42222222222222
13.903174603174595
