41.990
49.745
50.451
60.454
47.793
48.236
49.898
50.145
51.887
56.762
57.977
59.961
51.385
58.348
50.864
59.832
50.464
57.988
50.068
50.161
58.844
50.554
49.704
61.159
51.794
51.288
51.072
60.032
49.927
50.553
49.605
50.763
48.885
57.129
59.450
50.023
49.295
47.953
49.785
58.369
49.446
57.154
50.827
60.675
50.752
39.704
50.485
50.721
70.253
52.219
51.172
60.456
49.963
49.864
48.139
40.062
58.659
49.508
50.892
49.918
52.451
48.605
50.133
49.696
60.995
40.217
50.161
39.712
49.712
50.554
58.579
59.728
49.846
47.498
58.685
50.092
60.481
50.019
47.680
48.853
49.585
49.939
58.630
58.776
47.312
50.965
50.145
50.999
49.199
49.753
48.185
60.974
60.470
49.880
49.639
49.327
59.454
51.434
48.170
50.895
59.580
50.026
49.763
50.115
48.969
60.285
62.516
49.210
61.131
49.704
50.192
39.549
48.582
49.822
59.447
48.996
47.763
48.972
51.660
49.087
50.299
49.240
49.302
60.474
58.822
50.901
50.378
48.563
51.753
50.655
49.406
51.010
50.480
48.986
51.620
49.620
50.534
48.747
41.197
50.610
49.008
60.284
47.798
49.140
49.523
49.586
50.068
60.380
48.632
49.535
61.001
51.357
60.907
50.275
60.729
59.766
50.254
49.318
59.714
48.104
51.100
48.720
48.952
50.107
48.383
50.033
40.746
51.773
49.556
50.965
50.282
51.041
38.695
50.801
50.856
51.496
49.265
50.205
47.980
49.283
50.835
48.822
50.016
49.274
47.749
60.646
50.036
50.712
49.895
50.317
49.340
50.039
51.675
51.117
59.750
51.266
52.560
49.522
61.409
49.885
49.481
48.593
50.814
51.808
49.405
59.728
70.655
58.866
50.655
50.737
50.016
40.816
50.695
49.737
49.559
59.493
47.734
59.527
50.145
49.206
59.419
38.833
59.842
51.562
60.114
50.904
48.866
50.955
50.142
50.677
49.817
59.240
51.316
50.360
50.407
50.492
51.422
39.464
50.789
40.607
39.888
49.144
40.079
49.551
59.616
50.330
49.857
59.438
51.620
50.160
59.515
49.446
50.171
50.045
61.002
51.178
48.525
51.460
49.754
49.780
60.615
61.753
50.169
40.093
50.281
49.943
51.895
50.302
49.280
47.467
52.141
52.788
51.169
51.503
39.772
48.719
49.793
60.819
48.092
50.432
50.033
51.833
49.749
48.651
49.815
50.896
38.727
49.913
50.703
60.662
50.279
50.427
49.822
48.799
50.285
51.955
58.986
49.817
60.869
51.416
49.670
50.174
52.216
50.344
50.948
50.358
50.740
52.325
49.785
49.702
51.369
50.382
61.150
50.853
58.122
62.713
49.661
50.845
50.381
59.661
50.664
49.798
48.877
50.810
39.846
61.580
51.174
49.198
60.634
50.095
51.357
41.589
39.105
49.956
49.839
50.214
61.295
49.675
48.858
51.209
49.831
51.925
49.600
50.220
63.075
50.343
39.636
48.179
49.066
40.520
60.230
70.145
48.868
50.367
61.171
51.156
49.980
50.154
49.322
51.581
48.639
52.636
50.055
49.036
51.168
39.862
50.043
50.709
51.718
49.102
59.629
60.510
57.981
49.766
49.521
52.492
49.789
51.446
39.476
50.070
50.455
52.527
49.916
50.535
51.171
61.398
49.292
38.651
38.804
50.539
51.344
53.320
58.932
49.193
60.234
49.835
48.720
49.739
51.374
59.958
49.719
52.454
60.530
50.120
50.815
62.763
40.170
49.033
51.503
50.261
39.956
48.912
50.635
51.285
51.918
49.527
51.164
49.028
50.795
40.595
49.029
48.348
51.595
48.925
60.261
60.047
50.962
49.007
50.340
49.735
49.832
60.416
48.943
49.691
48.487
49.897
50.148
49.697
39.572
40.949
48.138
49.726
50.847
49.285
51.131
60.274
50.029
39.682
71.965
49.753
60.138
50.877
51.415
60.572
49.917
48.569
39.728
49.516
52.691
40.522
58.987
50.750
51.797
50.960
47.944
40.397
59.936
50.692
52.119
50.272
50.233
50.746
51.563
51.286
49.777
51.917
49.799
60.992
49.250
52.299
50.854
50.958
48.763
59.070
60.843
39.668
49.683
49.050
50.439
50.370
51.029
49.464
51.141
48.492
58.683
49.842
50.650
50.299
48.528
50.480
60.184
59.457
50.413
58.557
40.440
50.664
49.708
41.787
51.618
60.021
51.298
48.971
51.740
49.936
41.616
49.936
48.423
49.489
50.646
49.220
51.627
49.678
51.715
48.741
50.036
48.846
52.740
50.752
50.956
50.211
49.008
50.647
59.724
59.296
48.794
49.684
52.543
49.885
51.653
48.972
50.328
50.760
50.320
60.102
49.156
49.964
60.415
41.133
51.487
51.036
50.098
62.032
51.294
49.991
49.730
50.004
50.864
60.876
51.608
49.466
59.071
40.029
51.414
40.198
49.292
48.321
50.999
39.746
49.969
50.879
51.084
51.141
49.417
50.681
49.365
50.127
50.876
49.461
50.425
50.046
52.417
51.456
50.908
50.269
50.886
51.390
50.005
49.126
50.187
50.091
51.005
40.773
49.319
50.321
51.552
51.014
51.503
49.002
49.308
48.571
60.004
50.508
60.566
50.397
61.345
50.641
51.550
49.274
49.138
50.782
48.416
49.801
50.596
41.222
60.484
49.835
61.159
51.218
50.403
60.531
49.814
49.163
50.970
51.125
49.156
51.100
51.666
50.705
49.164
51.092
61.207
40.344
40.844
51.174
51.176
50.469
38.266
50.782
50.427
61.683
49.941
48.921
49.337
49.667
39.027
38.843
50.808
51.718
39.901
51.563
50.955
61.337
49.615
39.984
72.043
59.719
50.508
62.232
59.350
40.328
51.347
49.448
51.876
51.612
61.199
48.911
40.740
50.034
40.090
49.915
50.385
49.301
61.295
51.332
49.444
60.228
50.351
50.883
48.899
50.924
39.679
49.604
51.374
50.708
50.466
49.889
49.834
52.122
50.419
50.247
50.998
49.078
41.397
52.298
49.789
52.743
40.298
50.289
50.060
51.087
51.105
40.985
51.331
39.952
40.464
51.293
49.663
39.927
51.258
50.979
40.497
59.922
50.105
49.792
49.703
50.440
48.766
50.000
49.382
50.789
50.726
51.470
50.070
50.993
38.910
49.117
41.243
50.556
51.485
48.738
50.586
51.349
60.109
49.106
49.198
49.046
39.770
48.756
51.763
51.220
48.652
50.146
50.914
40.259
50.229
61.600
51.991
40.605
51.581
50.625
51.493
62.031
62.500
49.622
58.146
50.779
58.107
50.114
49.782
51.015
51.032
61.422
49.672
49.194
51.721
40.528
49.411
50.297
50.206
40.723
39.976
50.517
49.750
50.103
49.882
49.246
49.771
60.710
51.288
49.448
62.294
49.824
49.463
62.447
61.681
50.717
50.115
40.183
50.603
50.641
49.588
51.522
38.959
50.358
50.546
49.593
51.295
50.583
51.270
50.297
51.150
51.389
61.400
60.335
50.908
50.236
51.422
47.815
49.190
58.941
49.948
52.030
49.049
50.425
40.462
50.191
51.809
50.531
49.412
51.663
50.437
50.692
50.648
51.210
51.934
49.715
49.907
48.245
51.548
48.833
59.909
49.631
50.313
48.698
52.496
49.678
52.881
50.697
40.004
49.703
50.546
38.872
49.249
51.700
51.387
50.269
48.374
51.031
60.323
50.853
51.131
49.296
60.138
49.558
61.350
48.610
51.634
52.030
50.203
48.800
49.440
50.686
60.361
60.734
51.237
50.744
48.665
50.465
61.660
50.622
41.523
59.696
49.713
51.526
48.487
48.828
49.165
51.092
50.610
39.583
49.826
50.780
51.246
50.138
49.665
51.392
51.489
51.018
52.171
52.073
70.605
41.743
51.693
51.653
51.332
51.558
51.871
49.678
50.020
59.092
50.201
40.970
51.091
52.028
51.518
50.283
50.736
60.769
51.482
49.894
60.576
50.058
50.465
50.722
50.775
50.079
50.976
51.084
38.870
62.018
38.945
50.853
48.663
50.617
50.159
41.247
61.207
41.408
50.999
49.911
50.034
61.171
49.951
50.270
50.076
50.372
40.533
50.916
60.579
51.109
61.197
51.181
38.988
51.527
52.304
50.578
49.347
51.304
50.232
59.947
49.291
51.607
51.726
48.968
62.503
49.696
50.063
48.971
50.814
51.998
51.889
51.420
48.686
60.024
49.893
51.058
51.146
40.387
40.506
49.100
50.462
47.909
48.645
50.645
49.948
62.095
49.599
51.613
50.424
50.156
60.234
49.983
50.564
60.357
58.905
50.222
49.999
49.723
51.193
49.360
61.224
49.511
50.821
39.018
51.513
51.208
50.794
50.415
48.217
61.057
