1270
1246
1334
664
926
832
829
874
817
511
440
689
485
694
616
655
952
750
624
1118
671
975
1258
1151
919
842
903
559
533
481
513
606
595
692
739
515
506
586
584
602
542
589
652
608
743
697
905
780
760
966
526
1062
937
530
829
575
778
1146
782
1441
532
541
499
561
690
513
1407
1208
651
1081
766
723
825
781
883
784
781
782
547
534
1375
478
496
488
788
541
576
604
581
669
1782
547
544
648
1125
859
628
598
593
484
551
533
749
835
1122
1206
498
661
492
701
799
1153
1738
545
480
570
522
566
882
627
945
767
599
724
662
793
598
537
632
635
614
1112
1483
781
439
635
599
525
614
635
753
740
1094
1022
821
581
701
588
560
580
665
632
727
1131
815
485
570
842
749
756
933
472
499
584
699
626
602
841
1380
947
896
1039
1537
1514
814
996
530
545
624
491
585
683
765
647
620
490
498
853
1263
848
481
540
445
624
1205
1107
640
463
542
605
784
873
1364
1229
562
571
710
1119
780
912
833
995
488
621
567
717
616
801
653
612
811
711
1358
582
593
617
1228
551
545
657
601
533
602
1491
961
1910
748
928
642
455
499
511
702
631
769
1145
759
756
898
896
855
516
659
1327
1308
551
502
635
596
492
514
562
591
592
688
1203
758
560
466
522
608
542
591
427
828
423
593
635
989
835
713
522
537
830
990
1057
541
465
537
583
1043
775
817
821
583
503
509
760
520
478
500
774
1209
1286
1198
573
564
597
515
565
488
574
1157
640
558
467
742
644
454
483
714
473
671
576
744
1119
981
482
626
658
762
744
1124
858
647
490
815
924
751
1258
1550
974
980
624
571
748
909
1019
558
565
753
836
555
496
590
600
1084
947
534
526
514
585
672
675
712
498
486
547
722
787
664
787
1406
805
524
501
590
556
774
1280
1584
1200
593
586
579
644
1289
1154
1276
1034
818
435
435
815
1261
1010
562
606
493
554
1344
1355
481
509
425
532
589
689
821
1003
1071
874
833
1034
949
626
663
558
902
553
525
485
874
565
1271
791
622
558
521
679
851
922
612
852
872
780
1445
493
592
853
986
755
772
514
1123
1126
1022
525
542
930
508
589
473
696
1126
902
1015
1278
1165
780
800
903
880
441
513
573
1045
521
639
646
648
983
780
1031
596
679
916
1020
704
1051
830
1021
992
936
1194
566
513
656
512
708
1767
639
777
1028
543
497
740
634
1151
529
492
620
410
542
746
767
799
543
530
513
443
598
538
594
1517
830
817
734
1098
808
780
1028
481
488
600
746
497
443
509
562
869
1269
434
556
474
518
1093
640
545
731
880
1579
905
1304
981
474
490
422
694
1072
974
905
429
728
1325
464
582
519
721
541
615
709
616
443
495
787
758
477
412
1027
515
905
516
814
942
774
814
1291
715
912
748
1119
500
456
551
661
942
550
877
1126
1213
813
493
570
572
445
741
716
538
482
525
600
799
805
775
623
1349
637
815
1345
524
431
558
751
939
976
774
805
1026
1137
531
529
522
727
645
628
1018
913
980
930
740
505
406
500
565
631
1004
759
522
569
816
768
783
1991
1106
1194
1174
1279
638
804
731
476
424
499
516
834
666
936
823
783
926
1433
430
467
429
536
536
949
767
553
522
639
486
533
888
940
737
506
541
517
486
502
766
759
883
556
539
574
551
618
435
546
495
619
505
708
913
1559
838
508
564
505
682
921
1335
739
486
480
515
833
781
1036
481
498
601
648
881
770
1266
961
550
955
636
819
760
496
562
780
759
649
625
775
708
866
1405
1166
662
835
813
780
633
760
1322
459
612
599
571
436
478
523
558
634
628
609
554
719
435
534
807
524
590
1151
1074
978
792
823
1367
636
829
770
629
461
495
601
506
776
542
1218
878
548
500
500
571
538
691
782
1140
1029
745
948
644
979
1087
792
1130
1238
688
518
445
602
835
740
1051
816
473
596
498
658
1081
780
429
531
544
823
505
438
516
503
561
1084
781
977
547
484
503
421
571
499
1062
420
482
513
795
625
557
645
581
502
556
678
577
479
642
465
487
439
824
927
547
538
613
549
772
761
954
479
513
415
527
553
644
429
601
1106
508
740
666
1147
1409
571
581
819
531
577
745
1044
617
891
435
756
1026
955
1104
811
1103
629
570
1046
928
901
1213
886
433
436
452
849
489
476
522
478
443
544
453
640
462
520
771
531
499
613
616
679
712
488
918
961
619
502
520
483
555
588
685
520
510
505
711
963
554
567
557
1005
1348
525
520
515
609
514
427
545
532
542
563
842
804
505
491
745
1304
768
879
882
847
800
894
1010
1388
807
784
531
492
530
645
545
592
429
899
782
764
522
576
469
1229
1192
1148
597
472
618
891
1057
543
535
499
488
464
673
563
785
517
771
667
723
937
580
749
866
626
528
642
931
