1.270000000000000000e+04
1.246000000000000000e+04
1.334000000000000000e+04
6.640000000000000000e+03
9.260000000000000000e+03
8.320000000000000000e+03
8.290000000000000000e+03
8.740000000000000000e+03
8.170000000000000000e+03
5.110000000000000000e+03
4.400000000000000000e+03
6.890000000000000000e+03
4.850000000000000000e+03
6.940000000000000000e+03
6.160000000000000000e+03
6.550000000000000000e+03
9.520000000000000000e+03
7.500000000000000000e+03
6.240000000000000000e+03
1.118000000000000000e+04
6.710000000000000000e+03
9.750000000000000000e+03
1.258000000000000000e+04
1.151000000000000000e+04
9.190000000000000000e+03
8.420000000000000000e+03
9.030000000000000000e+03
5.590000000000000000e+03
5.330000000000000000e+03
4.810000000000000000e+03
5.130000000000000000e+03
6.060000000000000000e+03
5.950000000000000000e+03
6.920000000000000000e+03
7.390000000000000000e+03
5.150000000000000000e+03
5.060000000000000000e+03
5.860000000000000000e+03
5.840000000000000000e+03
6.020000000000000000e+03
5.420000000000000000e+03
5.890000000000000000e+03
6.520000000000000000e+03
6.080000000000000000e+03
7.430000000000000000e+03
6.970000000000000000e+03
9.050000000000000000e+03
7.800000000000000000e+03
7.600000000000000000e+03
9.660000000000000000e+03
5.260000000000000000e+03
1.062000000000000000e+04
9.370000000000000000e+03
5.300000000000000000e+03
8.290000000000000000e+03
5.750000000000000000e+03
7.780000000000000000e+03
1.146000000000000000e+04
7.820000000000000000e+03
1.441000000000000000e+04
5.320000000000000000e+03
5.410000000000000000e+03
4.990000000000000000e+03
5.610000000000000000e+03
6.900000000000000000e+03
5.130000000000000000e+03
1.407000000000000000e+04
1.208000000000000000e+04
6.510000000000000000e+03
1.081000000000000000e+04
7.660000000000000000e+03
7.230000000000000000e+03
8.250000000000000000e+03
7.810000000000000000e+03
8.830000000000000000e+03
7.840000000000000000e+03
7.810000000000000000e+03
7.820000000000000000e+03
5.470000000000000000e+03
5.340000000000000000e+03
1.375000000000000000e+04
4.780000000000000000e+03
4.960000000000000000e+03
4.880000000000000000e+03
7.880000000000000000e+03
5.410000000000000000e+03
5.760000000000000000e+03
6.040000000000000000e+03
5.810000000000000000e+03
6.690000000000000000e+03
1.782000000000000000e+04
5.470000000000000000e+03
5.440000000000000000e+03
6.480000000000000000e+03
1.125000000000000000e+04
8.590000000000000000e+03
6.280000000000000000e+03
5.980000000000000000e+03
5.930000000000000000e+03
4.840000000000000000e+03
5.510000000000000000e+03
5.330000000000000000e+03
7.490000000000000000e+03
8.350000000000000000e+03
1.122000000000000000e+04
1.206000000000000000e+04
4.980000000000000000e+03
6.610000000000000000e+03
4.920000000000000000e+03
7.010000000000000000e+03
7.990000000000000000e+03
1.153000000000000000e+04
1.738000000000000000e+04
5.450000000000000000e+03
4.800000000000000000e+03
5.700000000000000000e+03
5.220000000000000000e+03
5.660000000000000000e+03
8.820000000000000000e+03
6.270000000000000000e+03
9.450000000000000000e+03
7.670000000000000000e+03
5.990000000000000000e+03
7.240000000000000000e+03
6.620000000000000000e+03
7.930000000000000000e+03
5.980000000000000000e+03
5.370000000000000000e+03
6.320000000000000000e+03
6.350000000000000000e+03
6.140000000000000000e+03
1.112000000000000000e+04
1.483000000000000000e+04
7.810000000000000000e+03
4.390000000000000000e+03
6.350000000000000000e+03
5.990000000000000000e+03
5.250000000000000000e+03
6.140000000000000000e+03
6.350000000000000000e+03
7.530000000000000000e+03
7.400000000000000000e+03
1.094000000000000000e+04
1.022000000000000000e+04
8.210000000000000000e+03
5.810000000000000000e+03
7.010000000000000000e+03
5.880000000000000000e+03
5.600000000000000000e+03
5.800000000000000000e+03
6.650000000000000000e+03
6.320000000000000000e+03
7.270000000000000000e+03
1.131000000000000000e+04
8.150000000000000000e+03
4.850000000000000000e+03
5.700000000000000000e+03
8.420000000000000000e+03
7.490000000000000000e+03
7.560000000000000000e+03
9.330000000000000000e+03
4.720000000000000000e+03
4.990000000000000000e+03
5.840000000000000000e+03
6.990000000000000000e+03
6.260000000000000000e+03
6.020000000000000000e+03
8.410000000000000000e+03
1.380000000000000000e+04
9.470000000000000000e+03
8.960000000000000000e+03
1.039000000000000000e+04
1.537000000000000000e+04
1.514000000000000000e+04
8.140000000000000000e+03
9.960000000000000000e+03
5.300000000000000000e+03
5.450000000000000000e+03
6.240000000000000000e+03
4.910000000000000000e+03
5.850000000000000000e+03
6.830000000000000000e+03
7.650000000000000000e+03
6.470000000000000000e+03
6.200000000000000000e+03
4.900000000000000000e+03
4.980000000000000000e+03
8.530000000000000000e+03
1.263000000000000000e+04
8.480000000000000000e+03
4.810000000000000000e+03
5.400000000000000000e+03
4.450000000000000000e+03
6.240000000000000000e+03
1.205000000000000000e+04
1.107000000000000000e+04
6.400000000000000000e+03
4.630000000000000000e+03
5.420000000000000000e+03
6.050000000000000000e+03
7.840000000000000000e+03
8.730000000000000000e+03
1.364000000000000000e+04
1.229000000000000000e+04
5.620000000000000000e+03
5.710000000000000000e+03
7.100000000000000000e+03
1.119000000000000000e+04
7.800000000000000000e+03
9.120000000000000000e+03
8.330000000000000000e+03
9.950000000000000000e+03
4.880000000000000000e+03
6.210000000000000000e+03
5.670000000000000000e+03
7.170000000000000000e+03
6.160000000000000000e+03
8.010000000000000000e+03
6.530000000000000000e+03
6.120000000000000000e+03
8.110000000000000000e+03
7.110000000000000000e+03
1.358000000000000000e+04
5.820000000000000000e+03
5.930000000000000000e+03
6.170000000000000000e+03
1.228000000000000000e+04
5.510000000000000000e+03
5.450000000000000000e+03
6.570000000000000000e+03
6.010000000000000000e+03
5.330000000000000000e+03
6.020000000000000000e+03
1.491000000000000000e+04
9.610000000000000000e+03
1.910000000000000000e+04
7.480000000000000000e+03
9.280000000000000000e+03
6.420000000000000000e+03
4.550000000000000000e+03
4.990000000000000000e+03
5.110000000000000000e+03
7.020000000000000000e+03
6.310000000000000000e+03
7.690000000000000000e+03
1.145000000000000000e+04
7.590000000000000000e+03
7.560000000000000000e+03
8.980000000000000000e+03
8.960000000000000000e+03
8.550000000000000000e+03
5.160000000000000000e+03
6.590000000000000000e+03
1.327000000000000000e+04
1.308000000000000000e+04
5.510000000000000000e+03
5.020000000000000000e+03
6.350000000000000000e+03
5.960000000000000000e+03
4.920000000000000000e+03
5.140000000000000000e+03
5.620000000000000000e+03
5.910000000000000000e+03
5.920000000000000000e+03
6.880000000000000000e+03
1.203000000000000000e+04
7.580000000000000000e+03
5.600000000000000000e+03
4.660000000000000000e+03
5.220000000000000000e+03
6.080000000000000000e+03
5.420000000000000000e+03
5.910000000000000000e+03
4.270000000000000000e+03
8.280000000000000000e+03
4.230000000000000000e+03
5.930000000000000000e+03
6.350000000000000000e+03
9.890000000000000000e+03
8.350000000000000000e+03
7.130000000000000000e+03
5.220000000000000000e+03
5.370000000000000000e+03
8.300000000000000000e+03
9.900000000000000000e+03
1.057000000000000000e+04
5.410000000000000000e+03
4.650000000000000000e+03
5.370000000000000000e+03
5.830000000000000000e+03
1.043000000000000000e+04
7.750000000000000000e+03
8.170000000000000000e+03
8.210000000000000000e+03
5.830000000000000000e+03
5.030000000000000000e+03
5.090000000000000000e+03
7.600000000000000000e+03
5.200000000000000000e+03
4.780000000000000000e+03
5.000000000000000000e+03
7.740000000000000000e+03
1.209000000000000000e+04
1.286000000000000000e+04
1.198000000000000000e+04
5.730000000000000000e+03
5.640000000000000000e+03
5.970000000000000000e+03
5.150000000000000000e+03
5.650000000000000000e+03
4.880000000000000000e+03
5.740000000000000000e+03
1.157000000000000000e+04
6.400000000000000000e+03
5.580000000000000000e+03
4.670000000000000000e+03
7.420000000000000000e+03
6.440000000000000000e+03
4.540000000000000000e+03
4.830000000000000000e+03
7.140000000000000000e+03
4.730000000000000000e+03
6.710000000000000000e+03
5.760000000000000000e+03
7.440000000000000000e+03
1.119000000000000000e+04
9.810000000000000000e+03
4.820000000000000000e+03
6.260000000000000000e+03
6.580000000000000000e+03
7.620000000000000000e+03
7.440000000000000000e+03
1.124000000000000000e+04
8.580000000000000000e+03
6.470000000000000000e+03
4.900000000000000000e+03
8.150000000000000000e+03
9.240000000000000000e+03
7.510000000000000000e+03
1.258000000000000000e+04
1.550000000000000000e+04
9.740000000000000000e+03
9.800000000000000000e+03
6.240000000000000000e+03
5.710000000000000000e+03
7.480000000000000000e+03
9.090000000000000000e+03
1.019000000000000000e+04
5.580000000000000000e+03
5.650000000000000000e+03
7.530000000000000000e+03
8.360000000000000000e+03
5.550000000000000000e+03
4.960000000000000000e+03
5.900000000000000000e+03
6.000000000000000000e+03
1.084000000000000000e+04
9.470000000000000000e+03
5.340000000000000000e+03
5.260000000000000000e+03
5.140000000000000000e+03
5.850000000000000000e+03
6.720000000000000000e+03
6.750000000000000000e+03
7.120000000000000000e+03
4.980000000000000000e+03
4.860000000000000000e+03
5.470000000000000000e+03
7.220000000000000000e+03
7.870000000000000000e+03
6.640000000000000000e+03
7.870000000000000000e+03
1.406000000000000000e+04
8.050000000000000000e+03
5.240000000000000000e+03
5.010000000000000000e+03
5.900000000000000000e+03
5.560000000000000000e+03
7.740000000000000000e+03
1.280000000000000000e+04
1.584000000000000000e+04
1.200000000000000000e+04
5.930000000000000000e+03
5.860000000000000000e+03
5.790000000000000000e+03
6.440000000000000000e+03
1.289000000000000000e+04
1.154000000000000000e+04
1.276000000000000000e+04
1.034000000000000000e+04
8.180000000000000000e+03
4.350000000000000000e+03
4.350000000000000000e+03
8.150000000000000000e+03
1.261000000000000000e+04
1.010000000000000000e+04
5.620000000000000000e+03
6.060000000000000000e+03
4.930000000000000000e+03
5.540000000000000000e+03
1.344000000000000000e+04
1.355000000000000000e+04
4.810000000000000000e+03
5.090000000000000000e+03
4.250000000000000000e+03
5.320000000000000000e+03
5.890000000000000000e+03
6.890000000000000000e+03
8.210000000000000000e+03
1.003000000000000000e+04
1.071000000000000000e+04
8.740000000000000000e+03
8.330000000000000000e+03
1.034000000000000000e+04
9.490000000000000000e+03
6.260000000000000000e+03
6.630000000000000000e+03
5.580000000000000000e+03
9.020000000000000000e+03
5.530000000000000000e+03
5.250000000000000000e+03
4.850000000000000000e+03
8.740000000000000000e+03
5.650000000000000000e+03
1.271000000000000000e+04
7.910000000000000000e+03
6.220000000000000000e+03
5.580000000000000000e+03
5.210000000000000000e+03
6.790000000000000000e+03
8.510000000000000000e+03
9.220000000000000000e+03
6.120000000000000000e+03
8.520000000000000000e+03
8.720000000000000000e+03
7.800000000000000000e+03
1.445000000000000000e+04
4.930000000000000000e+03
5.920000000000000000e+03
8.530000000000000000e+03
9.860000000000000000e+03
7.550000000000000000e+03
7.720000000000000000e+03
5.140000000000000000e+03
1.123000000000000000e+04
1.126000000000000000e+04
1.022000000000000000e+04
5.250000000000000000e+03
5.420000000000000000e+03
9.300000000000000000e+03
5.080000000000000000e+03
5.890000000000000000e+03
4.730000000000000000e+03
6.960000000000000000e+03
1.126000000000000000e+04
9.020000000000000000e+03
1.015000000000000000e+04
1.278000000000000000e+04
1.165000000000000000e+04
7.800000000000000000e+03
8.000000000000000000e+03
9.030000000000000000e+03
8.800000000000000000e+03
4.410000000000000000e+03
5.130000000000000000e+03
5.730000000000000000e+03
1.045000000000000000e+04
5.210000000000000000e+03
6.390000000000000000e+03
6.460000000000000000e+03
6.480000000000000000e+03
9.830000000000000000e+03
7.800000000000000000e+03
1.031000000000000000e+04
5.960000000000000000e+03
6.790000000000000000e+03
9.160000000000000000e+03
1.020000000000000000e+04
7.040000000000000000e+03
1.051000000000000000e+04
8.300000000000000000e+03
1.021000000000000000e+04
9.920000000000000000e+03
9.360000000000000000e+03
1.194000000000000000e+04
5.660000000000000000e+03
5.130000000000000000e+03
6.560000000000000000e+03
5.120000000000000000e+03
7.080000000000000000e+03
1.767000000000000000e+04
6.390000000000000000e+03
7.770000000000000000e+03
1.028000000000000000e+04
5.430000000000000000e+03
4.970000000000000000e+03
7.400000000000000000e+03
6.340000000000000000e+03
1.151000000000000000e+04
5.290000000000000000e+03
4.920000000000000000e+03
6.200000000000000000e+03
4.100000000000000000e+03
5.420000000000000000e+03
7.460000000000000000e+03
7.670000000000000000e+03
7.990000000000000000e+03
5.430000000000000000e+03
5.300000000000000000e+03
5.130000000000000000e+03
4.430000000000000000e+03
5.980000000000000000e+03
5.380000000000000000e+03
5.940000000000000000e+03
1.517000000000000000e+04
8.300000000000000000e+03
8.170000000000000000e+03
7.340000000000000000e+03
1.098000000000000000e+04
8.080000000000000000e+03
7.800000000000000000e+03
1.028000000000000000e+04
4.810000000000000000e+03
4.880000000000000000e+03
6.000000000000000000e+03
7.460000000000000000e+03
4.970000000000000000e+03
4.430000000000000000e+03
5.090000000000000000e+03
5.620000000000000000e+03
8.690000000000000000e+03
1.269000000000000000e+04
4.340000000000000000e+03
5.560000000000000000e+03
4.740000000000000000e+03
5.180000000000000000e+03
1.093000000000000000e+04
6.400000000000000000e+03
5.450000000000000000e+03
7.310000000000000000e+03
8.800000000000000000e+03
1.579000000000000000e+04
9.050000000000000000e+03
1.304000000000000000e+04
9.810000000000000000e+03
4.740000000000000000e+03
4.900000000000000000e+03
4.220000000000000000e+03
6.940000000000000000e+03
1.072000000000000000e+04
9.740000000000000000e+03
9.050000000000000000e+03
4.290000000000000000e+03
7.280000000000000000e+03
1.325000000000000000e+04
4.640000000000000000e+03
5.820000000000000000e+03
5.190000000000000000e+03
7.210000000000000000e+03
5.410000000000000000e+03
6.150000000000000000e+03
7.090000000000000000e+03
6.160000000000000000e+03
4.430000000000000000e+03
4.950000000000000000e+03
7.870000000000000000e+03
7.580000000000000000e+03
4.770000000000000000e+03
4.120000000000000000e+03
1.027000000000000000e+04
5.150000000000000000e+03
9.050000000000000000e+03
5.160000000000000000e+03
8.140000000000000000e+03
9.420000000000000000e+03
7.740000000000000000e+03
8.140000000000000000e+03
1.291000000000000000e+04
7.150000000000000000e+03
9.120000000000000000e+03
7.480000000000000000e+03
1.119000000000000000e+04
5.000000000000000000e+03
4.560000000000000000e+03
5.510000000000000000e+03
6.610000000000000000e+03
9.420000000000000000e+03
5.500000000000000000e+03
8.770000000000000000e+03
1.126000000000000000e+04
1.213000000000000000e+04
8.130000000000000000e+03
4.930000000000000000e+03
5.700000000000000000e+03
5.720000000000000000e+03
4.450000000000000000e+03
7.410000000000000000e+03
7.160000000000000000e+03
5.380000000000000000e+03
4.820000000000000000e+03
5.250000000000000000e+03
6.000000000000000000e+03
7.990000000000000000e+03
8.050000000000000000e+03
7.750000000000000000e+03
6.230000000000000000e+03
1.349000000000000000e+04
6.370000000000000000e+03
8.150000000000000000e+03
1.345000000000000000e+04
5.240000000000000000e+03
4.310000000000000000e+03
5.580000000000000000e+03
7.510000000000000000e+03
9.390000000000000000e+03
9.760000000000000000e+03
7.740000000000000000e+03
8.050000000000000000e+03
1.026000000000000000e+04
1.137000000000000000e+04
5.310000000000000000e+03
5.290000000000000000e+03
5.220000000000000000e+03
7.270000000000000000e+03
6.450000000000000000e+03
6.280000000000000000e+03
1.018000000000000000e+04
9.130000000000000000e+03
9.800000000000000000e+03
9.300000000000000000e+03
7.400000000000000000e+03
5.050000000000000000e+03
4.060000000000000000e+03
5.000000000000000000e+03
5.650000000000000000e+03
6.310000000000000000e+03
1.004000000000000000e+04
7.590000000000000000e+03
5.220000000000000000e+03
5.690000000000000000e+03
8.160000000000000000e+03
7.680000000000000000e+03
7.830000000000000000e+03
1.991000000000000000e+04
1.106000000000000000e+04
1.194000000000000000e+04
1.174000000000000000e+04
1.279000000000000000e+04
6.380000000000000000e+03
8.040000000000000000e+03
7.310000000000000000e+03
4.760000000000000000e+03
4.240000000000000000e+03
4.990000000000000000e+03
5.160000000000000000e+03
8.340000000000000000e+03
6.660000000000000000e+03
9.360000000000000000e+03
8.230000000000000000e+03
7.830000000000000000e+03
9.260000000000000000e+03
1.433000000000000000e+04
4.300000000000000000e+03
4.670000000000000000e+03
4.290000000000000000e+03
5.360000000000000000e+03
5.360000000000000000e+03
9.490000000000000000e+03
7.670000000000000000e+03
5.530000000000000000e+03
5.220000000000000000e+03
6.390000000000000000e+03
4.860000000000000000e+03
5.330000000000000000e+03
8.880000000000000000e+03
9.400000000000000000e+03
7.370000000000000000e+03
5.060000000000000000e+03
5.410000000000000000e+03
5.170000000000000000e+03
4.860000000000000000e+03
5.020000000000000000e+03
7.660000000000000000e+03
7.590000000000000000e+03
8.830000000000000000e+03
5.560000000000000000e+03
5.390000000000000000e+03
5.740000000000000000e+03
5.510000000000000000e+03
6.180000000000000000e+03
4.350000000000000000e+03
5.460000000000000000e+03
4.950000000000000000e+03
6.190000000000000000e+03
5.050000000000000000e+03
7.080000000000000000e+03
9.130000000000000000e+03
1.559000000000000000e+04
8.380000000000000000e+03
5.080000000000000000e+03
5.640000000000000000e+03
5.050000000000000000e+03
6.820000000000000000e+03
9.210000000000000000e+03
1.335000000000000000e+04
7.390000000000000000e+03
4.860000000000000000e+03
4.800000000000000000e+03
5.150000000000000000e+03
8.330000000000000000e+03
7.810000000000000000e+03
1.036000000000000000e+04
4.810000000000000000e+03
4.980000000000000000e+03
6.010000000000000000e+03
6.480000000000000000e+03
8.810000000000000000e+03
7.700000000000000000e+03
1.266000000000000000e+04
9.610000000000000000e+03
5.500000000000000000e+03
9.550000000000000000e+03
6.360000000000000000e+03
8.190000000000000000e+03
7.600000000000000000e+03
4.960000000000000000e+03
5.620000000000000000e+03
7.800000000000000000e+03
7.590000000000000000e+03
6.490000000000000000e+03
6.250000000000000000e+03
7.750000000000000000e+03
7.080000000000000000e+03
8.660000000000000000e+03
1.405000000000000000e+04
1.166000000000000000e+04
6.620000000000000000e+03
8.350000000000000000e+03
8.130000000000000000e+03
7.800000000000000000e+03
6.330000000000000000e+03
7.600000000000000000e+03
1.322000000000000000e+04
4.590000000000000000e+03
6.120000000000000000e+03
5.990000000000000000e+03
5.710000000000000000e+03
4.360000000000000000e+03
4.780000000000000000e+03
5.230000000000000000e+03
5.580000000000000000e+03
6.340000000000000000e+03
6.280000000000000000e+03
6.090000000000000000e+03
5.540000000000000000e+03
7.190000000000000000e+03
4.350000000000000000e+03
5.340000000000000000e+03
8.070000000000000000e+03
5.240000000000000000e+03
5.900000000000000000e+03
1.151000000000000000e+04
1.074000000000000000e+04
9.780000000000000000e+03
7.920000000000000000e+03
8.230000000000000000e+03
1.367000000000000000e+04
6.360000000000000000e+03
8.290000000000000000e+03
7.700000000000000000e+03
6.290000000000000000e+03
4.610000000000000000e+03
4.950000000000000000e+03
6.010000000000000000e+03
5.060000000000000000e+03
7.760000000000000000e+03
5.420000000000000000e+03
1.218000000000000000e+04
8.780000000000000000e+03
5.480000000000000000e+03
5.000000000000000000e+03
5.000000000000000000e+03
5.710000000000000000e+03
5.380000000000000000e+03
6.910000000000000000e+03
7.820000000000000000e+03
1.140000000000000000e+04
1.029000000000000000e+04
7.450000000000000000e+03
9.480000000000000000e+03
6.440000000000000000e+03
9.790000000000000000e+03
1.087000000000000000e+04
7.920000000000000000e+03
1.130000000000000000e+04
1.238000000000000000e+04
6.880000000000000000e+03
5.180000000000000000e+03
4.450000000000000000e+03
6.020000000000000000e+03
8.350000000000000000e+03
7.400000000000000000e+03
1.051000000000000000e+04
8.160000000000000000e+03
4.730000000000000000e+03
5.960000000000000000e+03
4.980000000000000000e+03
6.580000000000000000e+03
1.081000000000000000e+04
7.800000000000000000e+03
4.290000000000000000e+03
5.310000000000000000e+03
5.440000000000000000e+03
8.230000000000000000e+03
5.050000000000000000e+03
4.380000000000000000e+03
5.160000000000000000e+03
5.030000000000000000e+03
5.610000000000000000e+03
1.084000000000000000e+04
7.810000000000000000e+03
9.770000000000000000e+03
5.470000000000000000e+03
4.840000000000000000e+03
5.030000000000000000e+03
4.210000000000000000e+03
5.710000000000000000e+03
4.990000000000000000e+03
1.062000000000000000e+04
4.200000000000000000e+03
4.820000000000000000e+03
5.130000000000000000e+03
7.950000000000000000e+03
6.250000000000000000e+03
5.570000000000000000e+03
6.450000000000000000e+03
5.810000000000000000e+03
5.020000000000000000e+03
5.560000000000000000e+03
6.780000000000000000e+03
5.770000000000000000e+03
4.790000000000000000e+03
6.420000000000000000e+03
4.650000000000000000e+03
4.870000000000000000e+03
4.390000000000000000e+03
8.240000000000000000e+03
9.270000000000000000e+03
5.470000000000000000e+03
5.380000000000000000e+03
6.130000000000000000e+03
5.490000000000000000e+03
7.720000000000000000e+03
7.610000000000000000e+03
9.540000000000000000e+03
4.790000000000000000e+03
5.130000000000000000e+03
4.150000000000000000e+03
5.270000000000000000e+03
5.530000000000000000e+03
6.440000000000000000e+03
4.290000000000000000e+03
6.010000000000000000e+03
1.106000000000000000e+04
5.080000000000000000e+03
7.400000000000000000e+03
6.660000000000000000e+03
1.147000000000000000e+04
1.409000000000000000e+04
5.710000000000000000e+03
5.810000000000000000e+03
8.190000000000000000e+03
5.310000000000000000e+03
5.770000000000000000e+03
7.450000000000000000e+03
1.044000000000000000e+04
6.170000000000000000e+03
8.910000000000000000e+03
4.350000000000000000e+03
7.560000000000000000e+03
1.026000000000000000e+04
9.550000000000000000e+03
1.104000000000000000e+04
8.110000000000000000e+03
1.103000000000000000e+04
6.290000000000000000e+03
5.700000000000000000e+03
1.046000000000000000e+04
9.280000000000000000e+03
9.010000000000000000e+03
1.213000000000000000e+04
8.860000000000000000e+03
4.330000000000000000e+03
4.360000000000000000e+03
4.520000000000000000e+03
8.490000000000000000e+03
4.890000000000000000e+03
4.760000000000000000e+03
5.220000000000000000e+03
4.780000000000000000e+03
4.430000000000000000e+03
5.440000000000000000e+03
4.530000000000000000e+03
6.400000000000000000e+03
4.620000000000000000e+03
5.200000000000000000e+03
7.710000000000000000e+03
5.310000000000000000e+03
4.990000000000000000e+03
6.130000000000000000e+03
6.160000000000000000e+03
6.790000000000000000e+03
7.120000000000000000e+03
4.880000000000000000e+03
9.180000000000000000e+03
9.610000000000000000e+03
6.190000000000000000e+03
5.020000000000000000e+03
5.200000000000000000e+03
4.830000000000000000e+03
5.550000000000000000e+03
5.880000000000000000e+03
6.850000000000000000e+03
5.200000000000000000e+03
5.100000000000000000e+03
5.050000000000000000e+03
7.110000000000000000e+03
9.630000000000000000e+03
5.540000000000000000e+03
5.670000000000000000e+03
5.570000000000000000e+03
1.005000000000000000e+04
1.348000000000000000e+04
5.250000000000000000e+03
5.200000000000000000e+03
5.150000000000000000e+03
6.090000000000000000e+03
5.140000000000000000e+03
4.270000000000000000e+03
5.450000000000000000e+03
5.320000000000000000e+03
5.420000000000000000e+03
5.630000000000000000e+03
8.420000000000000000e+03
8.040000000000000000e+03
5.050000000000000000e+03
4.910000000000000000e+03
7.450000000000000000e+03
1.304000000000000000e+04
7.680000000000000000e+03
8.790000000000000000e+03
8.820000000000000000e+03
8.470000000000000000e+03
8.000000000000000000e+03
8.940000000000000000e+03
1.010000000000000000e+04
1.388000000000000000e+04
8.070000000000000000e+03
7.840000000000000000e+03
5.310000000000000000e+03
4.920000000000000000e+03
5.300000000000000000e+03
6.450000000000000000e+03
5.450000000000000000e+03
5.920000000000000000e+03
4.290000000000000000e+03
8.990000000000000000e+03
7.820000000000000000e+03
7.640000000000000000e+03
5.220000000000000000e+03
5.760000000000000000e+03
4.690000000000000000e+03
1.229000000000000000e+04
1.192000000000000000e+04
1.148000000000000000e+04
5.970000000000000000e+03
4.720000000000000000e+03
6.180000000000000000e+03
8.910000000000000000e+03
1.057000000000000000e+04
5.430000000000000000e+03
5.350000000000000000e+03
4.990000000000000000e+03
4.880000000000000000e+03
4.640000000000000000e+03
6.730000000000000000e+03
5.630000000000000000e+03
7.850000000000000000e+03
5.170000000000000000e+03
7.710000000000000000e+03
6.670000000000000000e+03
7.230000000000000000e+03
9.370000000000000000e+03
5.800000000000000000e+03
7.490000000000000000e+03
8.660000000000000000e+03
6.260000000000000000e+03
5.280000000000000000e+03
6.420000000000000000e+03
9.310000000000000000e+03
