492
735
651
820
800
771
704
670
621
899
873
827
635
835
650
811
724
834
700
676
839
693
727
761
630
617
669
795
738
647
713
666
767
906
789
688
748
777
763
867
729
904
624
763
666
602
667
663
847
631
663
784
715
706
778
557
880
705
665
704
616
782
677
717
745
608
653
574
693
657
821
794
692
800
882
675
805
664
840
737
704
682
880
804
801
643
667
655
735
668
782
755
739
708
712
735
824
655
756
658
780
656
726
701
725
796
691
730
748
699
678
619
750
720
817
739
825
706
664
723
688
713
705
790
855
639
654
750
636
661
729
636
703
746
598
699
651
779
540
655
733
736
822
715
686
712
673
766
768
722
715
647
764
657
761
789
660
714
804
780
642
757
726
695
747
721
561
616
755
634
713
659
680
637
656
588
738
703
776
739
667
730
698
725
816
769
695
669
709
695
732
690
610
630
833
635
597
713
749
704
730
757
702
629
719
792
863
787
654
687
691
559
709
692
684
813
788
800
662
752
786
641
799
613
794
679
740
626
678
672
695
850
616
689
700
669
612
595
671
558
602
710
589
721
801
709
693
801
618
668
792
770
692
723
755
646
748
626
702
715
758
705
660
588
662
680
612
699
735
802
611
575
648
642
622
750
676
807
764
692
699
618
702
758
694
619
638
705
637
750
663
665
668
725
698
603
822
698
729
668
716
701
610
710
686
679
667
589
722
694
644
678
719
641
865
654
734
657
675
806
682
694
703
639
586
703
633
713
714
675
611
495
651
679
704
689
697
721
759
633
670
610
715
699
657
672
564
767
701
558
749
845
719
682
753
654
702
711
707
614
729
576
681
726
669
580
660
685
599
721
764
763
842
684
697
589
683
636
594
703
646
582
672
624
639
731
749
623
643
664
632
562
838
739
781
677
742
719
629
843
660
584
779
664
649
679
567
697
634
678
578
729
671
638
593
696
647
753
655
539
755
758
592
712
790
791
662
751
665
702
706
768
756
683
762
674
678
705
585
538
743
730
621
696
633
789
685
589
799
720
793
626
630
814
680
732
636
715
579
570
813
658
603
642
820
551
772
702
608
690
686
675
623
640
690
609
659
758
717
570
670
645
763
821
771
620
677
711
659
675
662
706
640
745
850
706
633
649
770
665
823
797
676
850
562
634
724
512
648
796
663
726
605
687
509
693
748
704
630
715
579
706
637
743
670
721
604
658
632
664
770
675
798
801
710
665
595
691
633
741
699
671
704
758
752
714
735
515
638
626
666
695
672
699
713
714
658
740
629
699
820
566
622
581
697
771
606
607
681
632
631
638
703
637
695
711
636
699
680
703
593
615
637
666
661
617
680
710
693
672
632
598
723
664
610
643
620
739
693
805
794
673
728
653
774
686
633
694
708
675
731
704
658
546
727
671
741
635
647
758
685
714
645
639
762
635
620
675
710
671
778
556
567
651
669
693
658
627
689
698
679
724
712
701
608
621
653
677
583
607
650
731
703
573
820
767
658
697
847
562
595
762
626
646
744
699
563
704
568
709
658
720
729
668
723
773
656
640
732
654
586
703
610
658
645
697
678
612
662
677
619
723
565
602
694
552
593
662
672
643
655
523
630
572
564
625
696
598
650
631
537
760
686
678
699
660
747
684
706
679
640
611
700
626
642
701
541
668
643
758
648
624
823
708
724
722
598
742
598
656
689
687
619
574
721
712
622
558
607
681
615
725
671
690
856
633
889
683
707
639
658
717
709
719
622
561
701
644
709
553
574
663
722
648
707
713
683
732
634
673
701
654
722
703
707
646
669
591
641
648
720
617
606
668
644
735
636
665
635
644
630
616
659
761
639
676
622
793
733
790
675
605
692
659
542
684
606
659
710
618
675
631
643
637
597
695
700
750
592
700
779
680
676
747
575
701
556
621
579
680
671
629
700
621
647
625
762
628
753
646
635
700
737
689
740
779
587
589
695
728
702
683
737
762
620
642
727
652
695
684
527
781
673
618
740
751
737
632
677
586
723
613
608
661
708
655
654
615
581
631
852
495
609
640
646
645
598
704
676
760
678
512
628
593
621
709
612
731
606
676
788
697
669
671
627
682
610
608
609
724
644
665
732
643
646
544
750
543
673
660
674
690
696
660
673
649
555
642
749
650
721
621
623
598
584
670
692
627
690
771
728
627
629
742
670
700
695
707
650
584
604
609
713
784
709
616
614
584
533
716
650
767
732
652
662
682
699
583
671
697
733
680
650
760
795
687
656
733
643
709
714
696
658
634
605
607
633
656
758
731
