3580
2556
2176
4728
2680
3072
1920
2428
2940
3320
2292
2796
2688
2944
2800
2680
2816
2816
2776
2300
2684
2680
3712
2296
3968
3068
3188
2684
2432
2656
2812
2940
3196
2924
3200
3832
2556
2812
3064
2788
3448
2688
2304
2816
2548
3324
2432
2780
2940
2944
2532
3960
3068
2556
2800
2544
3584
3840
3840
2684
3452
2688
2816
2164
3428
2152
3456
3452
3072
2556
2048
4212
3436
2424
2392
3964
3440
2428
2172
3952
2428
2940
3316
2432
3068
2684
2944
2412
2176
2540
2296
3456
3156
2928
5624
3292
2940
2936
2548
2796
2560
3444
3328
3708
2672
3228
2424
3072
3432
3192
2428
2944
3200
3568
3580
3320
2688
2284
2432
3308
3448
2940
3004
3448
2556
2432
3284
3224
3704
3584
2300
2516
3144
2552
3452
3456
2560
2044
2556
3072
2812
2688
2304
3516
3580
2300
2560
3328
3072
2816
3444
2940
2172
2304
2936
3824
3124
3188
3196
2552
3072
3004
2672
2812
2304
3704
2432
2168
3912
5108
2556
2560
3568
3324
3144
3300
3232
2812
2816
3068
2428
2816
3584
2936
3712
3328
2672
2684
2808
2940
2944
3324
2652
2424
3432
2812
4604
2560
3196
3064
2944
3708
2680
4596
3196
2808
3200
2684
3200
2904
2556
2424
3696
4944
3432
2684
2548
2804
2552
4704
2168
2684
2812
2940
2300
2432
2688
3144
2040
2304
2292
3584
3200
3068
2552
2680
2428
3200
2816
2760
2012
2816
3068
3584
3456
2688
3328
3048
2680
2428
2684
2428
2780
5340
2556
3072
2936
3444
2812
2908
2296
2432
3324
3052
1920
3456
2908
2784
2680
2432
2812
2816
2432
2676
3328
3328
2688
2772
3324
3200
3452
2928
2556
2556
3072
2556
2536
3064
2176
3836
2428
2304
2560
2432
3064
2684
2304
3316
2556
2944
3444
2432
3200
3324
3584
2668
4216
3068
2432
2560
3060
2300
5248
2552
3840
3584
2428
3576
2428
2300
3328
3196
2560
2816
2936
2172
3968
6268
2808
3044
3580
5248
2556
2688
3572
2680
2816
3704
3576
2688
4608
2552
2428
2688
3116
3960
3452
2432
3716
2424
2556
3072
2928
3576
2560
2944
3180
2428
2044
2944
2552
2176
2432
3708
3916
3008
2680
2552
3200
3328
2808
2940
1916
2676
4220
3584
4016
2276
3192
3196
2688
2296
3200
2304
2940
2688
2428
3944
3820
3696
2556
2944
2548
2944
2528
2812
3200
2852
2556
3056
2680
2412
4736
2428
2548
3264
2944
3060
2684
3192
2672
2804
3192
3184
2940
2812
2688
3436
2808
4328
2788
2216
2796
2552
1920
2044
2428
3268
2552
2676
3200
2424
2680
3584
2292
3712
3072
3572
2688
3984
2548
2816
2544
3072
3028
3648
2684
2552
3184
2860
3504
4600
2296
2172
3188
3960
2944
2940
3572
3200
2292
2424
3064
3328
3176
3184
2560
3320
2288
2676
2812
2920
2300
2176
2804
2928
3956
4096
3920
3316
3328
2156
3056
4420
3004
2548
2160
4352
2552
2428
3960
2924
3056
3068
2428
3320
3712
2804
2812
3840
3008
2668
3840
2680
2944
3068
2428
3236
2028
2944
2296
2812
2304
2404
3172
2428
2432
2688
3952
2808
2676
2940
2944
2944
3144
2932
3328
2944
3068
1912
3328
3192
2808
2044
2688
3328
3068
3328
2560
3320
2684
2432
3704
3068
3104
2420
2684
4348
2944
2940
3320
2688
2944
3096
2540
3072
2936
2560
3448
2152
2528
3708
2428
2176
2672
2688
3068
2812
2804
2304
2920
2044
2928
2304
2148
3176
2940
2816
2552
2176
2812
2428
2172
2776
2412
2172
2424
2428
2680
3064
3836
3708
2812
2408
2556
2300
3396
4480
3328
2904
2556
3452
2416
3988
3068
3456
3072
2412
2936
2816
2432
2944
4092
2556
3836
2816
3452
2676
3072
2944
3196
4252
2544
2944
2936
2812
3328
2432
3328
3828
2664
2552
2688
2816
2044
3452
4344
2560
3452
3580
4172
2044
2944
2940
2532
2296
2944
3672
2688
2432
2168
2688
4216
2812
2808
2176
3180
2940
2304
3580
3452
3200
3320
2292
3404
3072
2944
3060
2940
2428
2816
3832
5116
3072
2936
4212
2832
2804
2560
4264
2680
3072
2560
2944
2172
2428
2816
2300
2420
3196
3060
3452
2560
3072
2144
2756
1916
3576
2428
4092
2556
3316
2680
2676
2944
2428
2944
4304
3188
2304
2804
2292
2684
3324
3456
3324
2432
2688
4408
2428
3708
2432
2552
2300
2812
2428
2300
2560
3968
3568
2808
2552
3456
2544
2680
3196
3832
2428
4204
4348
3700
2688
2168
2940
3768
2536
2816
3328
2944
2304
2672
2688
2560
3072
3776
3060
2432
2688
3200
3060
2560
3456
2028
3184
2296
2432
2688
2808
3408
3412
3708
2944
3064
2804
2684
2928
3060
2432
2684
4480
3188
3072
2552
2812
2416
3316
3964
2812
2300
2556
3196
2544
3200
2432
3184
2300
3708
2688
2168
3200
2684
2816
2680
2796
4224
3200
3456
3632
3444
2556
3584
3456
3324
2304
4104
2688
3580
3072
3700
3056
4468
2688
3816
3068
3320
2544
3156
2936
2940
3196
3692
3840
2560
2548
2292
2428
3448
3320
3328
2152
2680
2424
2300
2560
4468
2556
2808
2676
2944
2424
3536
3452
2944
3064
2808
2812
2788
2400
2940
2680
2424
2044
2356
2808
2432
2936
2304
3824
3924
2932
4092
2792
2816
3948
2560
2552
2808
2168
2176
2408
2812
2944
3468
3192
3584
2912
3116
2424
2812
2044
2544
2556
3836
3468
2288
3576
4220
2940
2684
2812
3324
3908
2428
2552
3584
2676
2432
2304
2936
2296
2304
2688
2684
3060
2944
5120
3180
2508
2160
2688
2940
4220
2300
3068
2168
2944
2552
2552
2552
2296
2280
2288
2556
2428
3444
3568
2428
2684
3192
2816
2684
2556
2428
3188
2168
2684
2164
3824
2920
3448
2428
2556
2552
2556
3180
2936
3964
4984
3324
3832
2300
2940
3708
2808
3068
3836
3324
2812
3328
2420
2816
2556
2556
2420
3568
3064
2808
2684
3056
2296
2808
2544
3964
2556
2816
2300
3320
2300
2684
2812
2680
2428
2812
2296
2924
4724
3452
3324
3960
2428
