3.580000000000000000e+04
2.556000000000000000e+04
2.176000000000000000e+04
4.728000000000000000e+04
2.680000000000000000e+04
3.072000000000000000e+04
1.920000000000000000e+04
2.428000000000000000e+04
2.940000000000000000e+04
3.320000000000000000e+04
2.292000000000000000e+04
2.796000000000000000e+04
2.688000000000000000e+04
2.944000000000000000e+04
2.800000000000000000e+04
2.680000000000000000e+04
2.816000000000000000e+04
2.816000000000000000e+04
2.776000000000000000e+04
2.300000000000000000e+04
2.684000000000000000e+04
2.680000000000000000e+04
3.712000000000000000e+04
2.296000000000000000e+04
3.968000000000000000e+04
3.068000000000000000e+04
3.188000000000000000e+04
2.684000000000000000e+04
2.432000000000000000e+04
2.656000000000000000e+04
2.812000000000000000e+04
2.940000000000000000e+04
3.196000000000000000e+04
2.924000000000000000e+04
3.200000000000000000e+04
3.832000000000000000e+04
2.556000000000000000e+04
2.812000000000000000e+04
3.064000000000000000e+04
2.788000000000000000e+04
3.448000000000000000e+04
2.688000000000000000e+04
2.304000000000000000e+04
2.816000000000000000e+04
2.548000000000000000e+04
3.324000000000000000e+04
2.432000000000000000e+04
2.780000000000000000e+04
2.940000000000000000e+04
2.944000000000000000e+04
2.532000000000000000e+04
3.960000000000000000e+04
3.068000000000000000e+04
2.556000000000000000e+04
2.800000000000000000e+04
2.544000000000000000e+04
3.584000000000000000e+04
3.840000000000000000e+04
3.840000000000000000e+04
2.684000000000000000e+04
3.452000000000000000e+04
2.688000000000000000e+04
2.816000000000000000e+04
2.164000000000000000e+04
3.428000000000000000e+04
2.152000000000000000e+04
3.456000000000000000e+04
3.452000000000000000e+04
3.072000000000000000e+04
2.556000000000000000e+04
2.048000000000000000e+04
4.212000000000000000e+04
3.436000000000000000e+04
2.424000000000000000e+04
2.392000000000000000e+04
3.964000000000000000e+04
3.440000000000000000e+04
2.428000000000000000e+04
2.172000000000000000e+04
3.952000000000000000e+04
2.428000000000000000e+04
2.940000000000000000e+04
3.316000000000000000e+04
2.432000000000000000e+04
3.068000000000000000e+04
2.684000000000000000e+04
2.944000000000000000e+04
2.412000000000000000e+04
2.176000000000000000e+04
2.540000000000000000e+04
2.296000000000000000e+04
3.456000000000000000e+04
3.156000000000000000e+04
2.928000000000000000e+04
5.624000000000000000e+04
3.292000000000000000e+04
2.940000000000000000e+04
2.936000000000000000e+04
2.548000000000000000e+04
2.796000000000000000e+04
2.560000000000000000e+04
3.444000000000000000e+04
3.328000000000000000e+04
3.708000000000000000e+04
2.672000000000000000e+04
3.228000000000000000e+04
2.424000000000000000e+04
3.072000000000000000e+04
3.432000000000000000e+04
3.192000000000000000e+04
2.428000000000000000e+04
2.944000000000000000e+04
3.200000000000000000e+04
3.568000000000000000e+04
3.580000000000000000e+04
3.320000000000000000e+04
2.688000000000000000e+04
2.284000000000000000e+04
2.432000000000000000e+04
3.308000000000000000e+04
3.448000000000000000e+04
2.940000000000000000e+04
3.004000000000000000e+04
3.448000000000000000e+04
2.556000000000000000e+04
2.432000000000000000e+04
3.284000000000000000e+04
3.224000000000000000e+04
3.704000000000000000e+04
3.584000000000000000e+04
2.300000000000000000e+04
2.516000000000000000e+04
3.144000000000000000e+04
2.552000000000000000e+04
3.452000000000000000e+04
3.456000000000000000e+04
2.560000000000000000e+04
2.044000000000000000e+04
2.556000000000000000e+04
3.072000000000000000e+04
2.812000000000000000e+04
2.688000000000000000e+04
2.304000000000000000e+04
3.516000000000000000e+04
3.580000000000000000e+04
2.300000000000000000e+04
2.560000000000000000e+04
3.328000000000000000e+04
3.072000000000000000e+04
2.816000000000000000e+04
3.444000000000000000e+04
2.940000000000000000e+04
2.172000000000000000e+04
2.304000000000000000e+04
2.936000000000000000e+04
3.824000000000000000e+04
3.124000000000000000e+04
3.188000000000000000e+04
3.196000000000000000e+04
2.552000000000000000e+04
3.072000000000000000e+04
3.004000000000000000e+04
2.672000000000000000e+04
2.812000000000000000e+04
2.304000000000000000e+04
3.704000000000000000e+04
2.432000000000000000e+04
2.168000000000000000e+04
3.912000000000000000e+04
5.108000000000000000e+04
2.556000000000000000e+04
2.560000000000000000e+04
3.568000000000000000e+04
3.324000000000000000e+04
3.144000000000000000e+04
3.300000000000000000e+04
3.232000000000000000e+04
2.812000000000000000e+04
2.816000000000000000e+04
3.068000000000000000e+04
2.428000000000000000e+04
2.816000000000000000e+04
3.584000000000000000e+04
2.936000000000000000e+04
3.712000000000000000e+04
3.328000000000000000e+04
2.672000000000000000e+04
2.684000000000000000e+04
2.808000000000000000e+04
2.940000000000000000e+04
2.944000000000000000e+04
3.324000000000000000e+04
2.652000000000000000e+04
2.424000000000000000e+04
3.432000000000000000e+04
2.812000000000000000e+04
4.604000000000000000e+04
2.560000000000000000e+04
3.196000000000000000e+04
3.064000000000000000e+04
2.944000000000000000e+04
3.708000000000000000e+04
2.680000000000000000e+04
4.596000000000000000e+04
3.196000000000000000e+04
2.808000000000000000e+04
3.200000000000000000e+04
2.684000000000000000e+04
3.200000000000000000e+04
2.904000000000000000e+04
2.556000000000000000e+04
2.424000000000000000e+04
3.696000000000000000e+04
4.944000000000000000e+04
3.432000000000000000e+04
2.684000000000000000e+04
2.548000000000000000e+04
2.804000000000000000e+04
2.552000000000000000e+04
4.704000000000000000e+04
2.168000000000000000e+04
2.684000000000000000e+04
2.812000000000000000e+04
2.940000000000000000e+04
2.300000000000000000e+04
2.432000000000000000e+04
2.688000000000000000e+04
3.144000000000000000e+04
2.040000000000000000e+04
2.304000000000000000e+04
2.292000000000000000e+04
3.584000000000000000e+04
3.200000000000000000e+04
3.068000000000000000e+04
2.552000000000000000e+04
2.680000000000000000e+04
2.428000000000000000e+04
3.200000000000000000e+04
2.816000000000000000e+04
2.760000000000000000e+04
2.012000000000000000e+04
2.816000000000000000e+04
3.068000000000000000e+04
3.584000000000000000e+04
3.456000000000000000e+04
2.688000000000000000e+04
3.328000000000000000e+04
3.048000000000000000e+04
2.680000000000000000e+04
2.428000000000000000e+04
2.684000000000000000e+04
2.428000000000000000e+04
2.780000000000000000e+04
5.340000000000000000e+04
2.556000000000000000e+04
3.072000000000000000e+04
2.936000000000000000e+04
3.444000000000000000e+04
2.812000000000000000e+04
2.908000000000000000e+04
2.296000000000000000e+04
2.432000000000000000e+04
3.324000000000000000e+04
3.052000000000000000e+04
1.920000000000000000e+04
3.456000000000000000e+04
2.908000000000000000e+04
2.784000000000000000e+04
2.680000000000000000e+04
2.432000000000000000e+04
2.812000000000000000e+04
2.816000000000000000e+04
2.432000000000000000e+04
2.676000000000000000e+04
3.328000000000000000e+04
3.328000000000000000e+04
2.688000000000000000e+04
2.772000000000000000e+04
3.324000000000000000e+04
3.200000000000000000e+04
3.452000000000000000e+04
2.928000000000000000e+04
2.556000000000000000e+04
2.556000000000000000e+04
3.072000000000000000e+04
2.556000000000000000e+04
2.536000000000000000e+04
3.064000000000000000e+04
2.176000000000000000e+04
3.836000000000000000e+04
2.428000000000000000e+04
2.304000000000000000e+04
2.560000000000000000e+04
2.432000000000000000e+04
3.064000000000000000e+04
2.684000000000000000e+04
2.304000000000000000e+04
3.316000000000000000e+04
2.556000000000000000e+04
2.944000000000000000e+04
3.444000000000000000e+04
2.432000000000000000e+04
3.200000000000000000e+04
3.324000000000000000e+04
3.584000000000000000e+04
2.668000000000000000e+04
4.216000000000000000e+04
3.068000000000000000e+04
2.432000000000000000e+04
2.560000000000000000e+04
3.060000000000000000e+04
2.300000000000000000e+04
5.248000000000000000e+04
2.552000000000000000e+04
3.840000000000000000e+04
3.584000000000000000e+04
2.428000000000000000e+04
3.576000000000000000e+04
2.428000000000000000e+04
2.300000000000000000e+04
3.328000000000000000e+04
3.196000000000000000e+04
2.560000000000000000e+04
2.816000000000000000e+04
2.936000000000000000e+04
2.172000000000000000e+04
3.968000000000000000e+04
6.268000000000000000e+04
2.808000000000000000e+04
3.044000000000000000e+04
3.580000000000000000e+04
5.248000000000000000e+04
2.556000000000000000e+04
2.688000000000000000e+04
3.572000000000000000e+04
2.680000000000000000e+04
2.816000000000000000e+04
3.704000000000000000e+04
3.576000000000000000e+04
2.688000000000000000e+04
4.608000000000000000e+04
2.552000000000000000e+04
2.428000000000000000e+04
2.688000000000000000e+04
3.116000000000000000e+04
3.960000000000000000e+04
3.452000000000000000e+04
2.432000000000000000e+04
3.716000000000000000e+04
2.424000000000000000e+04
2.556000000000000000e+04
3.072000000000000000e+04
2.928000000000000000e+04
3.576000000000000000e+04
2.560000000000000000e+04
2.944000000000000000e+04
3.180000000000000000e+04
2.428000000000000000e+04
2.044000000000000000e+04
2.944000000000000000e+04
2.552000000000000000e+04
2.176000000000000000e+04
2.432000000000000000e+04
3.708000000000000000e+04
3.916000000000000000e+04
3.008000000000000000e+04
2.680000000000000000e+04
2.552000000000000000e+04
3.200000000000000000e+04
3.328000000000000000e+04
2.808000000000000000e+04
2.940000000000000000e+04
1.916000000000000000e+04
2.676000000000000000e+04
4.220000000000000000e+04
3.584000000000000000e+04
4.016000000000000000e+04
2.276000000000000000e+04
3.192000000000000000e+04
3.196000000000000000e+04
2.688000000000000000e+04
2.296000000000000000e+04
3.200000000000000000e+04
2.304000000000000000e+04
2.940000000000000000e+04
2.688000000000000000e+04
2.428000000000000000e+04
3.944000000000000000e+04
3.820000000000000000e+04
3.696000000000000000e+04
2.556000000000000000e+04
2.944000000000000000e+04
2.548000000000000000e+04
2.944000000000000000e+04
2.528000000000000000e+04
2.812000000000000000e+04
3.200000000000000000e+04
2.852000000000000000e+04
2.556000000000000000e+04
3.056000000000000000e+04
2.680000000000000000e+04
2.412000000000000000e+04
4.736000000000000000e+04
2.428000000000000000e+04
2.548000000000000000e+04
3.264000000000000000e+04
2.944000000000000000e+04
3.060000000000000000e+04
2.684000000000000000e+04
3.192000000000000000e+04
2.672000000000000000e+04
2.804000000000000000e+04
3.192000000000000000e+04
3.184000000000000000e+04
2.940000000000000000e+04
2.812000000000000000e+04
2.688000000000000000e+04
3.436000000000000000e+04
2.808000000000000000e+04
4.328000000000000000e+04
2.788000000000000000e+04
2.216000000000000000e+04
2.796000000000000000e+04
2.552000000000000000e+04
1.920000000000000000e+04
2.044000000000000000e+04
2.428000000000000000e+04
3.268000000000000000e+04
2.552000000000000000e+04
2.676000000000000000e+04
3.200000000000000000e+04
2.424000000000000000e+04
2.680000000000000000e+04
3.584000000000000000e+04
2.292000000000000000e+04
3.712000000000000000e+04
3.072000000000000000e+04
3.572000000000000000e+04
2.688000000000000000e+04
3.984000000000000000e+04
2.548000000000000000e+04
2.816000000000000000e+04
2.544000000000000000e+04
3.072000000000000000e+04
3.028000000000000000e+04
3.648000000000000000e+04
2.684000000000000000e+04
2.552000000000000000e+04
3.184000000000000000e+04
2.860000000000000000e+04
3.504000000000000000e+04
4.600000000000000000e+04
2.296000000000000000e+04
2.172000000000000000e+04
3.188000000000000000e+04
3.960000000000000000e+04
2.944000000000000000e+04
2.940000000000000000e+04
3.572000000000000000e+04
3.200000000000000000e+04
2.292000000000000000e+04
2.424000000000000000e+04
3.064000000000000000e+04
3.328000000000000000e+04
3.176000000000000000e+04
3.184000000000000000e+04
2.560000000000000000e+04
3.320000000000000000e+04
2.288000000000000000e+04
2.676000000000000000e+04
2.812000000000000000e+04
2.920000000000000000e+04
2.300000000000000000e+04
2.176000000000000000e+04
2.804000000000000000e+04
2.928000000000000000e+04
3.956000000000000000e+04
4.096000000000000000e+04
3.920000000000000000e+04
3.316000000000000000e+04
3.328000000000000000e+04
2.156000000000000000e+04
3.056000000000000000e+04
4.420000000000000000e+04
3.004000000000000000e+04
2.548000000000000000e+04
2.160000000000000000e+04
4.352000000000000000e+04
2.552000000000000000e+04
2.428000000000000000e+04
3.960000000000000000e+04
2.924000000000000000e+04
3.056000000000000000e+04
3.068000000000000000e+04
2.428000000000000000e+04
3.320000000000000000e+04
3.712000000000000000e+04
2.804000000000000000e+04
2.812000000000000000e+04
3.840000000000000000e+04
3.008000000000000000e+04
2.668000000000000000e+04
3.840000000000000000e+04
2.680000000000000000e+04
2.944000000000000000e+04
3.068000000000000000e+04
2.428000000000000000e+04
3.236000000000000000e+04
2.028000000000000000e+04
2.944000000000000000e+04
2.296000000000000000e+04
2.812000000000000000e+04
2.304000000000000000e+04
2.404000000000000000e+04
3.172000000000000000e+04
2.428000000000000000e+04
2.432000000000000000e+04
2.688000000000000000e+04
3.952000000000000000e+04
2.808000000000000000e+04
2.676000000000000000e+04
2.940000000000000000e+04
2.944000000000000000e+04
2.944000000000000000e+04
3.144000000000000000e+04
2.932000000000000000e+04
3.328000000000000000e+04
2.944000000000000000e+04
3.068000000000000000e+04
1.912000000000000000e+04
3.328000000000000000e+04
3.192000000000000000e+04
2.808000000000000000e+04
2.044000000000000000e+04
2.688000000000000000e+04
3.328000000000000000e+04
3.068000000000000000e+04
3.328000000000000000e+04
2.560000000000000000e+04
3.320000000000000000e+04
2.684000000000000000e+04
2.432000000000000000e+04
3.704000000000000000e+04
3.068000000000000000e+04
3.104000000000000000e+04
2.420000000000000000e+04
2.684000000000000000e+04
4.348000000000000000e+04
2.944000000000000000e+04
2.940000000000000000e+04
3.320000000000000000e+04
2.688000000000000000e+04
2.944000000000000000e+04
3.096000000000000000e+04
2.540000000000000000e+04
3.072000000000000000e+04
2.936000000000000000e+04
2.560000000000000000e+04
3.448000000000000000e+04
2.152000000000000000e+04
2.528000000000000000e+04
3.708000000000000000e+04
2.428000000000000000e+04
2.176000000000000000e+04
2.672000000000000000e+04
2.688000000000000000e+04
3.068000000000000000e+04
2.812000000000000000e+04
2.804000000000000000e+04
2.304000000000000000e+04
2.920000000000000000e+04
2.044000000000000000e+04
2.928000000000000000e+04
2.304000000000000000e+04
2.148000000000000000e+04
3.176000000000000000e+04
2.940000000000000000e+04
2.816000000000000000e+04
2.552000000000000000e+04
2.176000000000000000e+04
2.812000000000000000e+04
2.428000000000000000e+04
2.172000000000000000e+04
2.776000000000000000e+04
2.412000000000000000e+04
2.172000000000000000e+04
2.424000000000000000e+04
2.428000000000000000e+04
2.680000000000000000e+04
3.064000000000000000e+04
3.836000000000000000e+04
3.708000000000000000e+04
2.812000000000000000e+04
2.408000000000000000e+04
2.556000000000000000e+04
2.300000000000000000e+04
3.396000000000000000e+04
4.480000000000000000e+04
3.328000000000000000e+04
2.904000000000000000e+04
2.556000000000000000e+04
3.452000000000000000e+04
2.416000000000000000e+04
3.988000000000000000e+04
3.068000000000000000e+04
3.456000000000000000e+04
3.072000000000000000e+04
2.412000000000000000e+04
2.936000000000000000e+04
2.816000000000000000e+04
2.432000000000000000e+04
2.944000000000000000e+04
4.092000000000000000e+04
2.556000000000000000e+04
3.836000000000000000e+04
2.816000000000000000e+04
3.452000000000000000e+04
2.676000000000000000e+04
3.072000000000000000e+04
2.944000000000000000e+04
3.196000000000000000e+04
4.252000000000000000e+04
2.544000000000000000e+04
2.944000000000000000e+04
2.936000000000000000e+04
2.812000000000000000e+04
3.328000000000000000e+04
2.432000000000000000e+04
3.328000000000000000e+04
3.828000000000000000e+04
2.664000000000000000e+04
2.552000000000000000e+04
2.688000000000000000e+04
2.816000000000000000e+04
2.044000000000000000e+04
3.452000000000000000e+04
4.344000000000000000e+04
2.560000000000000000e+04
3.452000000000000000e+04
3.580000000000000000e+04
4.172000000000000000e+04
2.044000000000000000e+04
2.944000000000000000e+04
2.940000000000000000e+04
2.532000000000000000e+04
2.296000000000000000e+04
2.944000000000000000e+04
3.672000000000000000e+04
2.688000000000000000e+04
2.432000000000000000e+04
2.168000000000000000e+04
2.688000000000000000e+04
4.216000000000000000e+04
2.812000000000000000e+04
2.808000000000000000e+04
2.176000000000000000e+04
3.180000000000000000e+04
2.940000000000000000e+04
2.304000000000000000e+04
3.580000000000000000e+04
3.452000000000000000e+04
3.200000000000000000e+04
3.320000000000000000e+04
2.292000000000000000e+04
3.404000000000000000e+04
3.072000000000000000e+04
2.944000000000000000e+04
3.060000000000000000e+04
2.940000000000000000e+04
2.428000000000000000e+04
2.816000000000000000e+04
3.832000000000000000e+04
5.116000000000000000e+04
3.072000000000000000e+04
2.936000000000000000e+04
4.212000000000000000e+04
2.832000000000000000e+04
2.804000000000000000e+04
2.560000000000000000e+04
4.264000000000000000e+04
2.680000000000000000e+04
3.072000000000000000e+04
2.560000000000000000e+04
2.944000000000000000e+04
2.172000000000000000e+04
2.428000000000000000e+04
2.816000000000000000e+04
2.300000000000000000e+04
2.420000000000000000e+04
3.196000000000000000e+04
3.060000000000000000e+04
3.452000000000000000e+04
2.560000000000000000e+04
3.072000000000000000e+04
2.144000000000000000e+04
2.756000000000000000e+04
1.916000000000000000e+04
3.576000000000000000e+04
2.428000000000000000e+04
4.092000000000000000e+04
2.556000000000000000e+04
3.316000000000000000e+04
2.680000000000000000e+04
2.676000000000000000e+04
2.944000000000000000e+04
2.428000000000000000e+04
2.944000000000000000e+04
4.304000000000000000e+04
3.188000000000000000e+04
2.304000000000000000e+04
2.804000000000000000e+04
2.292000000000000000e+04
2.684000000000000000e+04
3.324000000000000000e+04
3.456000000000000000e+04
3.324000000000000000e+04
2.432000000000000000e+04
2.688000000000000000e+04
4.408000000000000000e+04
2.428000000000000000e+04
3.708000000000000000e+04
2.432000000000000000e+04
2.552000000000000000e+04
2.300000000000000000e+04
2.812000000000000000e+04
2.428000000000000000e+04
2.300000000000000000e+04
2.560000000000000000e+04
3.968000000000000000e+04
3.568000000000000000e+04
2.808000000000000000e+04
2.552000000000000000e+04
3.456000000000000000e+04
2.544000000000000000e+04
2.680000000000000000e+04
3.196000000000000000e+04
3.832000000000000000e+04
2.428000000000000000e+04
4.204000000000000000e+04
4.348000000000000000e+04
3.700000000000000000e+04
2.688000000000000000e+04
2.168000000000000000e+04
2.940000000000000000e+04
3.768000000000000000e+04
2.536000000000000000e+04
2.816000000000000000e+04
3.328000000000000000e+04
2.944000000000000000e+04
2.304000000000000000e+04
2.672000000000000000e+04
2.688000000000000000e+04
2.560000000000000000e+04
3.072000000000000000e+04
3.776000000000000000e+04
3.060000000000000000e+04
2.432000000000000000e+04
2.688000000000000000e+04
3.200000000000000000e+04
3.060000000000000000e+04
2.560000000000000000e+04
3.456000000000000000e+04
2.028000000000000000e+04
3.184000000000000000e+04
2.296000000000000000e+04
2.432000000000000000e+04
2.688000000000000000e+04
2.808000000000000000e+04
3.408000000000000000e+04
3.412000000000000000e+04
3.708000000000000000e+04
2.944000000000000000e+04
3.064000000000000000e+04
2.804000000000000000e+04
2.684000000000000000e+04
2.928000000000000000e+04
3.060000000000000000e+04
2.432000000000000000e+04
2.684000000000000000e+04
4.480000000000000000e+04
3.188000000000000000e+04
3.072000000000000000e+04
2.552000000000000000e+04
2.812000000000000000e+04
2.416000000000000000e+04
3.316000000000000000e+04
3.964000000000000000e+04
2.812000000000000000e+04
2.300000000000000000e+04
2.556000000000000000e+04
3.196000000000000000e+04
2.544000000000000000e+04
3.200000000000000000e+04
2.432000000000000000e+04
3.184000000000000000e+04
2.300000000000000000e+04
3.708000000000000000e+04
2.688000000000000000e+04
2.168000000000000000e+04
3.200000000000000000e+04
2.684000000000000000e+04
2.816000000000000000e+04
2.680000000000000000e+04
2.796000000000000000e+04
4.224000000000000000e+04
3.200000000000000000e+04
3.456000000000000000e+04
3.632000000000000000e+04
3.444000000000000000e+04
2.556000000000000000e+04
3.584000000000000000e+04
3.456000000000000000e+04
3.324000000000000000e+04
2.304000000000000000e+04
4.104000000000000000e+04
2.688000000000000000e+04
3.580000000000000000e+04
3.072000000000000000e+04
3.700000000000000000e+04
3.056000000000000000e+04
4.468000000000000000e+04
2.688000000000000000e+04
3.816000000000000000e+04
3.068000000000000000e+04
3.320000000000000000e+04
2.544000000000000000e+04
3.156000000000000000e+04
2.936000000000000000e+04
2.940000000000000000e+04
3.196000000000000000e+04
3.692000000000000000e+04
3.840000000000000000e+04
2.560000000000000000e+04
2.548000000000000000e+04
2.292000000000000000e+04
2.428000000000000000e+04
3.448000000000000000e+04
3.320000000000000000e+04
3.328000000000000000e+04
2.152000000000000000e+04
2.680000000000000000e+04
2.424000000000000000e+04
2.300000000000000000e+04
2.560000000000000000e+04
4.468000000000000000e+04
2.556000000000000000e+04
2.808000000000000000e+04
2.676000000000000000e+04
2.944000000000000000e+04
2.424000000000000000e+04
3.536000000000000000e+04
3.452000000000000000e+04
2.944000000000000000e+04
3.064000000000000000e+04
2.808000000000000000e+04
2.812000000000000000e+04
2.788000000000000000e+04
2.400000000000000000e+04
2.940000000000000000e+04
2.680000000000000000e+04
2.424000000000000000e+04
2.044000000000000000e+04
2.356000000000000000e+04
2.808000000000000000e+04
2.432000000000000000e+04
2.936000000000000000e+04
2.304000000000000000e+04
3.824000000000000000e+04
3.924000000000000000e+04
2.932000000000000000e+04
4.092000000000000000e+04
2.792000000000000000e+04
2.816000000000000000e+04
3.948000000000000000e+04
2.560000000000000000e+04
2.552000000000000000e+04
2.808000000000000000e+04
2.168000000000000000e+04
2.176000000000000000e+04
2.408000000000000000e+04
2.812000000000000000e+04
2.944000000000000000e+04
3.468000000000000000e+04
3.192000000000000000e+04
3.584000000000000000e+04
2.912000000000000000e+04
3.116000000000000000e+04
2.424000000000000000e+04
2.812000000000000000e+04
2.044000000000000000e+04
2.544000000000000000e+04
2.556000000000000000e+04
3.836000000000000000e+04
3.468000000000000000e+04
2.288000000000000000e+04
3.576000000000000000e+04
4.220000000000000000e+04
2.940000000000000000e+04
2.684000000000000000e+04
2.812000000000000000e+04
3.324000000000000000e+04
3.908000000000000000e+04
2.428000000000000000e+04
2.552000000000000000e+04
3.584000000000000000e+04
2.676000000000000000e+04
2.432000000000000000e+04
2.304000000000000000e+04
2.936000000000000000e+04
2.296000000000000000e+04
2.304000000000000000e+04
2.688000000000000000e+04
2.684000000000000000e+04
3.060000000000000000e+04
2.944000000000000000e+04
5.120000000000000000e+04
3.180000000000000000e+04
2.508000000000000000e+04
2.160000000000000000e+04
2.688000000000000000e+04
2.940000000000000000e+04
4.220000000000000000e+04
2.300000000000000000e+04
3.068000000000000000e+04
2.168000000000000000e+04
2.944000000000000000e+04
2.552000000000000000e+04
2.552000000000000000e+04
2.552000000000000000e+04
2.296000000000000000e+04
2.280000000000000000e+04
2.288000000000000000e+04
2.556000000000000000e+04
2.428000000000000000e+04
3.444000000000000000e+04
3.568000000000000000e+04
2.428000000000000000e+04
2.684000000000000000e+04
3.192000000000000000e+04
2.816000000000000000e+04
2.684000000000000000e+04
2.556000000000000000e+04
2.428000000000000000e+04
3.188000000000000000e+04
2.168000000000000000e+04
2.684000000000000000e+04
2.164000000000000000e+04
3.824000000000000000e+04
2.920000000000000000e+04
3.448000000000000000e+04
2.428000000000000000e+04
2.556000000000000000e+04
2.552000000000000000e+04
2.556000000000000000e+04
3.180000000000000000e+04
2.936000000000000000e+04
3.964000000000000000e+04
4.984000000000000000e+04
3.324000000000000000e+04
3.832000000000000000e+04
2.300000000000000000e+04
2.940000000000000000e+04
3.708000000000000000e+04
2.808000000000000000e+04
3.068000000000000000e+04
3.836000000000000000e+04
3.324000000000000000e+04
2.812000000000000000e+04
3.328000000000000000e+04
2.420000000000000000e+04
2.816000000000000000e+04
2.556000000000000000e+04
2.556000000000000000e+04
2.420000000000000000e+04
3.568000000000000000e+04
3.064000000000000000e+04
2.808000000000000000e+04
2.684000000000000000e+04
3.056000000000000000e+04
2.296000000000000000e+04
2.808000000000000000e+04
2.544000000000000000e+04
3.964000000000000000e+04
2.556000000000000000e+04
2.816000000000000000e+04
2.300000000000000000e+04
3.320000000000000000e+04
2.300000000000000000e+04
2.684000000000000000e+04
2.812000000000000000e+04
2.680000000000000000e+04
2.428000000000000000e+04
2.812000000000000000e+04
2.296000000000000000e+04
2.924000000000000000e+04
4.724000000000000000e+04
3.452000000000000000e+04
3.324000000000000000e+04
3.960000000000000000e+04
2.428000000000000000e+04
