2.910
0.688
0.578
0.800
0.796
0.653
0.560
0.666
0.689
0.580
0.815
0.639
0.658
0.655
0.622
0.641
0.823
0.629
0.682
0.693
0.659
0.797
0.711
0.637
0.668
0.658
0.705
0.647
0.690
0.679
0.607
0.632
0.630
0.701
0.518
0.733
0.508
0.590
0.602
0.692
0.689
0.519
0.747
0.750
0.496
0.788
0.714
0.642
0.473
0.603
0.740
0.821
0.612
0.653
0.615
0.705
0.747
0.596
0.694
0.688
0.570
0.674
0.663
0.617
0.751
0.526
0.706
0.730
0.669
0.648
0.698
0.594
0.679
0.636
0.651
0.618
0.634
0.770
0.733
0.663
0.649
0.697
0.763
0.609
0.618
0.551
0.586
0.644
0.616
0.697
0.715
0.817
0.536
0.457
0.718
0.740
0.629
0.654
0.834
0.671
0.792
0.703
0.689
0.646
0.606
0.591
0.656
0.651
0.644
0.584
0.770
0.695
0.817
0.630
0.614
0.641
0.719
0.682
0.700
0.582
0.649
0.810
0.582
0.668
0.618
0.834
0.638
0.893
0.613
0.607
0.790
0.654
0.699
0.521
0.686
0.684
0.675
0.661
0.700
0.684
0.687
0.635
0.674
0.644
0.637
0.694
0.766
0.561
0.614
0.622
0.692
0.706
0.790
0.522
0.715
0.767
0.689
0.693
0.789
0.695
0.734
0.602
0.650
0.623
0.752
0.655
0.612
0.948
0.703
0.663
0.617
0.563
0.689
0.633
0.578
0.643
0.527
0.729
0.696
0.624
0.680
0.734
0.525
0.712
0.669
0.670
0.636
0.822
0.796
0.798
0.524
0.590
0.647
0.795
0.712
0.667
0.605
0.592
0.692
0.724
0.876
0.691
0.662
0.717
0.664
0.769
0.701
0.736
0.684
0.561
0.623
0.579
0.694
0.637
0.598
0.644
0.606
0.583
0.646
0.653
0.665
0.723
0.589
0.653
0.718
0.631
0.660
0.580
0.780
0.755
0.821
0.662
0.682
0.708
0.628
0.622
0.610
0.724
0.676
0.591
0.763
0.681
0.696
0.697
0.719
0.671
0.576
0.600
0.696
0.583
0.687
0.740
0.556
0.617
0.678
0.674
0.760
0.695
0.745
0.662
0.682
0.563
0.782
0.575
0.625
0.699
0.618
0.751
0.679
0.621
0.675
0.588
0.738
0.671
0.750
0.623
0.835
0.543
0.586
0.667
0.644
0.627
0.605
0.705
0.755
0.642
0.681
0.570
0.754
0.653
0.660
0.636
0.606
0.662
0.653
0.625
0.567
0.888
0.730
0.516
0.563
0.643
0.593
0.598
0.640
0.678
0.616
0.633
0.627
0.575
0.625
0.603
0.739
0.734
0.784
0.731
0.688
0.577
0.722
0.593
0.703
0.755
0.740
0.874
0.726
0.596
0.581
0.782
0.531
0.650
0.709
0.533
0.642
0.619
0.712
0.616
0.798
0.625
0.541
0.726
0.688
0.617
0.609
0.775
0.600
0.620
0.670
0.714
0.540
0.585
0.769
0.708
0.628
0.760
0.763
0.671
0.621
0.603
0.557
0.587
0.646
0.747
0.696
0.877
0.657
0.514
0.640
0.558
0.644
0.746
0.664
0.712
0.567
0.710
0.636
0.729
0.740
0.594
0.605
0.637
0.603
0.606
0.601
0.643
0.740
0.673
0.574
0.547
0.816
0.591
0.658
0.691
0.698
0.687
0.640
0.673
0.660
0.698
0.577
0.548
0.559
0.726
0.619
0.636
0.642
0.659
0.711
0.706
0.712
0.802
0.647
0.810
0.711
0.567
0.595
0.809
0.613
0.822
0.770
0.662
0.709
0.723
0.840
0.755
0.687
0.750
0.731
0.701
0.660
0.528
0.613
0.615
0.626
0.663
0.642
0.652
0.688
0.597
0.714
0.624
0.577
0.696
0.561
0.621
0.774
0.522
0.677
0.604
0.698
0.626
0.665
0.667
0.741
0.619
0.623
0.789
0.700
0.663
0.611
0.622
0.618
0.796
0.722
0.681
0.801
0.666
0.569
0.692
0.856
0.679
0.762
0.578
0.675
0.851
0.552
0.727
0.624
0.680
0.757
0.633
0.616
0.600
0.691
0.644
0.518
0.462
0.739
0.794
0.581
0.653
0.746
0.657
0.665
0.561
0.685
0.711
0.703
0.534
0.762
0.525
0.672
0.749
0.565
0.660
0.617
0.627
0.585
0.680
0.743
0.628
0.608
0.642
0.571
0.658
0.630
0.707
0.755
0.732
0.769
0.695
0.738
0.525
0.614
0.607
0.735
0.777
0.587
0.768
0.604
0.556
0.598
0.594
0.770
0.745
0.750
0.675
0.752
0.647
0.726
0.681
0.703
0.756
0.665
0.653
0.730
0.823
0.830
0.804
0.654
0.609
0.699
0.609
0.749
0.647
0.656
0.632
0.532
0.651
0.598
0.727
0.630
0.531
0.767
0.618
0.680
0.767
0.618
0.716
0.709
0.778
0.693
0.694
0.729
0.659
0.555
0.727
0.564
0.641
0.487
0.754
0.709
0.776
0.706
0.659
0.708
0.684
0.652
0.729
0.623
0.574
0.672
0.674
0.580
0.697
0.696
0.685
0.679
0.686
0.691
0.620
0.624
0.699
0.620
0.714
0.785
0.571
0.570
0.695
0.654
0.942
0.631
0.709
0.624
0.621
0.649
0.686
0.570
0.628
0.660
0.584
0.666
0.823
0.666
0.703
0.585
0.609
0.678
0.692
0.772
0.564
0.712
0.635
0.616
0.716
0.658
0.645
0.706
0.670
0.588
0.675
0.744
0.703
0.805
0.772
0.736
0.605
0.660
0.537
0.560
0.675
0.612
0.710
0.776
0.832
0.597
0.848
0.622
0.633
0.658
0.784
0.620
0.693
0.695
0.591
0.531
0.697
0.724
0.698
0.578
0.722
0.748
0.710
0.514
0.659
0.637
0.802
0.629
0.661
0.705
0.691
0.693
0.665
0.726
0.616
0.697
0.938
0.690
0.654
0.681
0.733
0.581
0.680
0.638
0.814
0.685
0.603
0.613
0.517
0.525
0.669
0.618
0.729
0.526
0.737
0.708
0.625
0.726
0.540
0.529
0.633
0.650
0.595
0.599
0.789
0.580
0.654
0.619
0.687
0.556
0.576
0.660
0.597
0.578
0.772
0.874
0.591
0.631
0.790
0.577
0.601
0.685
0.606
0.592
0.718
0.742
0.869
0.579
0.685
0.569
0.694
0.609
0.674
0.718
0.656
0.587
0.900
0.645
0.636
0.717
0.660
0.615
0.749
0.645
0.728
0.616
0.825
0.850
0.765
0.754
0.576
0.788
0.623
0.719
0.687
0.633
0.514
0.653
0.745
0.632
0.679
0.701
0.780
0.664
0.805
0.769
0.727
0.741
0.632
0.663
0.846
0.632
0.626
0.533
0.774
0.678
0.722
0.624
0.674
0.671
0.682
0.700
0.704
0.638
0.705
0.593
0.737
0.678
0.631
0.487
0.705
0.621
0.657
0.662
0.563
0.651
0.816
0.579
0.824
0.617
0.675
0.600
0.601
0.719
0.679
0.602
0.644
0.694
0.657
0.737
0.747
0.664
0.764
0.738
0.704
0.650
0.533
0.592
0.739
0.685
0.589
0.596
0.546
0.756
0.800
0.690
0.502
0.629
0.627
0.654
0.606
0.576
0.626
0.483
0.646
0.629
0.653
0.696
0.594
0.623
0.657
0.797
0.640
0.554
0.679
0.547
0.589
0.743
0.622
0.696
0.552
0.781
0.684
0.652
0.699
0.668
0.622
0.737
0.750
0.427
0.625
0.669
0.643
0.534
0.661
0.697
0.827
0.609
0.616
0.572
0.705
0.623
0.685
0.727
0.633
0.611
0.748
0.782
0.703
0.599
0.732
0.735
0.706
0.574
0.513
0.672
0.538
0.611
0.744
0.702
0.587
0.796
0.766
0.611
0.607
0.735
0.622
0.681
0.757
0.564
0.864
0.653
0.571
0.657
0.875
0.766
0.678
0.796
0.539
0.749
0.630
0.705
0.620
0.559
0.586
0.762
0.622
0.744
0.582
0.567
0.639
0.644
0.667
0.734
0.667
0.703
0.702
0.666
0.700
0.709
0.669
0.638
0.609
0.646
0.665
0.719
0.531
0.605
0.810
0.721
0.538
0.585
0.620
0.719
0.705
0.690
0.747
0.642
0.660
0.653
0.638
0.705
0.583
0.671
0.572
0.737
0.647
0.553
0.666
0.738
0.666
0.609
0.696
0.773
0.660
0.690
0.637
0.692
0.580
0.650
0.591
0.547
0.520
0.641
0.560
0.573
0.743
0.841
0.527
0.648
0.541
0.625
0.662
0.634
0.554
0.516
0.755
0.676
0.669
0.799
0.651
