2269
2102
2143
2156
2427
2166
1906
2143
2153
2110
2403
2144
2126
1861
2156
2086
2375
1905
2162
2093
2091
2193
2446
2168
2104
2127
2142
1876
2105
2183
2097
2175
1832
2173
1888
2173
1851
2134
2123
2439
2468
1895
2169
2196
1902
2391
2168
2168
1841
1851
2126
2740
2117
2165
2153
2165
2680
2111
2147
2135
2171
2129
2144
2155
2139
1876
2171
2419
2110
2146
2169
2169
2398
2192
1864
1832
1866
2413
2147
2123
2137
2148
2441
2134
2125
1848
2133
2162
2202
2163
2179
2139
1878
1893
2151
2170
1864
2107
2382
2095
2368
2094
2121
1850
2429
1841
2121
2187
2179
2162
2483
2153
2374
2139
2126
2152
2170
2210
1834
2438
2394
2390
2152
2131
1847
2131
2147
2682
1819
2161
2373
2103
2125
1851
2106
2105
2086
2162
2214
1881
2399
2161
1916
2150
2146
2119
2491
1895
2140
2167
2411
2142
2146
1857
2147
2381
2395
2400
2404
1838
2403
2134
2157
2175
2356
2169
2146
2721
2405
2214
2445
1880
2101
2120
2105
2200
1900
2205
1861
2175
2512
2205
1896
2200
2400
2105
2130
2447
2384
2153
1884
2145
2221
2710
2489
2119
2122
2154
2353
2400
2372
1923
1881
2100
1909
2158
2107
2139
2128
2167
1878
2141
2155
2174
2147
2422
2112
2143
2194
2131
2400
2105
1839
2169
2402
2175
2133
1880
2215
2417
2420
2160
2472
2392
2166
1905
2185
2092
1843
2129
2176
2431
2134
2382
2193
2196
2144
1874
2143
1855
2437
2108
2191
2120
2137
2129
2175
2163
2140
2184
2140
1858
2185
1880
2189
2184
2127
2178
2095
2134
2133
1836
2456
2690
2149
2152
2413
1910
2467
1868
2168
2113
1843
2156
2129
2186
2176
1860
2449
2198
2123
2139
1874
2141
2207
1874
2138
2369
2375
1908
2188
2146
1884
2179
2411
2400
2144
1831
2086
2142
2428
2427
2185
2222
2375
2142
2109
1880
2100
2156
2198
2248
2372
2423
2096
2127
2177
2402
1889
2210
2135
1846
2202
2153
2397
2165
2441
1885
1879
2149
2422
1847
2392
2125
1866
1901
2101
2449
1844
2149
2107
2107
2131
2726
2130
2141
1872
2111
1856
2163
2148
2210
2121
2657
2134
1895
2111
1871
2125
2441
2133
2168
2164
2409
2405
2157
2256
2158
1915
2223
2131
2163
2169
2118
2084
2110
1858
1877
2440
2147
2141
2140
2459
2128
2123
2176
2125
2451
2125
2106
1883
2153
2118
2140
2167
2143
2416
2139
2425
2488
1873
2384
2167
2116
2158
2119
2139
2416
2188
2436
2139
2183
2389
2419
2187
2158
2144
2123
2137
1880
1860
2144
1875
2160
2464
2146
2193
2166
2143
2163
2159
2087
2133
2126
2178
1861
2154
1859
2382
2115
1937
2111
2158
2142
2099
2403
2106
1815
2152
2210
2138
2145
2119
2109
2405
2166
1904
1854
2350
2129
2408
1867
1849
2364
2124
2170
2174
2150
2123
2106
1856
1841
2113
1824
1886
1918
2249
2383
1862
2097
2126
2161
2114
1917
2164
1900
2124
1860
2133
1887
2128
2259
2193
2131
2196
2123
2154
2102
2426
2135
1827
2100
1861
2169
2385
2447
2447
2417
2506
1867
2144
1885
2148
2416
2410
2191
2113
2407
1895
2152
2136
1855
2146
2159
2153
2162
2438
2149
2158
2401
2478
2119
1916
2154
2415
2123
2427
2397
1965
2188
2153
2086
2416
2395
2113
2146
1871
2165
2122
2405
2126
1846
2375
2145
2155
2193
1906
2161
2103
2438
2180
2156
2074
2133
2111
2483
1853
2130
1901
2170
2387
2158
2156
2405
2713
2406
2131
2402
2106
2193
2167
2163
1897
2152
1867
1886
2124
2145
2438
2192
2434
2143
1907
2187
2135
2208
1863
2152
2108
2380
1888
2132
2109
2122
2144
1833
1890
2394
2398
1822
2127
2124
2098
2418
1839
2113
1866
2119
2456
2136
2164
2095
2161
2094
2330
2193
2133
2091
1890
2147
2389
2362
2429
2161
2158
1841
1874
1927
2160
2156
1877
2461
2404
2654
1849
2122
2138
1857
2165
2100
2127
2145
2417
2163
1878
2137
2137
2142
1893
2104
2388
2163
1906
2105
2123
2135
2256
2119
2412
2478
1852
2119
2460
2194
2134
2733
2351
2128
2162
2393
1836
2113
1834
2421
1835
1826
2153
1916
1860
2155
1864
2396
1867
2151
2426
2184
2524
1846
1851
2132
2445
2194
2134
2463
2177
2120
2117
2191
2171
1868
2486
1864
2106
2110
2682
1888
2398
2437
2138
1832
2120
1855
2115
2132
2458
2697
1864
2090
2138
2190
2143
1851
2138
2138
1848
2370
2162
2095
2200
2163
2146
2363
1899
2097
1858
2347
2420
2139
2435
2151
2396
2128
2090
2163
2219
2147
1846
2139
2115
2142
2173
2443
2429
2446
2116
2379
2117
2185
2191
2425
2110
2093
1884
2383
2148
2193
1883
2102
2173
1892
2104
2143
1870
2142
2124
2180
2136
2102
2166
2144
2148
2103
1887
1855
2133
2166
1851
2469
1892
2122
1896
2145
2117
2103
1858
1911
2183
2172
2237
2128
2148
2203
2133
2144
1882
2151
1895
2383
2142
1864
2163
1862
2184
2073
1887
1838
2134
1890
1854
2417
1876
2419
1852
2097
1865
1873
2102
2225
2104
2259
2418
2142
1918
2384
1862
1872
2143
2171
2223
2153
2129
2150
2197
2142
2132
1849
2485
2496
1917
2138
2159
1866
1830
2112
2380
2465
2130
2169
1898
2364
2180
2210
2135
2132
2108
2462
2710
2137
2205
2675
2185
2199
2169
1887
2384
1879
1864
2123
2136
1832
2152
2429
1849
2171
2382
2099
2476
2177
2164
3012
2125
1889
1892
2156
2143
2183
2171
1927
2379
2085
2497
1828
1857
1873
2426
2136
2165
1874
1845
2171
2122
2140
2132
2111
2455
2482
2203
2362
2128
2107
2133
2158
2131
2145
2168
1898
1827
2374
2114
1889
1907
2138
2156
2093
2168
2400
2102
2390
2109
2154
2118
2134
2166
2109
2425
2183
2132
1916
2147
2200
2196
2141
2164
2156
1875
1887
2160
1899
2361
1836
1954
1888
1891
2093
1850
2424
2123
1879
2184
1887
1887
2119
2250
1890
1879
2377
2166
1895
2424
2387
