1.046000000000000000e+04
1.017000000000000000e+04
1.121000000000000000e+04
1.034000000000000000e+04
1.141000000000000000e+04
9.790000000000000000e+03
1.170000000000000000e+04
1.098000000000000000e+04
1.107000000000000000e+04
1.087000000000000000e+04
1.171000000000000000e+04
9.940000000000000000e+03
9.020000000000000000e+03
1.056000000000000000e+04
1.098000000000000000e+04
1.097000000000000000e+04
1.092000000000000000e+04
1.104000000000000000e+04
1.081000000000000000e+04
1.312000000000000000e+04
1.189000000000000000e+04
1.069000000000000000e+04
1.162000000000000000e+04
1.124000000000000000e+04
1.128000000000000000e+04
1.116000000000000000e+04
1.067000000000000000e+04
1.113000000000000000e+04
1.113000000000000000e+04
1.113000000000000000e+04
1.132000000000000000e+04
1.133000000000000000e+04
1.024000000000000000e+04
1.142000000000000000e+04
1.095000000000000000e+04
1.250000000000000000e+04
1.294000000000000000e+04
1.070000000000000000e+04
1.164000000000000000e+04
1.129000000000000000e+04
1.030000000000000000e+04
1.109000000000000000e+04
1.022000000000000000e+04
9.990000000000000000e+03
1.031000000000000000e+04
1.058000000000000000e+04
1.087000000000000000e+04
1.170000000000000000e+04
1.229000000000000000e+04
1.062000000000000000e+04
1.029000000000000000e+04
1.095000000000000000e+04
1.125000000000000000e+04
1.112000000000000000e+04
1.150000000000000000e+04
1.038000000000000000e+04
1.039000000000000000e+04
1.071000000000000000e+04
1.139000000000000000e+04
1.017000000000000000e+04
1.113000000000000000e+04
1.158000000000000000e+04
1.089000000000000000e+04
1.088000000000000000e+04
1.050000000000000000e+04
1.091000000000000000e+04
1.321000000000000000e+04
1.150000000000000000e+04
1.090000000000000000e+04
1.073000000000000000e+04
1.147000000000000000e+04
9.650000000000000000e+03
1.145000000000000000e+04
1.224000000000000000e+04
1.109000000000000000e+04
1.021000000000000000e+04
1.088000000000000000e+04
1.199000000000000000e+04
1.020000000000000000e+04
9.820000000000000000e+03
1.042000000000000000e+04
1.126000000000000000e+04
1.116000000000000000e+04
1.146000000000000000e+04
1.048000000000000000e+04
1.012000000000000000e+04
1.008000000000000000e+04
1.203000000000000000e+04
1.165000000000000000e+04
1.251000000000000000e+04
1.089000000000000000e+04
1.183000000000000000e+04
1.038000000000000000e+04
1.030000000000000000e+04
1.087000000000000000e+04
1.034000000000000000e+04
1.108000000000000000e+04
1.063000000000000000e+04
1.157000000000000000e+04
1.216000000000000000e+04
1.193000000000000000e+04
1.297000000000000000e+04
1.238000000000000000e+04
1.071000000000000000e+04
1.164000000000000000e+04
1.120000000000000000e+04
9.640000000000000000e+03
9.720000000000000000e+03
1.225000000000000000e+04
1.162000000000000000e+04
1.141000000000000000e+04
1.077000000000000000e+04
9.410000000000000000e+03
1.020000000000000000e+04
9.120000000000000000e+03
1.208000000000000000e+04
1.090000000000000000e+04
1.038000000000000000e+04
1.096000000000000000e+04
1.058000000000000000e+04
1.113000000000000000e+04
1.099000000000000000e+04
9.990000000000000000e+03
1.194000000000000000e+04
1.242000000000000000e+04
1.148000000000000000e+04
1.074000000000000000e+04
1.096000000000000000e+04
1.058000000000000000e+04
1.103000000000000000e+04
1.134000000000000000e+04
1.078000000000000000e+04
1.035000000000000000e+04
1.165000000000000000e+04
1.026000000000000000e+04
1.017000000000000000e+04
1.169000000000000000e+04
1.323000000000000000e+04
1.005000000000000000e+04
1.067000000000000000e+04
1.050000000000000000e+04
1.077000000000000000e+04
1.166000000000000000e+04
9.840000000000000000e+03
1.055000000000000000e+04
1.090000000000000000e+04
1.116000000000000000e+04
1.151000000000000000e+04
1.223000000000000000e+04
1.009000000000000000e+04
1.063000000000000000e+04
1.047000000000000000e+04
1.139000000000000000e+04
1.041000000000000000e+04
1.139000000000000000e+04
1.069000000000000000e+04
9.560000000000000000e+03
1.066000000000000000e+04
1.108000000000000000e+04
1.062000000000000000e+04
1.047000000000000000e+04
1.096000000000000000e+04
1.084000000000000000e+04
1.141000000000000000e+04
1.161000000000000000e+04
1.201000000000000000e+04
1.222000000000000000e+04
1.052000000000000000e+04
1.130000000000000000e+04
9.340000000000000000e+03
1.146000000000000000e+04
1.145000000000000000e+04
1.107000000000000000e+04
1.101000000000000000e+04
1.090000000000000000e+04
1.112000000000000000e+04
1.090000000000000000e+04
1.045000000000000000e+04
1.198000000000000000e+04
1.065000000000000000e+04
9.950000000000000000e+03
1.323000000000000000e+04
1.091000000000000000e+04
9.470000000000000000e+03
9.910000000000000000e+03
1.093000000000000000e+04
1.048000000000000000e+04
1.189000000000000000e+04
1.031000000000000000e+04
1.070000000000000000e+04
1.168000000000000000e+04
1.281000000000000000e+04
1.113000000000000000e+04
1.048000000000000000e+04
1.131000000000000000e+04
1.153000000000000000e+04
1.070000000000000000e+04
1.117000000000000000e+04
1.020000000000000000e+04
1.068000000000000000e+04
1.104000000000000000e+04
1.027000000000000000e+04
1.015000000000000000e+04
1.132000000000000000e+04
9.690000000000000000e+03
1.193000000000000000e+04
1.192000000000000000e+04
1.100000000000000000e+04
1.245000000000000000e+04
9.410000000000000000e+03
1.017000000000000000e+04
1.035000000000000000e+04
1.056000000000000000e+04
1.138000000000000000e+04
1.009000000000000000e+04
9.570000000000000000e+03
1.087000000000000000e+04
9.270000000000000000e+03
1.160000000000000000e+04
1.068000000000000000e+04
1.067000000000000000e+04
1.023000000000000000e+04
1.011000000000000000e+04
9.710000000000000000e+03
1.014000000000000000e+04
1.044000000000000000e+04
1.063000000000000000e+04
1.058000000000000000e+04
1.149000000000000000e+04
1.181000000000000000e+04
1.152000000000000000e+04
1.027000000000000000e+04
1.084000000000000000e+04
1.089000000000000000e+04
1.083000000000000000e+04
1.013000000000000000e+04
1.074000000000000000e+04
9.270000000000000000e+03
1.124000000000000000e+04
1.092000000000000000e+04
9.770000000000000000e+03
1.010000000000000000e+04
1.074000000000000000e+04
1.068000000000000000e+04
1.025000000000000000e+04
1.121000000000000000e+04
1.114000000000000000e+04
1.037000000000000000e+04
1.035000000000000000e+04
1.066000000000000000e+04
1.009000000000000000e+04
1.137000000000000000e+04
1.213000000000000000e+04
1.079000000000000000e+04
1.149000000000000000e+04
1.032000000000000000e+04
1.086000000000000000e+04
1.022000000000000000e+04
1.096000000000000000e+04
1.069000000000000000e+04
1.170000000000000000e+04
1.179000000000000000e+04
1.077000000000000000e+04
1.123000000000000000e+04
9.710000000000000000e+03
1.116000000000000000e+04
1.130000000000000000e+04
1.162000000000000000e+04
1.128000000000000000e+04
1.088000000000000000e+04
1.121000000000000000e+04
1.023000000000000000e+04
8.950000000000000000e+03
1.080000000000000000e+04
1.042000000000000000e+04
1.083000000000000000e+04
1.118000000000000000e+04
1.089000000000000000e+04
1.121000000000000000e+04
1.189000000000000000e+04
1.012000000000000000e+04
1.170000000000000000e+04
1.044000000000000000e+04
1.068000000000000000e+04
1.037000000000000000e+04
1.120000000000000000e+04
1.108000000000000000e+04
1.047000000000000000e+04
1.106000000000000000e+04
1.081000000000000000e+04
1.045000000000000000e+04
1.080000000000000000e+04
1.131000000000000000e+04
1.056000000000000000e+04
1.181000000000000000e+04
1.017000000000000000e+04
1.097000000000000000e+04
1.065000000000000000e+04
1.059000000000000000e+04
1.112000000000000000e+04
9.610000000000000000e+03
9.490000000000000000e+03
1.134000000000000000e+04
1.136000000000000000e+04
1.094000000000000000e+04
1.074000000000000000e+04
9.910000000000000000e+03
1.124000000000000000e+04
1.099000000000000000e+04
1.019000000000000000e+04
1.113000000000000000e+04
1.016000000000000000e+04
1.045000000000000000e+04
1.159000000000000000e+04
1.233000000000000000e+04
1.100000000000000000e+04
1.320000000000000000e+04
1.060000000000000000e+04
1.088000000000000000e+04
9.740000000000000000e+03
9.870000000000000000e+03
1.033000000000000000e+04
1.022000000000000000e+04
9.730000000000000000e+03
1.225000000000000000e+04
1.031000000000000000e+04
1.080000000000000000e+04
1.025000000000000000e+04
1.135000000000000000e+04
1.095000000000000000e+04
1.120000000000000000e+04
1.181000000000000000e+04
1.058000000000000000e+04
9.830000000000000000e+03
1.140000000000000000e+04
1.025000000000000000e+04
1.251000000000000000e+04
9.840000000000000000e+03
1.122000000000000000e+04
1.108000000000000000e+04
1.061000000000000000e+04
1.064000000000000000e+04
1.086000000000000000e+04
1.091000000000000000e+04
1.042000000000000000e+04
1.072000000000000000e+04
1.129000000000000000e+04
1.068000000000000000e+04
1.100000000000000000e+04
1.126000000000000000e+04
1.109000000000000000e+04
1.055000000000000000e+04
1.063000000000000000e+04
1.025000000000000000e+04
1.223000000000000000e+04
1.074000000000000000e+04
1.194000000000000000e+04
1.120000000000000000e+04
1.090000000000000000e+04
1.028000000000000000e+04
1.010000000000000000e+04
1.080000000000000000e+04
9.540000000000000000e+03
1.057000000000000000e+04
1.080000000000000000e+04
1.044000000000000000e+04
1.093000000000000000e+04
1.140000000000000000e+04
1.114000000000000000e+04
1.102000000000000000e+04
9.950000000000000000e+03
1.074000000000000000e+04
1.063000000000000000e+04
1.075000000000000000e+04
1.105000000000000000e+04
1.202000000000000000e+04
1.075000000000000000e+04
1.042000000000000000e+04
1.106000000000000000e+04
1.082000000000000000e+04
9.840000000000000000e+03
1.172000000000000000e+04
9.850000000000000000e+03
1.072000000000000000e+04
9.710000000000000000e+03
1.090000000000000000e+04
1.148000000000000000e+04
9.870000000000000000e+03
1.005000000000000000e+04
1.112000000000000000e+04
1.021000000000000000e+04
1.069000000000000000e+04
1.023000000000000000e+04
1.113000000000000000e+04
1.073000000000000000e+04
1.060000000000000000e+04
1.064000000000000000e+04
1.104000000000000000e+04
1.004000000000000000e+04
1.068000000000000000e+04
1.142000000000000000e+04
1.007000000000000000e+04
9.820000000000000000e+03
1.020000000000000000e+04
1.075000000000000000e+04
9.190000000000000000e+03
9.660000000000000000e+03
1.043000000000000000e+04
1.055000000000000000e+04
1.015000000000000000e+04
1.029000000000000000e+04
9.890000000000000000e+03
1.134000000000000000e+04
1.081000000000000000e+04
1.041000000000000000e+04
1.109000000000000000e+04
9.870000000000000000e+03
1.032000000000000000e+04
9.310000000000000000e+03
1.050000000000000000e+04
9.570000000000000000e+03
1.140000000000000000e+04
9.660000000000000000e+03
1.186000000000000000e+04
1.118000000000000000e+04
1.095000000000000000e+04
1.051000000000000000e+04
1.023000000000000000e+04
1.033000000000000000e+04
1.156000000000000000e+04
1.127000000000000000e+04
1.047000000000000000e+04
1.193000000000000000e+04
9.810000000000000000e+03
9.480000000000000000e+03
1.080000000000000000e+04
1.081000000000000000e+04
1.045000000000000000e+04
9.680000000000000000e+03
1.046000000000000000e+04
9.310000000000000000e+03
1.154000000000000000e+04
9.930000000000000000e+03
1.070000000000000000e+04
9.890000000000000000e+03
1.115000000000000000e+04
1.082000000000000000e+04
1.032000000000000000e+04
9.940000000000000000e+03
1.142000000000000000e+04
1.228000000000000000e+04
1.098000000000000000e+04
1.024000000000000000e+04
9.790000000000000000e+03
1.000000000000000000e+04
1.177000000000000000e+04
9.740000000000000000e+03
1.046000000000000000e+04
1.090000000000000000e+04
1.064000000000000000e+04
1.096000000000000000e+04
1.080000000000000000e+04
1.061000000000000000e+04
1.002000000000000000e+04
1.040000000000000000e+04
9.820000000000000000e+03
1.058000000000000000e+04
1.141000000000000000e+04
1.154000000000000000e+04
9.500000000000000000e+03
1.024000000000000000e+04
1.117000000000000000e+04
1.162000000000000000e+04
1.101000000000000000e+04
1.074000000000000000e+04
9.790000000000000000e+03
1.173000000000000000e+04
1.105000000000000000e+04
1.035000000000000000e+04
1.101000000000000000e+04
1.152000000000000000e+04
1.002000000000000000e+04
1.041000000000000000e+04
1.008000000000000000e+04
9.690000000000000000e+03
1.098000000000000000e+04
1.134000000000000000e+04
9.710000000000000000e+03
1.144000000000000000e+04
1.057000000000000000e+04
1.043000000000000000e+04
1.158000000000000000e+04
1.190000000000000000e+04
1.061000000000000000e+04
1.107000000000000000e+04
1.058000000000000000e+04
1.071000000000000000e+04
1.018000000000000000e+04
1.010000000000000000e+04
1.007000000000000000e+04
9.420000000000000000e+03
1.154000000000000000e+04
1.010000000000000000e+04
1.020000000000000000e+04
1.010000000000000000e+04
1.133000000000000000e+04
1.156000000000000000e+04
1.135000000000000000e+04
1.041000000000000000e+04
1.063000000000000000e+04
1.065000000000000000e+04
1.051000000000000000e+04
1.094000000000000000e+04
1.235000000000000000e+04
1.051000000000000000e+04
1.097000000000000000e+04
1.001000000000000000e+04
1.055000000000000000e+04
1.075000000000000000e+04
1.135000000000000000e+04
1.008000000000000000e+04
1.041000000000000000e+04
1.073000000000000000e+04
1.143000000000000000e+04
9.680000000000000000e+03
1.044000000000000000e+04
1.038000000000000000e+04
1.056000000000000000e+04
1.196000000000000000e+04
1.035000000000000000e+04
1.066000000000000000e+04
1.062000000000000000e+04
9.530000000000000000e+03
1.002000000000000000e+04
1.117000000000000000e+04
1.167000000000000000e+04
1.188000000000000000e+04
1.075000000000000000e+04
1.085000000000000000e+04
1.071000000000000000e+04
1.050000000000000000e+04
1.101000000000000000e+04
1.074000000000000000e+04
1.063000000000000000e+04
1.104000000000000000e+04
1.014000000000000000e+04
9.750000000000000000e+03
1.085000000000000000e+04
1.002000000000000000e+04
1.197000000000000000e+04
1.076000000000000000e+04
1.047000000000000000e+04
1.025000000000000000e+04
9.670000000000000000e+03
1.013000000000000000e+04
1.046000000000000000e+04
1.010000000000000000e+04
1.013000000000000000e+04
1.083000000000000000e+04
1.045000000000000000e+04
9.520000000000000000e+03
1.043000000000000000e+04
1.004000000000000000e+04
1.085000000000000000e+04
1.002000000000000000e+04
1.032000000000000000e+04
1.048000000000000000e+04
1.052000000000000000e+04
1.186000000000000000e+04
1.024000000000000000e+04
1.095000000000000000e+04
1.162000000000000000e+04
1.060000000000000000e+04
1.152000000000000000e+04
1.078000000000000000e+04
1.077000000000000000e+04
1.084000000000000000e+04
1.126000000000000000e+04
1.151000000000000000e+04
1.091000000000000000e+04
1.009000000000000000e+04
1.032000000000000000e+04
9.950000000000000000e+03
1.043000000000000000e+04
1.041000000000000000e+04
9.550000000000000000e+03
1.140000000000000000e+04
1.100000000000000000e+04
1.010000000000000000e+04
1.131000000000000000e+04
9.540000000000000000e+03
1.065000000000000000e+04
1.143000000000000000e+04
9.970000000000000000e+03
1.010000000000000000e+04
9.990000000000000000e+03
1.096000000000000000e+04
1.074000000000000000e+04
9.780000000000000000e+03
1.074000000000000000e+04
1.113000000000000000e+04
1.005000000000000000e+04
1.041000000000000000e+04
9.760000000000000000e+03
1.108000000000000000e+04
1.096000000000000000e+04
1.146000000000000000e+04
1.026000000000000000e+04
9.930000000000000000e+03
1.184000000000000000e+04
1.015000000000000000e+04
1.132000000000000000e+04
1.100000000000000000e+04
9.140000000000000000e+03
1.037000000000000000e+04
1.014000000000000000e+04
1.038000000000000000e+04
9.660000000000000000e+03
1.149000000000000000e+04
1.139000000000000000e+04
1.090000000000000000e+04
9.480000000000000000e+03
1.006000000000000000e+04
1.028000000000000000e+04
1.104000000000000000e+04
1.073000000000000000e+04
1.075000000000000000e+04
9.910000000000000000e+03
1.099000000000000000e+04
9.980000000000000000e+03
1.034000000000000000e+04
1.111000000000000000e+04
1.093000000000000000e+04
1.025000000000000000e+04
9.450000000000000000e+03
1.159000000000000000e+04
9.890000000000000000e+03
1.059000000000000000e+04
1.084000000000000000e+04
1.109000000000000000e+04
1.143000000000000000e+04
1.095000000000000000e+04
9.380000000000000000e+03
9.620000000000000000e+03
9.760000000000000000e+03
1.128000000000000000e+04
1.005000000000000000e+04
1.043000000000000000e+04
1.102000000000000000e+04
1.063000000000000000e+04
9.840000000000000000e+03
9.430000000000000000e+03
1.055000000000000000e+04
1.074000000000000000e+04
1.104000000000000000e+04
1.006000000000000000e+04
1.034000000000000000e+04
9.830000000000000000e+03
1.089000000000000000e+04
1.013000000000000000e+04
1.120000000000000000e+04
9.770000000000000000e+03
1.052000000000000000e+04
1.011000000000000000e+04
1.022000000000000000e+04
1.038000000000000000e+04
1.071000000000000000e+04
9.450000000000000000e+03
1.035000000000000000e+04
1.028000000000000000e+04
1.049000000000000000e+04
9.600000000000000000e+03
1.132000000000000000e+04
1.074000000000000000e+04
1.079000000000000000e+04
1.051000000000000000e+04
9.520000000000000000e+03
1.012000000000000000e+04
9.860000000000000000e+03
1.006000000000000000e+04
1.140000000000000000e+04
1.078000000000000000e+04
1.054000000000000000e+04
1.052000000000000000e+04
9.550000000000000000e+03
1.005000000000000000e+04
1.095000000000000000e+04
1.018000000000000000e+04
1.181000000000000000e+04
9.800000000000000000e+03
1.019000000000000000e+04
1.066000000000000000e+04
1.115000000000000000e+04
1.064000000000000000e+04
1.140000000000000000e+04
1.199000000000000000e+04
9.900000000000000000e+03
9.940000000000000000e+03
1.152000000000000000e+04
9.960000000000000000e+03
1.056000000000000000e+04
1.074000000000000000e+04
1.015000000000000000e+04
9.840000000000000000e+03
1.046000000000000000e+04
1.049000000000000000e+04
1.094000000000000000e+04
1.128000000000000000e+04
9.630000000000000000e+03
1.032000000000000000e+04
1.045000000000000000e+04
9.980000000000000000e+03
9.340000000000000000e+03
9.900000000000000000e+03
1.110000000000000000e+04
9.790000000000000000e+03
1.089000000000000000e+04
1.077000000000000000e+04
1.085000000000000000e+04
1.029000000000000000e+04
9.920000000000000000e+03
1.203000000000000000e+04
9.790000000000000000e+03
9.520000000000000000e+03
1.002000000000000000e+04
9.700000000000000000e+03
9.980000000000000000e+03
9.860000000000000000e+03
1.043000000000000000e+04
1.058000000000000000e+04
1.059000000000000000e+04
1.060000000000000000e+04
1.024000000000000000e+04
1.062000000000000000e+04
1.116000000000000000e+04
9.560000000000000000e+03
1.093000000000000000e+04
9.470000000000000000e+03
1.047000000000000000e+04
1.089000000000000000e+04
1.008000000000000000e+04
9.930000000000000000e+03
1.073000000000000000e+04
1.041000000000000000e+04
1.047000000000000000e+04
9.810000000000000000e+03
1.086000000000000000e+04
1.043000000000000000e+04
1.145000000000000000e+04
1.091000000000000000e+04
1.005000000000000000e+04
1.026000000000000000e+04
1.062000000000000000e+04
1.099000000000000000e+04
9.570000000000000000e+03
1.050000000000000000e+04
9.690000000000000000e+03
1.108000000000000000e+04
1.077000000000000000e+04
1.106000000000000000e+04
9.990000000000000000e+03
9.750000000000000000e+03
1.086000000000000000e+04
9.960000000000000000e+03
1.133000000000000000e+04
1.063000000000000000e+04
9.650000000000000000e+03
9.910000000000000000e+03
1.124000000000000000e+04
1.004000000000000000e+04
1.077000000000000000e+04
1.089000000000000000e+04
1.083000000000000000e+04
1.020000000000000000e+04
9.960000000000000000e+03
1.072000000000000000e+04
1.058000000000000000e+04
1.133000000000000000e+04
1.010000000000000000e+04
9.360000000000000000e+03
1.108000000000000000e+04
9.440000000000000000e+03
9.590000000000000000e+03
9.920000000000000000e+03
1.034000000000000000e+04
9.940000000000000000e+03
1.078000000000000000e+04
9.790000000000000000e+03
1.003000000000000000e+04
1.089000000000000000e+04
9.720000000000000000e+03
1.041000000000000000e+04
1.011000000000000000e+04
1.081000000000000000e+04
1.097000000000000000e+04
1.003000000000000000e+04
9.880000000000000000e+03
1.084000000000000000e+04
9.410000000000000000e+03
1.021000000000000000e+04
1.037000000000000000e+04
9.640000000000000000e+03
1.011000000000000000e+04
1.040000000000000000e+04
8.880000000000000000e+03
8.970000000000000000e+03
1.037000000000000000e+04
1.018000000000000000e+04
9.330000000000000000e+03
1.038000000000000000e+04
9.840000000000000000e+03
9.630000000000000000e+03
1.070000000000000000e+04
1.053000000000000000e+04
9.890000000000000000e+03
1.187000000000000000e+04
1.152000000000000000e+04
9.830000000000000000e+03
1.058000000000000000e+04
1.006000000000000000e+04
1.058000000000000000e+04
9.610000000000000000e+03
9.910000000000000000e+03
1.049000000000000000e+04
1.039000000000000000e+04
9.930000000000000000e+03
9.790000000000000000e+03
9.900000000000000000e+03
9.880000000000000000e+03
1.002000000000000000e+04
1.166000000000000000e+04
1.032000000000000000e+04
9.900000000000000000e+03
1.042000000000000000e+04
1.013000000000000000e+04
1.040000000000000000e+04
1.071000000000000000e+04
1.039000000000000000e+04
9.400000000000000000e+03
1.017000000000000000e+04
1.032000000000000000e+04
1.058000000000000000e+04
1.061000000000000000e+04
9.980000000000000000e+03
1.122000000000000000e+04
1.064000000000000000e+04
9.860000000000000000e+03
1.091000000000000000e+04
1.058000000000000000e+04
1.083000000000000000e+04
1.007000000000000000e+04
1.117000000000000000e+04
1.053000000000000000e+04
1.163000000000000000e+04
1.005000000000000000e+04
1.080000000000000000e+04
1.066000000000000000e+04
1.108000000000000000e+04
1.079000000000000000e+04
1.030000000000000000e+04
9.960000000000000000e+03
1.043000000000000000e+04
1.012000000000000000e+04
9.680000000000000000e+03
1.026000000000000000e+04
1.122000000000000000e+04
1.028000000000000000e+04
1.040000000000000000e+04
1.072000000000000000e+04
1.100000000000000000e+04
1.092000000000000000e+04
1.066000000000000000e+04
9.610000000000000000e+03
1.015000000000000000e+04
1.079000000000000000e+04
1.075000000000000000e+04
1.016000000000000000e+04
1.003000000000000000e+04
8.540000000000000000e+03
1.028000000000000000e+04
1.092000000000000000e+04
9.950000000000000000e+03
1.049000000000000000e+04
1.051000000000000000e+04
1.090000000000000000e+04
9.410000000000000000e+03
1.080000000000000000e+04
9.530000000000000000e+03
9.730000000000000000e+03
9.780000000000000000e+03
1.000000000000000000e+04
1.044000000000000000e+04
9.590000000000000000e+03
1.110000000000000000e+04
1.034000000000000000e+04
9.810000000000000000e+03
1.011000000000000000e+04
1.013000000000000000e+04
1.041000000000000000e+04
1.042000000000000000e+04
9.650000000000000000e+03
1.031000000000000000e+04
1.128000000000000000e+04
1.031000000000000000e+04
1.051000000000000000e+04
9.900000000000000000e+03
1.037000000000000000e+04
9.990000000000000000e+03
9.340000000000000000e+03
1.036000000000000000e+04
1.083000000000000000e+04
1.025000000000000000e+04
9.670000000000000000e+03
1.151000000000000000e+04
9.120000000000000000e+03
1.170000000000000000e+04
1.030000000000000000e+04
1.051000000000000000e+04
1.032000000000000000e+04
1.024000000000000000e+04
1.211000000000000000e+04
1.073000000000000000e+04
9.660000000000000000e+03
1.012000000000000000e+04
1.091000000000000000e+04
1.059000000000000000e+04
1.028000000000000000e+04
1.085000000000000000e+04
1.009000000000000000e+04
1.000000000000000000e+04
9.490000000000000000e+03
1.043000000000000000e+04
1.002000000000000000e+04
1.072000000000000000e+04
1.075000000000000000e+04
1.007000000000000000e+04
1.092000000000000000e+04
9.920000000000000000e+03
1.058000000000000000e+04
1.086000000000000000e+04
1.118000000000000000e+04
1.015000000000000000e+04
1.006000000000000000e+04
1.120000000000000000e+04
9.980000000000000000e+03
9.940000000000000000e+03
1.015000000000000000e+04
9.470000000000000000e+03
1.060000000000000000e+04
1.015000000000000000e+04
1.070000000000000000e+04
9.930000000000000000e+03
1.101000000000000000e+04
1.129000000000000000e+04
1.080000000000000000e+04
9.850000000000000000e+03
1.052000000000000000e+04
1.025000000000000000e+04
9.210000000000000000e+03
1.000000000000000000e+04
1.011000000000000000e+04
1.001000000000000000e+04
1.154000000000000000e+04
9.390000000000000000e+03
9.760000000000000000e+03
1.013000000000000000e+04
9.950000000000000000e+03
1.031000000000000000e+04
1.008000000000000000e+04
1.068000000000000000e+04
1.003000000000000000e+04
1.077000000000000000e+04
1.067000000000000000e+04
9.670000000000000000e+03
9.200000000000000000e+03
1.006000000000000000e+04
1.074000000000000000e+04
9.800000000000000000e+03
9.880000000000000000e+03
9.040000000000000000e+03
1.005000000000000000e+04
1.074000000000000000e+04
1.000000000000000000e+04
1.038000000000000000e+04
1.112000000000000000e+04
1.073000000000000000e+04
9.110000000000000000e+03
1.107000000000000000e+04
1.066000000000000000e+04
1.025000000000000000e+04
1.017000000000000000e+04
1.092000000000000000e+04
1.036000000000000000e+04
1.026000000000000000e+04
1.031000000000000000e+04
9.750000000000000000e+03
1.072000000000000000e+04
9.240000000000000000e+03
1.066000000000000000e+04
1.063000000000000000e+04
