50.180
59.077
58.306
60.827
61.167
59.677
58.990
50.349
60.104
71.183
58.619
58.999
50.132
59.798
59.969
60.778
60.241
49.625
49.726
58.395
49.794
59.318
60.177
60.080
59.629
60.425
59.350
60.257
60.288
59.925
61.449
59.390
49.084
58.394
49.254
60.437
69.120
61.285
49.105
59.393
50.528
48.030
50.478
51.565
49.173
60.462
62.054
58.937
61.257
50.090
51.564
58.526
61.133
51.077
51.207
49.074
48.204
59.420
61.809
59.947
60.794
49.385
50.265
48.304
50.660
58.912
59.310
51.674
49.309
58.925
59.151
48.292
57.746
59.675
50.438
49.063
60.099
60.496
60.517
48.824
60.340
59.964
60.025
60.068
59.694
60.881
57.738
51.166
59.073
49.399
49.556
59.840
47.811
51.069
59.288
51.341
50.810
58.697
59.347
59.663
59.325
57.760
49.166
59.671
60.098
57.896
60.780
48.610
49.889
50.703
48.108
47.767
50.115
61.571
48.487
49.122
59.682
59.381
48.844
60.054
59.470
69.673
48.854
60.791
50.177
58.984
48.025
67.972
58.283
58.381
49.055
49.817
60.339
50.084
50.477
61.100
58.232
72.431
50.392
49.026
59.613
49.444
50.978
58.957
60.808
59.966
50.659
59.235
50.861
61.296
51.152
60.033
58.831
59.707
49.376
51.631
59.047
59.082
59.456
62.055
51.724
72.737
49.921
50.546
51.494
63.788
58.660
49.349
59.736
60.085
59.551
69.624
57.619
49.654
60.301
61.136
50.070
59.830
48.333
57.822
49.187
49.697
49.501
50.506
59.850
60.345
60.184
49.048
62.242
50.934
59.497
58.276
57.908
51.018
61.006
49.747
58.855
48.214
60.174
51.437
60.324
49.513
58.429
48.583
60.584
48.874
59.447
50.223
59.333
62.216
59.327
49.757
60.546
51.425
58.247
57.856
50.023
61.750
61.071
60.307
51.147
59.063
39.792
50.303
51.732
61.578
49.825
58.751
60.179
48.529
50.048
60.318
51.013
59.854
59.209
59.333
58.664
49.221
60.812
59.472
58.581
59.864
60.725
60.351
49.249
50.025
59.208
49.347
50.307
50.315
48.085
61.639
57.853
61.615
61.687
70.436
49.594
50.407
49.126
50.035
61.458
60.173
60.140
60.226
59.430
50.037
49.432
58.847
59.581
59.689
58.297
59.467
50.473
50.859
60.629
49.596
59.071
60.876
59.545
60.292
49.406
49.467
57.870
48.388
58.974
50.205
49.508
59.409
58.638
70.019
48.085
58.890
49.604
69.934
60.626
59.988
49.708
49.357
58.747
59.017
48.255
49.621
49.017
60.643
50.939
50.642
62.313
61.018
50.903
60.040
60.516
48.704
61.398
48.654
50.173
49.798
60.676
61.387
58.966
69.402
61.578
49.729
60.136
58.852
59.775
60.595
59.347
48.181
50.449
50.108
49.980
49.830
60.404
50.030
59.965
61.175
57.808
50.022
48.701
50.461
62.808
59.634
47.317
49.859
50.290
51.126
48.513
50.018
50.683
49.167
50.484
60.990
58.868
61.916
58.938
49.766
50.838
51.418
61.209
61.126
50.201
60.895
50.171
49.843
60.628
51.336
59.011
60.887
60.093
50.375
61.138
51.337
49.720
60.530
49.108
49.165
51.174
60.522
50.892
58.396
50.114
49.768
61.815
49.956
50.614
49.985
69.102
49.723
57.900
60.806
60.712
49.130
50.115
50.525
49.871
61.149
50.758
50.673
50.022
48.772
60.211
59.600
71.835
50.498
51.209
52.004
49.816
61.193
60.422
61.369
61.862
60.248
59.643
61.299
60.744
49.573
50.313
60.627
59.997
49.819
51.185
59.276
49.928
48.610
49.134
59.993
50.800
49.711
51.716
58.418
60.889
49.518
50.396
59.844
60.366
61.393
49.833
52.089
59.313
61.508
58.638
60.514
49.477
62.996
60.628
60.716
51.575
59.097
69.113
50.863
49.392
60.962
50.603
59.140
59.455
59.523
61.835
48.348
60.235
50.945
50.000
58.316
49.307
50.267
60.072
51.868
63.109
50.873
49.479
49.506
62.203
61.897
49.419
61.314
69.950
59.879
61.331
59.987
60.861
59.514
58.451
72.053
60.688
60.167
49.790
48.955
49.658
49.274
60.942
59.385
49.834
50.867
60.012
50.763
49.231
48.842
48.881
59.235
48.615
59.455
61.303
58.824
51.340
60.359
51.924
59.798
61.655
60.125
49.467
51.103
49.973
59.182
50.831
59.709
50.313
59.921
60.373
59.536
59.611
60.262
51.475
51.455
60.021
49.690
61.268
49.867
59.434
59.827
49.174
50.721
50.860
59.953
59.322
60.024
59.575
61.296
50.553
50.423
60.689
51.806
59.330
61.717
50.364
60.360
48.677
62.535
48.479
60.032
51.789
59.664
50.802
61.047
59.096
50.173
60.024
60.266
60.655
60.507
50.368
71.749
48.087
49.188
51.203
58.182
50.770
60.653
50.865
51.081
59.455
61.064
49.837
59.697
51.263
60.686
69.956
70.740
49.825
62.023
59.861
48.260
62.070
51.277
61.518
50.153
72.368
61.300
60.844
50.200
60.917
49.597
61.705
49.955
57.357
60.212
59.235
59.889
51.614
59.561
51.627
59.336
60.212
57.277
49.931
50.166
60.388
50.918
61.864
60.119
50.810
59.118
51.168
60.605
50.948
61.621
51.155
50.044
59.418
59.628
58.552
70.603
62.167
49.548
50.159
62.790
61.914
61.881
52.008
59.987
51.073
49.835
61.588
48.515
60.428
60.122
58.484
60.430
48.353
48.901
60.226
60.731
50.302
52.405
60.246
59.795
50.484
61.348
51.026
49.314
50.420
59.108
60.098
60.138
58.885
49.980
60.312
40.307
58.290
49.327
59.314
61.635
71.522
50.913
48.466
59.407
49.757
60.254
60.625
49.486
59.970
60.341
60.253
62.326
58.344
50.158
58.012
50.407
59.989
60.804
49.697
59.932
59.136
61.146
49.338
61.301
62.058
48.831
61.327
63.204
60.932
61.786
70.436
60.118
58.490
49.256
59.133
51.013
59.274
48.893
61.752
60.650
60.846
57.995
51.167
48.050
50.872
61.094
60.632
61.595
60.835
60.756
49.071
50.726
50.235
51.256
50.071
61.271
60.882
49.824
49.188
59.863
58.348
49.794
49.067
61.683
49.616
48.558
59.054
61.051
60.081
60.102
48.359
61.508
49.832
50.541
61.609
52.024
50.989
49.663
59.820
58.914
58.922
61.441
50.544
60.919
50.221
61.033
63.501
51.590
60.596
51.025
61.725
58.309
62.320
60.541
49.415
49.706
58.642
47.761
51.253
51.076
50.968
50.236
50.840
58.611
49.395
50.417
70.168
63.012
60.395
50.475
49.861
69.665
50.196
49.732
60.632
60.722
62.346
60.229
61.120
69.082
60.852
49.838
50.724
50.645
60.560
49.972
61.421
60.179
60.833
62.414
50.293
59.254
63.020
50.168
49.482
50.987
61.274
61.315
60.994
59.716
50.331
62.351
61.276
49.599
50.120
59.675
59.821
59.226
59.706
62.179
59.259
49.085
50.934
59.625
51.525
59.616
49.351
60.565
51.922
61.391
50.979
50.625
60.831
50.471
59.867
51.404
49.861
60.842
49.826
60.621
59.857
61.605
60.247
49.491
61.023
80.884
50.082
58.970
52.174
51.915
52.251
59.118
50.661
62.031
50.424
50.561
48.690
49.016
61.463
49.365
48.971
60.152
52.020
59.499
60.544
60.051
58.418
50.501
49.738
59.767
49.517
51.349
51.398
50.160
48.832
49.816
48.869
48.750
49.611
62.534
48.085
51.358
61.743
59.788
60.917
61.699
50.004
48.984
50.513
61.259
49.164
60.090
48.662
59.678
61.079
59.172
50.067
50.368
50.758
50.750
59.155
60.715
72.028
51.140
51.135
50.214
50.216
50.745
49.762
61.846
59.134
50.170
62.373
59.045
49.850
52.074
59.302
51.064
50.717
62.292
52.252
59.567
60.141
60.543
60.938
60.365
48.566
60.696
51.839
52.870
61.433
60.110
60.438
60.480
50.347
60.471
50.909
58.699
62.151
60.551
59.221
51.599
48.660
48.588
50.514
60.843
61.198
60.487
49.282
60.899
50.275
50.784
50.135
61.411
49.723
52.058
61.234
50.615
70.692
62.838
61.023
59.133
49.800
51.579
49.159
51.470
47.787
58.728
60.903
49.780
50.943
50.276
59.742
62.137
48.991
51.470
50.460
63.809
50.809
63.124
61.138
50.901
51.473
59.724
59.706
59.518
60.164
61.615
50.286
49.194
51.675
61.383
62.329
58.632
51.925
49.795
59.856
61.128
62.301
50.502
62.319
62.077
50.303
50.040
49.683
48.617
50.536
61.407
50.815
52.454
