0.757
0.685
0.889
1.172
1.163
0.929
0.911
1.138
0.748
0.679
0.998
0.798
0.918
0.951
0.805
1.102
0.840
1.048
1.087
1.072
0.820
0.704
0.900
0.989
0.962
0.858
1.015
0.876
0.953
0.714
0.813
1.071
1.236
0.826
0.739
1.011
0.895
0.911
0.814
0.949
0.931
0.937
0.867
0.775
0.826
1.009
0.774
0.695
0.826
0.812
0.843
0.992
0.776
1.029
0.865
0.865
0.893
0.946
0.980
0.867
0.765
1.048
0.829
0.796
0.728
0.954
0.941
0.833
1.138
1.048
1.155
1.085
1.116
1.208
1.120
0.865
0.919
0.959
0.859
0.894
0.889
0.838
1.132
0.872
0.982
0.935
0.785
0.872
0.939
1.025
1.006
0.989
0.785
1.012
0.913
1.031
0.896
0.889
0.820
0.782
1.099
0.923
0.892
1.021
0.975
0.893
0.885
1.195
0.966
0.973
0.868
0.885
0.870
1.002
0.939
0.705
1.109
0.946
0.858
0.783
1.104
0.808
0.950
1.010
0.777
0.837
1.002
1.023
0.976
1.024
1.176
0.988
0.732
1.165
0.920
1.062
1.313
0.932
0.874
0.840
0.909
0.984
1.086
0.763
0.798
0.996
0.921
0.801
0.901
0.909
0.904
1.070
1.021
0.849
1.112
1.248
0.782
0.876
0.926
1.156
1.033
0.878
0.964
0.890
0.804
0.951
0.842
0.928
1.003
0.779
1.104
0.947
0.812
0.777
1.029
1.118
0.975
0.815
0.901
0.938
0.911
1.010
1.027
0.917
0.863
0.845
0.973
0.765
0.948
0.853
0.840
1.048
0.839
0.927
0.968
0.730
0.916
0.901
0.797
1.027
0.956
1.072
0.888
0.705
0.951
0.908
0.883
0.848
0.719
0.972
0.986
1.003
0.919
0.720
0.940
0.941
0.918
0.915
0.999
0.845
1.259
0.922
0.787
0.852
1.020
0.717
0.884
0.905
0.991
0.831
0.809
1.058
1.115
0.923
0.972
0.718
0.676
0.749
0.712
0.880
0.799
0.890
1.029
1.227
0.902
1.034
0.748
1.009
0.832
1.173
0.737
0.925
0.908
0.973
1.153
0.871
0.887
1.036
0.910
0.771
1.010
0.880
0.813
0.930
1.097
0.845
0.925
0.832
0.725
0.851
1.108
0.834
0.685
0.877
0.913
0.938
0.788
0.876
0.853
0.848
0.657
0.992
0.839
0.756
0.811
0.843
1.168
0.934
0.940
0.797
0.838
0.864
0.954
0.982
0.898
0.778
0.901
1.002
0.873
0.901
0.816
0.923
0.744
0.839
0.848
0.759
0.956
0.736
0.872
1.026
0.945
0.805
0.972
0.885
1.125
1.045
0.945
0.906
1.038
0.902
1.127
0.945
0.903
0.941
0.974
1.166
1.004
1.093
1.190
0.811
0.758
0.744
0.913
0.937
0.833
0.882
0.743
0.790
1.091
0.898
1.026
0.877
1.081
0.734
0.967
1.148
1.172
0.871
0.860
0.795
0.840
1.058
0.891
0.994
0.912
0.861
0.940
0.998
0.782
0.863
0.918
0.922
0.915
0.889
0.992
0.777
0.902
0.953
1.050
0.816
0.893
0.884
0.961
0.795
1.046
0.936
0.856
0.992
0.894
0.988
0.785
0.930
0.913
0.916
0.905
1.003
0.908
0.831
0.984
0.830
1.003
0.696
0.917
0.724
0.761
0.818
0.785
0.887
0.846
0.811
0.879
1.026
0.816
0.840
0.901
1.169
0.996
0.893
1.017
0.781
0.937
0.972
0.742
0.762
0.900
0.742
0.773
0.962
0.755
0.686
0.791
0.818
0.949
1.153
1.038
1.059
0.910
1.127
0.898
0.914
0.896
0.766
0.923
0.877
0.991
0.924
0.912
0.750
0.694
0.784
0.842
0.875
1.023
0.810
0.965
0.848
0.831
0.886
0.973
0.912
0.921
0.702
0.840
0.988
0.866
0.857
0.914
1.022
0.981
0.771
0.815
1.028
0.757
0.835
0.929
0.929
0.817
0.787
0.832
0.717
0.826
1.116
0.947
0.933
0.847
0.987
0.774
0.996
0.847
1.240
0.849
0.831
0.992
0.861
0.864
0.984
0.726
0.985
1.165
0.837
0.907
0.978
0.937
0.857
0.815
0.987
0.908
1.136
0.907
0.762
0.817
0.858
0.635
0.867
0.822
0.768
0.736
0.877
0.858
0.844
0.841
0.772
0.848
0.897
0.898
0.841
1.113
1.161
0.965
1.038
0.959
0.966
0.857
0.931
0.828
0.693
0.856
0.707
0.848
0.927
0.681
0.936
0.742
1.080
0.670
0.792
0.828
0.828
0.985
0.760
1.013
1.062
1.053
1.033
0.836
0.839
0.967
0.909
0.892
0.969
0.852
0.989
0.964
0.771
0.627
0.869
0.848
0.841
0.689
1.003
0.825
0.963
0.861
0.850
0.977
0.806
0.763
0.762
1.110
1.108
0.684
0.955
0.843
0.917
0.956
0.855
0.939
0.820
0.838
0.831
0.804
0.869
0.934
0.791
0.786
0.810
0.840
0.834
0.785
0.872
0.875
0.729
1.023
0.939
1.003
0.875
0.889
0.950
0.818
0.976
0.942
0.974
0.834
0.825
0.796
0.833
0.836
0.924
0.905
0.808
0.798
0.917
0.901
0.776
0.874
0.774
0.828
1.089
0.864
0.786
0.899
0.926
0.912
1.090
0.888
1.029
0.919
1.002
0.751
0.852
0.920
0.875
0.865
1.012
0.902
0.928
0.870
0.763
0.976
0.904
0.795
0.771
0.949
0.822
0.874
0.791
0.789
0.784
0.985
1.024
0.862
0.870
0.905
0.787
1.105
0.914
0.774
0.754
0.858
0.853
0.900
0.823
0.933
0.854
0.909
0.755
0.887
0.803
0.691
0.742
0.877
0.890
0.849
1.015
0.855
0.885
0.807
0.987
0.868
0.741
0.741
0.793
0.779
0.925
0.811
0.910
0.817
0.835
1.066
0.902
0.871
0.901
1.074
1.268
0.920
0.798
0.779
0.909
0.773
0.980
0.963
0.878
0.800
0.864
1.086
1.030
1.070
1.000
0.910
0.812
1.027
0.762
0.673
1.051
1.119
0.877
1.175
0.913
0.879
0.866
0.924
0.794
0.874
0.824
0.673
0.982
0.771
0.993
0.719
0.992
0.990
0.999
1.293
0.867
0.850
0.995
0.864
0.832
0.829
0.699
0.970
0.920
1.096
0.822
0.768
0.807
0.978
0.881
0.973
0.887
1.074
0.905
0.962
1.047
0.869
0.983
1.075
0.837
0.992
1.058
0.868
0.992
0.816
0.773
0.826
0.954
0.811
0.846
1.025
0.832
0.773
0.874
0.971
0.901
0.867
0.823
0.882
0.976
0.925
0.879
0.857
0.924
0.749
0.716
1.072
1.001
0.874
0.758
0.814
0.926
1.013
0.795
0.977
0.739
0.810
0.943
0.883
0.779
0.879
0.812
0.782
1.005
0.780
0.803
0.683
1.242
0.960
0.987
0.804
0.743
0.848
0.846
1.000
0.838
1.010
0.945
1.027
0.768
0.875
0.986
0.998
0.898
0.907
0.798
0.941
0.712
0.997
0.980
1.031
0.937
0.863
0.897
0.888
0.987
0.961
0.832
0.922
0.775
0.831
1.020
0.844
0.843
0.722
0.796
0.976
0.771
0.877
0.914
0.996
0.893
0.886
0.703
0.844
1.137
0.799
0.841
0.977
1.016
0.884
1.104
1.024
0.725
0.764
0.927
0.956
1.087
0.913
0.946
0.912
0.769
0.863
0.865
0.816
0.803
0.810
0.972
0.764
0.929
0.858
0.905
0.950
0.926
0.847
0.835
0.976
0.608
0.808
0.829
0.952
0.948
0.978
0.944
0.810
0.880
1.179
1.133
0.841
0.874
0.706
0.958
0.858
0.915
0.783
0.956
0.783
1.053
0.810
0.847
0.835
0.799
0.846
1.079
0.931
0.910
1.082
0.777
1.046
0.848
1.074
0.941
1.023
0.960
0.816
0.857
0.980
1.104
1.146
0.875
0.839
0.971
0.844
0.957
1.009
0.812
0.852
0.858
0.808
1.001
1.032
0.832
0.914
0.955
0.763
0.776
0.984
0.974
1.129
0.875
0.896
0.899
0.937
0.980
1.043
0.970
1.113
0.737
1.044
0.859
0.838
1.001
1.007
0.889
0.816
0.966
0.887
0.982
0.893
1.057
1.031
0.769
0.971
0.821
1.088
0.753
0.696
0.983
0.778
0.832
0.831
0.898
0.831
0.593
0.849
1.004
0.817
0.857
0.802
0.915
1.037
0.730
0.888
0.924
0.757
0.667
0.859
0.853
0.925
0.894
1.134
0.642
1.077
0.872
1.080
0.882
0.889
0.933
1.070
0.837
0.988
0.763
0.754
0.769
0.848
0.929
0.673
1.034
0.863
0.861
0.861
0.905
0.846
0.982
0.851
0.950
0.798
0.808
0.876
0.928
0.822
0.867
0.936
1.049
1.158
0.804
0.954
0.833
0.883
0.806
0.913
0.792
0.806
0.733
1.102
0.808
0.764
0.882
0.892
1.098
0.779
0.865
0.917
0.761
0.753
0.939
1.122
0.803
0.763
0.956
0.800
0.749
0.951
0.878
0.793
0.871
0.949
1.004
0.843
0.904
0.964
0.697
0.916
0.769
0.930
0.815
0.775
0.850
0.899
0.752
0.794
0.764
0.957
1.161
0.673
1.253
0.728
0.831
1.011
0.848
0.951
0.874
0.772
0.864
0.866
0.694
0.894
0.975
1.061
0.972
0.926
0.933
0.796
1.044
0.800
1.003
0.952
0.858
0.789
0.785
0.816
0.989
0.773
0.669
0.910
0.822
0.651
0.885
0.989
1.068
0.807
0.756
0.870
0.793
0.934
1.079
1.041
0.707
0.864
0.953
0.946
0.996
0.879
0.934
1.006
0.924
0.959
0.983
0.867
0.885
1.186
1.118
0.986
0.976
0.849
0.773
0.975
0.879
0.766
0.725
0.809
0.776
0.912
0.814
1.113
0.846
0.854
1.005
1.268
1.025
0.857
0.696
0.821
0.825
0.859
0.850
0.988
1.069
0.890
0.929
0.900
1.213
0.858
0.755
0.906
0.795
0.868
0.830
0.899
1.025
0.929
0.942
0.857
0.950
0.949
0.883
0.823
0.874
1.030
0.857
0.911
0.862
0.835
0.849
1.066
0.943
0.978
1.047
0.926
0.837
1.120
0.974
0.890
0.886
0.692
0.836
0.934
0.946
1.071
0.948
0.821
0.807
0.760
0.913
0.934
0.965
0.990
0.902
0.894
0.948
0.749
0.795
0.998
0.786
0.858
0.996
0.894
0.849
0.781
1.023
1.006
0.976
0.830
0.727
0.920
0.762
0.827
0.829
0.699
0.825
0.992
0.876
0.864
0.840
1.059
0.851
0.958
1.025
0.699
0.993
0.914
0.798
0.995
0.822
0.814
0.929
1.187
0.833
0.870
0.670
0.916
0.901
1.133
0.852
0.836
0.745
0.945
0.854
1.225
0.866
0.897
0.814
0.631
1.023
0.883
0.709
0.871
0.804
0.864
1.006
0.825
0.955
0.978
1.133
0.919
0.847
0.842
0.842
0.982
0.977
0.962
0.699
0.873
1.200
0.983
0.776
0.864
0.986
0.943
0.822
0.879
0.975
0.871
0.987
0.688
0.859
0.882
0.842
0.840
0.829
1.162
0.943
0.819
0.907
0.877
0.967
0.882
0.813
1.021
1.006
1.003
0.950
0.948
0.818
0.963
1.044
0.845
0.839
0.840
0.787
0.767
0.839
0.941
0.901
0.872
0.818
0.849
0.778
0.735
1.034
0.963
0.840
0.850
0.847
0.893
0.961
0.960
0.822
0.882
0.873
0.847
0.864
0.846
0.953
0.729
0.835
0.987
0.858
0.814
0.904
0.888
1.009
0.822
0.933
0.756
0.641
0.777
0.864
1.120
0.897
1.047
1.006
0.874
0.979
1.008
0.880
0.781
1.073
0.730
1.083
0.968
0.940
0.876
0.867
1.104
0.891
0.807
0.753
1.034
1.007
0.855
1.104
0.833
0.902
0.691
0.713
1.013
1.010
0.928
0.951
0.891
1.021
1.059
0.898
0.799
1.046
0.887
0.840
0.998
0.747
0.908
0.865
0.694
1.072
0.742
0.875
0.929
0.853
0.742
0.891
0.773
0.815
0.878
1.025
1.111
0.875
0.873
0.862
0.954
1.030
0.884
0.929
0.921
0.783
0.925
0.756
0.905
1.232
1.272
0.929
0.754
0.944
1.144
0.773
0.848
0.927
0.994
0.948
0.980
0.957
0.921
1.195
1.048
0.989
0.985
1.010
0.795
0.683
1.116
0.951
0.800
1.063
1.085
0.935
0.738
1.017
0.812
0.858
0.927
0.852
0.917
0.656
0.964
1.020
1.134
1.009
0.882
0.833
0.775
0.909
0.877
0.800
1.013
0.834
0.991
1.106
0.891
0.865
0.830
1.091
0.765
1.196
0.997
0.839
0.669
0.958
1.092
0.681
0.867
0.985
0.694
0.940
1.032
0.845
0.908
1.052
0.707
1.038
0.990
1.237
1.153
1.027
0.768
0.976
0.973
0.919
0.942
0.858
0.977
0.748
0.871
0.879
0.853
0.816
0.817
0.790
0.903
0.961
0.906
0.736
0.660
0.829
0.734
0.930
0.884
0.975
0.756
0.930
0.982
0.828
0.866
0.742
1.110
0.876
0.780
0.627
0.748
0.866
0.684
0.847
0.891
0.880
0.998
0.852
0.755
0.963
0.864
0.870
0.939
0.744
1.110
0.991
0.830
1.043
0.837
0.872
0.812
0.979
0.769
0.894
0.937
0.784
0.835
0.968
0.977
0.857
0.938
0.824
0.865
0.805
0.880
1.033
1.000
0.850
1.152
0.826
0.682
0.970
0.775
1.151
0.856
0.959
1.040
0.884
0.686
0.912
0.987
0.851
0.944
0.771
0.993
0.886
0.885
1.061
0.769
0.837
0.916
0.944
0.950
0.788
1.036
0.802
0.857
0.853
0.834
0.922
0.919
0.996
1.011
0.910
1.131
1.077
1.082
0.955
0.904
0.721
1.021
0.885
0.936
1.097
0.928
0.892
0.933
0.887
0.935
0.863
0.969
1.180
0.837
0.920
1.077
0.940
0.874
1.117
0.747
1.000
0.865
0.777
0.751
0.930
0.919
0.861
0.916
0.913
0.897
0.816
0.978
0.884
1.051
1.102
0.983
1.026
0.754
0.661
0.824
0.797
0.950
0.750
0.893
0.886
0.766
0.949
1.178
0.761
0.892
1.072
0.831
0.893
0.802
0.933
0.800
0.890
0.810
1.070
0.832
0.851
0.833
0.942
0.775
0.853
0.797
1.066
0.913
0.764
0.980
0.890
1.019
0.821
0.913
1.136
0.692
0.805
0.855
1.124
1.110
0.744
1.118
0.842
0.935
0.891
0.922
0.917
0.789
0.855
0.778
0.764
0.936
0.930
0.805
0.742
0.820
0.817
0.892
0.896
0.676
1.002
0.727
0.820
0.945
0.925
0.997
0.923
0.900
1.114
0.926
0.920
0.745
0.960
0.734
0.691
0.812
0.598
0.921
0.976
0.986
0.703
0.725
0.825
0.998
0.696
0.908
0.945
0.933
0.800
0.894
0.719
0.941
0.962
0.955
0.866
0.759
0.838
1.033
0.851
0.917
0.832
0.921
0.932
0.661
0.794
1.029
0.912
1.046
0.778
1.167
0.838
0.806
0.921
0.921
0.797
0.945
0.960
0.771
1.027
1.070
1.025
0.858
0.749
1.006
0.744
0.810
0.926
0.802
0.984
1.051
1.061
0.884
0.787
0.848
0.784
0.875
0.956
1.011
0.756
0.836
0.765
0.815
0.821
1.039
1.289
0.875
0.807
0.802
0.956
0.790
0.905
0.941
0.780
1.033
1.108
1.181
1.112
0.703
0.765
0.811
0.831
0.887
0.840
0.844
0.952
0.885
0.930
0.830
1.071
0.847
0.835
0.864
0.929
1.469
0.747
0.909
0.771
1.033
0.793
0.734
0.803
0.844
0.834
0.861
1.110
1.008
0.988
0.825
0.847
1.050
0.785
1.169
0.905
0.698
1.030
0.714
0.860
0.851
0.853
0.804
1.014
0.881
0.983
0.698
1.122
0.948
1.013
1.205
0.920
0.872
1.044
0.838
0.887
0.864
0.780
0.808
0.874
0.866
1.164
0.841
0.874
0.912
1.086
0.949
0.875
0.876
0.852
0.928
1.025
0.743
1.116
0.902
1.270
0.786
0.887
0.717
1.008
1.061
0.785
0.785
1.076
0.790
0.833
0.880
0.834
0.931
0.858
0.899
0.721
0.932
0.796
1.000
0.794
0.854
1.001
0.973
0.925
1.097
0.919
0.892
0.958
0.967
0.834
1.169
0.831
0.803
0.771
0.908
0.778
1.034
1.001
0.749
0.749
0.792
0.819
1.008
0.869
0.973
0.926
0.859
0.829
0.984
0.930
0.767
0.820
0.788
0.995
0.826
0.884
0.760
0.893
0.750
0.921
0.852
0.962
1.058
0.901
1.120
0.940
1.264
0.901
1.017
0.904
0.967
0.867
0.875
1.144
1.045
0.797
0.979
1.013
0.859
0.987
1.091
0.888
0.819
0.808
0.941
0.953
0.874
0.892
1.159
1.046
0.825
0.967
0.780
0.888
0.803
0.990
0.870
0.870
0.899
1.068
0.883
0.741
0.925
0.874
0.905
0.832
0.890
0.817
1.050
0.813
0.744
0.846
0.854
0.976
0.952
1.005
0.938
1.060
0.963
0.825
0.889
0.913
0.686
0.936
0.669
1.078
0.967
1.077
0.759
0.756
0.997
0.785
0.889
1.049
0.958
0.756
1.091
0.946
1.008
0.898
0.816
0.853
0.754
0.975
0.859
0.809
0.740
0.761
1.052
0.976
0.823
0.708
0.875
0.668
0.770
0.936
0.901
0.850
0.731
0.940
0.823
0.900
0.959
0.834
0.901
1.105
1.090
0.927
1.029
0.891
1.013
0.959
0.890
0.994
0.840
0.824
0.932
0.789
1.088
0.885
0.832
0.969
0.982
0.905
0.690
0.902
0.901
1.092
0.917
1.002
0.857
0.880
0.909
0.917
0.713
0.677
0.785
1.212
1.093
0.939
0.997
0.833
0.807
1.001
0.848
0.887
0.864
0.934
0.893
0.988
1.045
0.960
0.834
1.223
1.003
0.812
0.917
0.801
0.903
0.845
0.882
0.857
0.856
0.868
0.836
0.830
0.786
0.928
0.884
0.744
0.777
1.005
1.022
0.887
1.122
0.990
0.871
0.910
0.928
0.694
0.952
0.970
0.689
0.787
0.861
1.094
0.819
0.916
0.822
0.874
0.959
0.975
0.824
0.802
0.872
0.986
0.903
0.995
0.858
0.724
0.853
0.923
0.847
0.863
0.816
0.926
0.763
0.797
1.078
0.847
0.886
0.989
0.685
0.805
0.883
0.901
0.782
0.897
0.812
0.856
0.927
0.994
0.871
0.850
0.903
0.907
0.968
0.825
1.104
0.916
0.722
0.776
0.709
0.841
0.824
1.070
0.734
0.930
1.008
0.822
0.845
0.817
1.028
0.844
1.112
0.953
0.744
0.828
1.118
0.879
0.982
0.991
0.928
0.796
0.933
0.954
0.796
0.946
0.715
0.869
1.010
0.776
0.745
1.027
1.073
0.895
0.974
0.963
0.796
0.714
1.054
0.677
0.788
0.805
0.852
0.793
0.745
0.717
1.059
0.829
1.367
0.761
0.923
0.899
0.721
0.886
1.100
1.101
0.856
0.872
0.946
0.755
1.089
0.911
0.816
0.904
0.889
0.834
0.977
0.961
1.328
0.989
0.879
0.941
1.026
0.784
0.903
1.016
0.859
0.878
0.886
0.792
0.907
0.856
0.888
0.887
0.960
0.970
0.942
0.934
0.828
0.960
1.193
0.961
0.836
0.939
1.112
1.127
0.988
0.847
0.975
0.879
0.868
1.029
0.929
0.959
0.898
0.909
0.821
0.852
0.804
0.675
0.996
1.242
0.999
0.828
0.984
0.862
0.833
0.699
0.857
1.213
0.804
0.945
0.798
0.973
0.695
0.759
0.710
1.012
0.993
0.824
0.849
0.780
0.929
0.950
0.849
1.068
0.817
0.756
1.032
0.987
0.903
0.823
0.819
0.796
0.783
0.872
0.830
0.927
0.790
0.983
0.894
0.846
0.989
0.859
0.787
0.852
1.050
0.916
0.794
0.847
0.849
1.084
0.968
0.943
0.689
1.028
1.195
0.862
0.752
0.821
0.805
0.823
0.829
0.815
0.912
0.872
0.872
0.794
0.873
0.843
0.899
1.095
0.850
0.947
0.968
0.894
0.912
0.637
1.167
0.985
0.893
0.860
0.763
0.781
0.785
0.961
0.973
0.901
0.787
0.819
0.954
1.110
0.856
0.757
1.119
0.920
0.833
0.782
0.853
0.819
0.765
0.920
0.799
0.859
0.741
0.811
0.976
0.880
0.825
0.768
0.933
0.864
1.005
0.925
0.833
0.725
0.953
0.952
1.131
0.936
0.860
0.770
0.912
0.834
0.742
0.963
0.755
1.096
0.874
0.739
1.043
0.883
0.851
0.964
0.763
0.797
0.828
0.734
0.676
0.936
0.895
0.992
0.974
0.908
0.952
0.652
0.856
0.845
0.769
0.917
0.833
0.892
1.029
0.723
1.086
0.827
0.725
0.779
0.957
1.156
0.873
0.826
0.961
0.947
0.817
1.003
0.978
0.700
0.879
0.969
0.956
0.892
0.803
0.916
0.736
0.786
0.838
0.832
0.960
0.837
0.757
0.726
0.807
0.863
0.804
1.306
0.883
1.130
1.106
0.831
0.871
0.974
1.150
0.817
1.196
0.966
1.001
0.831
0.912
0.769
0.805
0.861
1.104
0.787
0.885
0.746
0.901
1.028
0.757
0.781
0.901
0.812
0.783
0.924
0.906
0.648
0.911
0.841
1.033
1.081
1.039
0.925
0.930
1.031
0.904
1.000
0.802
0.958
0.790
0.902
0.832
0.761
0.889
0.727
0.959
0.802
0.884
0.755
0.989
0.895
0.963
0.937
0.880
0.919
1.004
0.907
0.813
1.124
0.806
0.885
0.817
0.935
0.980
0.598
0.944
0.723
0.895
0.821
1.072
0.832
0.801
0.822
0.724
0.878
0.988
1.031
1.292
0.873
0.934
0.722
0.980
0.705
0.795
0.970
0.983
0.710
0.832
0.666
0.821
1.137
0.833
1.216
0.822
0.944
1.106
0.978
0.730
0.784
0.999
0.881
0.955
0.800
1.084
0.832
0.949
0.860
0.831
0.793
0.820
1.081
0.800
0.890
0.820
0.981
0.888
0.875
0.983
0.844
0.756
0.878
0.730
0.832
0.969
1.004
0.821
0.681
0.769
0.813
0.737
0.926
1.134
0.791
0.921
1.023
0.800
1.015
0.940
0.789
0.799
0.825
1.022
0.948
0.982
0.798
0.942
0.713
0.673
0.874
0.751
0.796
0.811
1.019
1.055
0.846
0.964
0.847
0.938
0.861
0.847
0.791
0.867
1.048
0.739
0.829
0.902
0.825
0.723
0.731
0.988
1.005
1.219
0.708
0.884
0.880
0.923
1.237
1.067
0.917
0.811
1.172
1.009
0.773
0.766
0.890
0.950
0.927
0.844
0.695
0.701
0.951
0.913
0.871
1.050
1.016
1.020
0.997
0.771
0.864
1.028
0.937
0.837
0.970
0.718
0.660
0.807
1.030
1.013
0.883
0.988
0.763
0.792
1.023
0.749
0.793
0.952
0.964
1.366
0.943
1.232
1.459
0.801
0.764
1.014
0.864
1.226
0.842
0.898
0.710
0.740
0.951
0.690
0.805
0.745
0.857
0.825
0.750
0.889
0.879
0.782
0.998
1.051
1.045
0.789
0.835
0.688
0.821
0.926
0.857
0.852
0.906
0.946
0.939
0.819
0.885
1.015
0.749
0.806
1.061
0.813
0.936
1.002
0.929
1.046
1.130
0.843
0.842
0.916
0.869
0.776
0.885
0.701
0.752
0.881
0.805
0.842
0.892
1.054
0.886
1.004
0.837
0.828
0.910
0.943
1.128
0.829
0.974
0.957
0.885
0.727
0.970
0.777
0.852
0.806
1.039
0.756
0.773
0.849
0.830
1.002
0.935
0.878
1.028
0.819
1.179
0.724
0.890
0.777
0.794
0.677
0.938
0.995
0.832
0.957
0.826
0.828
0.827
0.809
1.015
0.748
0.908
0.911
0.907
0.759
0.833
0.930
0.851
0.835
0.959
0.963
0.996
1.042
1.062
0.713
0.903
0.902
0.658
0.850
0.801
0.954
0.820
0.904
0.932
0.838
1.139
1.076
1.000
1.100
0.806
0.805
0.831
0.975
0.863
0.839
0.707
1.093
0.816
0.830
0.658
0.932
0.900
0.907
1.207
1.253
0.728
0.861
0.820
1.032
0.809
1.055
0.882
0.726
0.782
0.842
0.924
1.019
0.972
0.730
0.906
0.956
0.892
0.819
1.162
0.947
0.864
0.853
1.077
0.878
0.823
0.808
0.748
0.970
0.736
0.820
0.837
0.821
0.921
0.873
0.893
0.958
0.832
0.946
0.849
0.871
0.764
0.870
0.726
1.087
1.098
0.782
1.056
0.826
0.938
0.877
0.910
0.763
1.008
0.915
0.772
0.814
0.865
0.807
0.733
1.113
0.822
1.032
0.851
0.978
0.780
0.871
0.803
0.730
0.971
0.889
1.183
1.073
1.012
0.721
0.935
0.881
0.866
0.939
0.842
0.950
0.857
0.956
0.916
0.946
0.729
1.021
0.775
0.874
1.135
0.715
0.922
0.893
0.751
0.884
0.821
0.909
0.718
0.830
0.818
0.842
0.937
1.059
0.915
0.948
0.913
0.946
1.093
0.835
0.885
0.977
0.706
0.706
0.704
0.744
0.804
0.731
0.677
0.996
1.163
0.794
0.942
0.970
0.845
0.935
0.890
1.153
0.803
0.780
0.858
1.036
0.824
0.935
0.777
0.746
0.976
0.880
0.914
0.983
0.870
0.833
0.824
0.856
0.855
0.825
0.843
1.093
1.147
1.146
0.829
0.807
1.007
0.867
0.973
1.235
0.906
0.857
0.767
0.967
0.923
0.713
0.891
0.805
0.894
0.807
0.802
0.899
1.030
0.818
1.062
0.778
0.813
0.699
0.867
0.897
0.815
1.042
1.014
0.816
1.128
0.990
1.472
1.031
0.971
0.908
1.094
0.713
0.879
0.907
0.991
0.995
1.046
0.765
0.911
0.954
1.000
0.765
0.850
0.928
0.867
0.959
0.861
0.818
0.696
1.061
0.866
1.319
0.997
0.875
0.826
0.822
0.997
0.805
0.936
0.884
0.874
0.767
0.847
0.977
0.726
0.822
1.062
0.696
1.038
0.691
0.743
0.888
0.770
1.017
0.782
0.906
1.068
0.925
0.926
0.792
0.940
0.860
0.699
0.818
1.083
1.210
0.963
0.848
1.017
0.924
0.895
0.856
1.083
0.882
0.858
1.007
0.799
0.820
1.178
1.031
0.888
0.912
0.749
0.981
0.803
0.793
0.706
0.821
0.762
0.745
0.836
0.996
0.971
0.990
1.162
0.765
0.782
0.959
0.824
0.780
1.088
0.980
0.867
0.849
0.756
0.779
1.008
0.977
0.920
0.853
0.967
0.843
0.853
0.809
0.720
0.873
0.891
0.806
0.895
1.052
1.027
0.712
1.013
0.830
0.909
0.695
0.752
0.842
0.671
0.916
1.063
0.823
0.956
0.684
0.885
0.848
0.961
0.906
0.784
0.882
0.780
0.780
0.873
0.866
0.835
1.036
0.793
0.909
0.929
0.864
0.774
0.828
0.802
1.138
0.897
0.954
0.836
0.842
0.887
0.833
0.926
1.106
1.034
0.815
1.055
0.764
0.871
1.063
0.832
1.039
1.025
0.648
0.960
0.935
1.003
0.827
0.942
0.726
0.988
0.903
0.781
0.963
0.832
0.748
1.097
0.715
0.905
0.947
0.901
0.992
0.972
0.746
0.909
0.977
0.993
0.891
0.746
0.840
0.983
0.728
0.862
0.881
1.174
0.920
0.808
0.946
0.813
0.807
1.090
0.816
0.788
1.016
1.024
0.839
0.797
0.901
0.833
0.800
0.850
0.850
0.734
0.950
1.002
0.849
0.928
0.963
0.697
0.823
0.886
0.813
0.891
0.867
0.812
0.736
0.757
0.883
1.169
0.902
0.954
1.044
0.953
0.946
0.817
1.098
0.875
0.681
0.811
0.759
0.909
0.879
1.093
0.959
0.887
0.775
0.884
0.911
0.817
0.779
0.936
1.181
1.071
0.778
1.030
1.165
0.873
0.972
0.906
0.910
0.845
0.775
0.797
0.824
0.959
0.855
0.864
0.843
0.842
0.729
0.928
0.896
0.901
0.751
0.973
1.006
0.843
0.755
0.873
0.948
0.826
1.052
0.977
1.028
0.958
0.727
0.828
1.164
0.917
0.912
0.724
0.647
0.901
1.016
0.967
1.017
0.827
0.964
0.897
0.870
0.786
0.917
0.708
0.949
1.070
0.912
0.808
0.867
0.889
0.867
0.789
1.058
0.868
0.766
0.989
0.889
0.851
0.921
0.962
0.876
0.883
0.796
0.830
1.311
0.925
0.808
0.876
0.803
1.046
0.967
0.933
0.899
0.955
0.886
0.819
1.030
0.733
0.980
0.861
0.791
0.882
0.869
0.976
0.765
0.937
0.924
0.881
0.876
0.939
0.725
0.917
0.964
0.642
0.957
0.796
0.839
1.086
0.914
1.139
0.726
0.677
0.917
0.829
0.813
0.947
0.907
1.098
0.951
0.908
0.926
1.097
1.151
0.730
0.942
0.821
1.112
1.060
0.834
0.691
0.826
0.844
1.139
0.918
0.711
0.834
0.829
0.882
0.849
0.957
0.903
0.790
0.922
0.783
0.879
0.885
0.911
0.826
0.906
1.050
0.985
0.885
0.878
0.677
0.893
0.732
0.782
0.954
1.007
1.036
0.831
0.892
0.753
0.921
0.818
0.892
0.691
1.028
0.836
1.050
0.863
0.724
0.878
0.696
1.069
0.744
0.711
0.978
0.962
0.953
0.838
1.055
1.034
0.893
0.930
1.182
0.791
0.898
0.865
0.919
0.907
0.764
0.594
1.066
0.641
1.111
0.962
0.812
0.846
0.897
0.797
0.963
0.780
0.955
0.767
0.984
0.681
0.872
0.987
0.822
0.802
0.970
1.054
0.810
1.158
0.929
0.713
0.988
0.946
0.910
1.142
0.963
0.866
0.958
0.888
0.892
1.141
0.873
0.968
0.819
0.866
0.891
0.832
0.791
1.000
0.730
0.732
0.927
0.845
0.923
0.801
0.886
0.756
0.849
0.868
0.809
0.789
0.747
0.757
0.894
0.814
0.871
0.928
0.865
0.806
0.910
0.738
1.320
0.962
1.108
0.940
0.813
0.875
0.917
0.984
0.691
0.976
0.636
0.902
0.959
0.957
0.894
0.897
0.859
0.981
0.668
0.959
0.985
0.847
1.211
0.795
0.994
0.767
0.762
0.888
0.823
0.851
1.069
0.863
1.146
0.960
0.980
0.762
0.830
1.190
0.976
0.893
0.794
1.045
0.799
0.691
0.759
0.872
0.790
0.885
0.773
0.828
0.855
0.728
0.918
1.003
0.847
0.785
0.666
0.809
0.715
0.914
1.050
1.124
0.933
0.838
0.867
0.691
0.777
0.804
0.837
0.873
0.777
1.012
0.920
0.698
0.883
0.926
0.967
0.871
0.977
0.678
0.907
0.917
1.134
0.730
0.921
1.163
0.806
0.769
0.862
1.121
0.982
0.762
0.882
0.846
1.049
0.750
1.031
0.953
0.989
1.013
0.737
0.815
0.702
0.918
1.067
0.845
1.032
0.746
0.927
0.801
0.778
0.866
0.967
0.757
1.066
0.648
0.703
0.877
0.991
0.772
0.847
1.005
0.901
1.084
0.906
0.964
0.925
0.793
0.977
0.915
0.997
0.745
0.983
1.112
0.989
0.808
0.953
0.765
0.935
0.840
0.911
0.877
0.963
0.928
0.853
0.818
0.832
0.815
0.994
0.868
0.890
0.809
1.048
0.871
0.809
0.734
0.895
1.059
0.780
1.055
0.934
0.762
0.840
0.726
0.806
1.131
0.900
0.855
0.783
0.859
0.931
1.121
0.891
0.955
1.044
0.829
0.745
0.963
0.767
1.015
0.855
1.158
0.862
0.707
0.811
1.039
0.850
0.982
0.891
0.831
0.703
1.148
0.947
0.910
0.839
0.928
0.773
0.892
0.926
0.737
0.857
0.744
0.928
1.016
0.819
1.113
1.007
0.992
0.919
0.952
0.836
0.921
0.936
0.868
1.057
1.000
0.932
0.817
0.917
0.848
0.872
0.850
0.867
0.833
0.809
0.832
0.905
0.895
0.723
0.932
0.792
0.877
0.825
0.851
0.827
0.868
0.900
0.805
0.965
1.047
0.871
0.921
0.679
0.802
0.852
0.716
0.951
0.781
0.833
0.795
0.838
0.809
0.910
0.841
0.819
0.659
0.705
0.847
1.151
0.981
0.875
0.935
1.301
0.863
1.035
0.997
0.957
1.001
0.881
0.890
0.877
0.819
0.842
0.693
0.850
0.974
0.805
0.807
1.023
0.967
1.015
0.799
1.030
0.761
0.926
1.087
0.973
1.100
1.218
0.717
1.034
0.972
0.999
0.858
0.926
1.011
0.809
0.902
0.882
0.928
1.067
1.026
0.881
0.978
1.000
1.085
0.787
0.887
0.838
1.151
1.036
0.877
1.028
0.831
1.026
1.001
0.983
1.047
0.854
1.172
1.066
1.183
0.920
0.824
0.999
0.803
0.940
1.097
0.802
0.868
0.730
1.024
0.811
0.932
0.833
0.772
0.879
0.972
0.821
0.815
1.193
0.970
0.877
0.821
0.716
0.736
0.889
0.820
1.104
1.018
0.728
0.935
0.755
0.935
0.852
1.001
0.931
0.970
0.709
1.241
0.781
1.074
1.207
0.849
1.003
1.018
0.976
0.896
0.885
0.783
0.908
0.999
0.958
0.987
0.899
0.958
0.925
0.816
0.900
0.920
0.906
0.836
0.815
0.628
0.721
1.080
0.883
0.911
0.922
0.913
0.959
0.895
1.097
0.828
0.773
0.866
0.838
0.895
0.811
0.955
0.825
0.815
0.778
1.003
1.024
0.960
0.892
0.648
0.808
0.758
0.784
0.862
1.057
0.923
0.882
0.805
1.198
1.099
0.868
0.963
1.083
0.833
0.986
1.140
1.018
0.827
0.893
0.764
1.183
0.778
0.892
1.081
0.961
0.766
0.966
0.743
0.795
0.793
0.723
0.965
0.884
1.023
0.855
0.791
0.984
0.907
0.835
0.807
1.095
0.657
1.001
1.004
0.821
0.783
0.920
0.974
0.960
1.055
0.897
0.850
0.613
0.765
0.837
0.813
0.817
0.812
0.913
0.961
0.772
0.897
0.683
0.715
0.890
0.810
0.788
0.786
0.889
1.077
0.785
0.908
0.968
0.971
0.898
0.799
0.898
0.868
0.916
0.870
0.865
1.000
0.704
0.776
0.673
0.863
0.828
0.893
1.060
1.059
0.989
0.789
0.939
0.766
0.848
0.808
1.120
0.858
1.083
0.779
1.213
0.942
1.027
0.957
0.795
0.722
0.862
0.655
0.866
0.973
0.974
0.994
0.886
0.730
0.983
0.844
0.867
0.781
0.943
0.998
0.762
1.024
0.929
0.985
1.079
0.775
1.043
0.891
0.785
0.771
0.761
0.760
0.911
0.754
0.990
0.745
0.791
0.924
0.687
0.954
0.792
0.704
0.649
0.810
0.813
0.917
0.919
0.791
0.937
0.982
1.021
0.751
0.940
0.946
0.902
0.828
0.768
1.190
0.964
0.755
0.728
0.752
0.808
0.776
0.968
0.780
0.864
0.980
0.885
0.885
0.815
1.035
0.813
0.979
0.705
0.818
0.852
0.990
1.039
0.845
0.911
1.048
0.881
0.877
0.812
0.843
0.750
0.963
0.882
0.855
1.047
1.003
0.882
0.803
0.990
0.853
0.912
0.730
0.895
0.837
0.881
0.759
1.003
0.687
0.982
0.867
0.802
1.082
0.787
0.937
0.926
0.855
0.921
1.016
0.898
0.961
0.696
0.899
0.937
0.924
0.790
0.909
0.912
0.833
0.937
0.830
1.022
0.718
0.917
1.019
0.913
0.801
0.818
0.919
0.853
0.890
1.070
0.909
0.941
0.967
0.942
0.672
0.752
0.804
0.783
0.734
0.810
0.969
0.830
0.943
0.961
0.973
0.718
1.048
0.812
0.848
0.803
0.652
0.840
0.788
0.872
0.771
0.903
1.156
0.953
0.652
0.771
1.037
0.991
0.824
0.793
0.866
0.939
0.893
0.753
1.167
0.818
0.944
0.894
0.945
0.899
1.143
0.869
0.671
0.700
0.947
0.925
0.796
0.901
0.937
0.859
0.805
1.005
0.915
0.928
0.753
0.831
0.861
0.828
0.976
0.849
0.800
0.797
0.871
0.870
0.733
0.835
0.810
0.930
1.035
0.815
0.835
0.773
0.837
0.938
0.723
0.946
1.018
0.813
0.960
0.874
0.714
0.831
1.019
0.678
0.854
1.007
0.992
0.702
0.754
0.893
0.773
0.966
0.887
0.769
0.951
1.205
0.765
0.817
1.104
0.990
0.822
0.976
0.793
0.935
1.044
0.994
0.960
0.805
0.691
0.816
1.013
0.771
1.124
0.815
1.010
0.736
0.954
0.796
0.871
1.207
1.065
0.823
1.041
0.785
0.881
0.814
0.821
0.892
0.895
0.797
0.736
1.035
0.813
1.108
0.837
0.739
0.766
1.202
0.790
0.840
0.893
0.964
0.687
0.842
1.075
0.816
0.859
1.182
1.064
1.041
0.869
0.934
0.839
0.889
0.913
0.888
0.828
0.847
0.837
0.882
0.860
0.879
0.822
0.831
0.883
0.724
0.832
0.898
0.896
1.081
0.876
0.763
1.033
0.795
0.973
1.016
0.828
1.092
0.800
1.095
1.154
0.867
1.001
0.823
0.698
0.822
0.796
0.817
0.840
0.865
0.965
1.153
0.995
0.878
0.872
0.891
1.043
0.916
1.022
0.764
1.028
0.964
0.627
0.937
0.966
0.877
0.885
0.826
0.870
0.927
0.977
0.894
0.748
0.815
0.800
0.841
0.901
0.878
1.041
0.761
0.817
0.969
0.860
0.803
0.800
0.837
0.930
0.785
0.812
0.868
1.143
1.118
0.770
1.053
0.930
0.840
0.936
0.829
0.865
0.856
0.891
0.957
0.817
0.892
1.089
0.873
0.941
0.798
0.747
0.761
0.879
0.850
0.852
0.848
0.814
0.857
0.888
0.842
0.754
0.843
0.813
0.899
0.846
0.992
0.758
0.810
0.908
0.768
0.870
0.930
1.106
0.755
0.962
1.057
0.885
0.788
0.941
1.047
0.700
0.889
0.644
0.831
0.889
0.817
1.188
1.148
0.881
0.905
0.979
0.840
0.759
0.934
0.921
0.961
0.723
0.917
0.847
0.812
0.877
0.804
0.871
0.861
0.896
0.736
0.738
0.712
0.901
0.838
0.774
0.803
0.862
0.756
0.784
0.885
0.755
0.885
1.024
1.170
0.844
0.916
1.103
0.768
0.785
1.142
0.860
0.879
0.804
0.774
0.878
0.956
0.696
0.878
0.959
0.838
0.983
0.915
0.966
1.223
1.173
0.785
0.736
0.756
1.246
0.904
0.776
0.958
0.672
0.922
1.040
1.032
0.962
0.863
0.848
0.871
0.877
0.975
0.883
1.032
0.876
0.933
1.101
0.931
0.861
0.712
0.899
0.827
1.041
1.057
0.821
0.780
0.901
0.994
0.841
0.799
0.820
0.842
1.043
0.929
0.773
1.098
0.982
0.830
1.114
0.787
0.796
0.971
0.853
0.922
0.864
1.021
0.905
0.831
0.791
0.953
0.824
0.768
0.887
0.826
1.017
0.869
0.791
0.966
1.006
0.764
0.968
0.983
0.941
0.847
0.936
1.082
0.841
0.989
0.846
0.905
0.911
0.994
0.972
0.814
0.833
0.895
0.902
0.722
0.785
0.915
0.990
0.817
0.969
0.860
1.072
1.016
0.738
0.834
0.931
0.980
0.812
0.731
1.066
0.934
0.854
1.119
0.689
0.927
0.899
0.933
0.848
0.883
0.846
0.979
0.770
0.912
0.828
0.886
1.216
1.041
0.770
0.804
0.999
0.887
0.873
0.791
0.808
0.811
0.898
0.953
0.951
0.783
1.066
0.732
0.873
0.880
0.948
0.889
0.690
1.005
1.238
0.984
0.902
1.009
0.911
0.814
1.012
0.984
0.859
0.792
0.899
0.853
0.838
1.059
0.898
1.021
0.934
0.606
0.884
1.053
0.821
0.928
0.753
0.832
0.838
0.892
1.154
0.746
0.863
0.970
0.961
0.763
0.961
1.070
0.996
0.752
0.768
0.853
0.852
0.827
1.039
0.744
0.881
0.899
0.927
0.761
0.658
0.892
0.808
0.881
1.070
0.819
0.894
0.798
1.000
0.974
0.879
1.022
0.777
0.814
0.828
0.763
0.838
0.945
0.969
0.893
1.056
0.771
0.874
0.684
0.824
0.817
1.202
0.826
0.975
1.327
0.838
0.801
0.976
0.877
1.141
0.706
0.924
0.983
0.894
0.957
0.898
0.739
0.939
0.926
0.805
0.969
0.890
0.797
0.911
1.069
0.805
0.804
0.855
1.033
0.740
1.035
1.155
1.001
0.842
0.734
0.845
0.843
0.824
0.868
0.685
0.851
0.843
0.939
0.885
0.993
0.844
0.902
0.786
0.719
0.936
0.780
0.774
1.127
0.811
0.858
0.835
0.837
1.057
0.979
0.944
1.099
0.764
0.982
0.819
0.991
0.825
0.821
0.966
0.965
0.925
0.809
0.877
0.925
0.861
0.980
0.858
1.095
0.822
0.894
1.075
0.795
1.012
0.889
0.826
1.047
0.932
0.821
0.826
0.906
0.814
0.869
0.957
0.902
0.923
0.716
0.774
0.988
0.827
0.858
0.972
0.890
0.859
0.998
0.841
0.944
0.937
0.873
0.810
0.736
0.851
0.901
1.013
0.709
0.885
0.887
0.677
0.820
0.857
0.826
0.956
0.894
0.812
0.799
0.698
1.093
0.744
0.953
0.857
0.925
0.792
0.871
0.808
1.090
1.046
0.944
0.894
0.772
0.810
1.024
0.948
0.879
0.932
0.970
0.731
0.937
0.905
1.040
0.846
1.050
0.838
0.858
0.998
0.752
0.783
0.964
0.682
0.975
0.835
0.743
0.848
0.839
0.756
0.781
0.802
0.998
0.946
0.778
1.145
0.739
0.805
0.951
1.052
0.872
0.854
0.809
1.048
0.812
0.932
0.868
0.893
0.856
1.057
0.728
0.969
1.098
0.929
0.744
0.788
0.938
0.857
1.003
1.320
0.822
0.981
1.008
0.917
0.948
0.697
0.742
0.832
0.763
0.933
1.033
0.889
1.135
0.977
1.236
0.925
0.738
0.884
0.858
0.937
0.660
0.711
1.020
0.974
0.775
1.038
0.709
0.882
0.604
0.757
0.750
0.783
0.937
0.809
0.822
0.730
0.893
0.959
0.904
0.724
0.837
0.696
0.820
0.783
1.230
0.960
0.856
0.883
0.828
0.933
0.958
0.746
0.918
0.930
0.868
0.863
0.774
0.797
0.865
0.928
0.920
0.907
0.780
0.857
0.817
1.042
0.979
1.003
0.849
0.912
1.146
1.103
0.917
0.732
0.898
0.868
0.909
1.023
1.056
0.927
0.796
0.895
0.973
0.779
0.687
1.047
0.956
0.988
0.975
0.684
0.802
1.009
0.896
0.876
0.866
1.055
0.861
0.812
0.921
0.820
0.898
0.876
1.000
0.887
0.718
0.803
0.820
1.054
0.923
0.757
0.890
0.816
0.858
0.693
0.709
1.103
0.978
0.992
0.865
1.145
0.927
1.015
0.767
0.826
1.002
1.106
0.836
0.819
1.015
0.965
0.870
0.818
0.832
0.741
0.972
1.053
0.847
0.879
0.871
0.818
1.129
0.909
0.742
0.939
1.037
0.960
0.884
0.951
0.747
0.744
0.759
0.871
0.731
0.896
0.770
0.871
0.679
0.817
0.868
0.751
1.273
1.234
0.949
0.846
0.731
1.016
0.802
0.743
0.938
0.971
1.078
0.769
0.934
0.827
0.847
1.044
0.808
0.969
0.719
0.991
1.014
0.743
0.875
0.858
0.852
0.861
0.950
0.896
0.972
0.977
0.873
0.953
0.764
0.860
0.867
0.865
0.916
0.780
1.281
1.027
0.939
1.017
0.976
0.985
0.850
0.799
0.973
0.922
0.785
0.802
1.028
0.998
0.948
0.762
0.861
0.916
0.815
0.959
0.892
0.983
0.981
0.678
0.966
0.972
0.934
0.867
0.845
0.803
0.910
0.827
0.908
0.886
0.971
0.951
0.836
0.816
0.869
0.831
0.816
0.846
0.896
0.870
1.006
0.903
1.091
0.859
0.853
0.841
1.156
1.020
0.725
0.798
0.936
0.841
0.885
0.820
0.819
0.948
0.859
0.846
0.778
1.231
1.040
1.037
0.672
0.878
1.002
0.899
0.947
0.864
0.874
0.815
1.087
0.859
1.079
1.056
0.848
0.751
0.865
0.813
1.052
0.752
1.034
0.755
0.762
0.808
0.788
1.096
1.140
0.987
0.815
1.108
0.838
1.208
0.851
1.036
1.006
0.797
0.860
0.815
0.773
1.111
0.813
0.995
0.760
0.783
0.898
0.798
1.276
0.952
0.923
0.952
1.009
1.056
0.952
0.856
0.770
0.682
0.774
0.747
0.830
0.817
1.085
0.891
0.918
0.972
0.870
1.083
0.825
0.756
1.165
0.860
0.933
1.006
1.264
1.170
0.869
0.877
1.105
0.808
0.908
1.078
1.235
0.870
0.676
0.933
1.134
0.977
1.006
0.834
0.836
0.872
1.119
0.890
0.642
0.995
1.188
0.923
0.892
0.920
0.968
0.773
0.832
0.871
0.842
0.781
1.258
0.941
0.752
1.007
1.002
0.807
1.001
0.761
0.855
0.978
0.694
0.792
0.772
0.830
1.043
0.785
0.897
0.681
0.825
0.969
1.042
1.030
1.039
0.737
1.077
0.771
0.967
0.831
0.946
1.028
0.723
0.927
0.986
0.824
1.034
0.850
1.031
0.910
0.868
0.885
0.920
0.976
0.854
0.985
1.028
0.728
0.810
0.986
0.913
1.017
0.714
0.772
0.883
0.868
0.942
0.845
0.885
0.848
0.910
1.086
0.996
0.888
0.664
0.962
1.013
0.773
1.082
0.965
0.734
1.059
0.997
1.051
0.694
0.965
0.882
0.777
0.925
0.897
0.851
0.904
1.011
0.820
0.906
0.712
1.047
0.804
0.851
0.935
1.050
0.950
1.114
1.126
1.071
0.750
0.801
0.788
0.848
1.026
0.836
0.839
0.843
0.789
0.850
0.959
0.820
0.707
0.913
1.010
1.104
0.792
1.021
0.720
0.846
0.934
0.680
0.822
0.751
1.092
0.807
0.772
0.885
0.727
0.960
0.840
0.897
0.969
0.873
0.913
1.030
0.774
0.746
0.949
0.901
0.956
1.223
1.130
1.062
0.871
0.967
1.177
1.165
0.871
0.865
0.700
0.883
0.852
0.945
0.867
0.828
0.867
0.774
0.780
0.777
0.824
0.885
0.861
0.929
0.974
1.026
0.955
0.889
0.808
0.919
0.804
0.756
0.872
0.742
0.912
0.715
0.785
1.238
0.782
0.818
1.179
1.095
0.972
0.968
0.803
0.980
1.046
1.073
1.025
1.019
0.856
1.273
1.163
0.944
0.922
0.671
1.111
0.980
0.824
0.845
0.825
0.763
1.060
0.772
0.711
0.818
1.161
1.085
1.227
1.124
0.942
0.810
0.890
0.967
1.048
0.910
1.062
0.849
0.945
1.107
1.297
0.762
0.779
0.943
1.095
0.957
0.823
0.890
0.976
0.976
0.876
0.975
1.012
1.106
0.817
0.949
1.194
0.878
0.915
0.888
0.908
1.131
0.820
0.946
0.851
0.826
0.881
0.965
0.985
0.834
1.107
0.805
0.830
1.003
0.850
0.854
0.888
0.760
1.017
0.765
0.997
0.880
0.717
0.804
0.985
0.870
0.854
0.916
1.014
0.820
1.120
0.847
0.948
0.861
0.734
1.024
0.740
0.806
0.752
0.765
0.838
0.801
0.789
0.975
0.886
0.744
0.754
0.972
0.917
0.814
0.800
1.019
0.732
0.917
0.920
1.007
0.846
0.896
0.940
1.059
0.767
0.971
0.776
0.979
0.870
0.965
0.878
1.170
1.062
1.061
0.805
0.992
1.044
0.929
1.136
0.938
0.946
0.913
1.000
0.818
0.899
0.762
0.871
0.917
0.853
1.044
0.947
1.004
0.757
0.960
0.954
0.776
0.867
0.890
0.852
0.867
0.861
0.873
0.962
0.828
0.677
0.761
1.048
0.860
1.103
0.533
0.714
0.690
0.999
0.929
0.869
0.984
1.199
1.121
0.923
0.777
0.942
0.948
0.877
0.821
0.923
0.973
0.833
0.924
0.983
0.909
0.899
1.007
0.670
0.883
1.213
1.041
0.885
0.771
0.882
1.023
0.864
0.873
0.988
1.012
0.894
1.073
0.860
0.945
0.835
0.886
1.061
0.858
0.925
0.752
0.900
0.919
0.864
0.782
0.923
0.970
1.021
0.977
0.871
0.950
1.084
0.949
0.838
1.015
0.910
0.755
0.872
0.933
0.739
0.834
0.945
0.783
0.815
1.014
1.195
0.948
1.136
1.073
0.865
0.766
0.915
0.651
0.873
1.124
0.872
0.995
0.867
0.935
0.875
0.951
0.935
1.026
1.017
0.833
0.975
0.876
1.530
1.038
1.007
0.765
1.109
0.872
0.843
0.899
0.829
0.900
0.968
0.892
0.847
1.141
0.871
1.291
0.827
0.784
0.883
0.899
1.064
0.935
0.898
0.841
0.911
1.071
0.902
0.971
0.833
0.976
1.031
1.086
1.087
0.897
0.987
0.888
0.873
0.932
0.626
1.026
0.963
1.067
0.977
0.838
1.052
0.875
0.867
0.826
0.814
1.021
0.991
1.115
0.981
1.000
1.008
0.815
0.837
0.920
0.968
0.782
0.798
0.871
0.987
0.722
0.733
0.857
0.908
0.854
0.998
0.925
1.030
0.870
0.920
0.983
0.892
1.024
0.734
0.825
0.735
0.849
0.838
0.993
1.185
1.000
0.833
0.835
0.747
0.901
1.078
0.775
0.841
0.855
0.935
0.872
0.966
0.950
1.013
0.848
0.915
0.868
0.932
0.938
0.836
1.179
0.859
0.906
0.909
0.888
0.833
1.185
0.769
0.789
0.991
0.894
0.851
0.833
0.961
0.837
0.852
0.912
0.823
0.716
0.827
0.820
0.877
0.851
0.900
1.156
0.889
0.705
0.974
0.825
1.134
0.901
0.877
0.710
0.802
1.030
0.967
0.903
0.801
0.776
0.843
0.936
0.846
0.964
0.875
1.096
1.017
1.061
0.871
1.053
1.023
1.037
0.888
0.954
0.984
0.765
0.920
0.968
0.970
0.899
0.827
1.063
0.905
0.747
0.953
1.224
1.033
0.860
0.868
1.067
0.685
0.804
0.801
0.920
0.832
0.697
0.725
1.064
0.969
1.172
0.937
0.797
0.840
0.833
0.994
0.979
0.825
0.784
1.115
0.992
0.857
0.827
0.849
0.961
0.953
0.732
0.968
0.678
0.978
0.767
0.943
0.814
0.752
0.976
0.943
0.923
1.025
1.107
0.808
0.799
0.903
0.828
0.750
0.993
0.849
0.766
0.789
0.981
0.855
0.853
0.954
0.742
0.788
0.869
0.822
0.853
1.002
0.852
0.836
0.797
1.022
0.963
0.826
0.842
0.936
0.837
0.980
0.874
0.977
1.058
0.886
0.831
0.940
0.945
0.937
0.757
0.902
1.075
0.947
0.905
0.786
0.915
0.942
0.992
0.909
1.130
1.144
0.900
0.953
0.862
1.519
1.045
0.983
0.968
1.007
0.941
1.209
0.932
0.991
1.111
0.974
0.961
1.011
0.860
0.908
0.846
0.875
1.082
0.806
0.863
0.865
0.868
0.803
0.987
0.721
0.912
0.831
1.025
0.793
0.938
0.994
0.986
0.900
1.162
1.040
1.027
1.128
0.847
0.883
1.014
0.785
0.955
1.131
0.845
0.878
0.896
1.026
1.010
0.890
0.905
0.815
0.836
1.017
1.154
1.065
0.926
1.060
1.224
0.891
0.993
1.036
0.925
0.933
0.927
0.860
1.057
0.936
0.817
0.987
1.019
0.905
0.914
0.863
0.964
0.989
0.762
0.814
0.751
0.934
0.909
0.864
0.616
0.826
0.948
0.938
0.989
0.715
1.084
0.738
0.965
0.774
0.831
0.996
1.066
0.727
0.810
0.945
1.049
1.087
0.920
0.955
0.963
0.913
1.167
0.787
0.868
0.823
0.906
0.834
0.765
1.038
0.883
0.854
0.837
1.021
0.935
0.873
0.854
0.850
0.926
0.702
0.950
0.742
0.884
0.910
0.934
0.692
0.932
0.851
0.910
0.951
1.093
0.859
0.847
0.863
0.745
0.723
1.119
1.080
0.793
0.902
0.706
0.916
0.755
1.158
0.772
0.870
0.815
1.001
1.033
0.915
0.835
0.892
1.046
0.915
0.952
0.785
0.656
1.164
0.992
0.785
1.034
0.811
0.895
1.032
0.832
0.971
0.979
0.770
0.942
0.927
0.971
0.815
0.912
0.879
0.924
0.829
0.781
0.789
0.912
0.937
0.873
0.938
0.960
0.933
0.772
0.813
0.866
0.950
0.965
0.807
1.043
0.893
0.825
0.805
0.878
0.709
1.068
0.954
0.882
0.933
0.845
1.167
0.998
0.670
0.941
0.987
1.026
0.842
0.907
0.860
0.872
0.990
0.879
0.918
0.832
0.880
0.935
0.880
0.937
0.867
0.795
0.696
1.036
1.089
1.052
0.920
1.131
0.875
1.011
1.039
1.203
0.853
1.189
0.958
0.809
0.821
1.042
1.006
0.973
0.744
0.990
1.283
0.724
1.104
1.096
0.889
0.897
0.857
0.713
0.960
1.007
1.073
0.872
1.078
1.025
0.939
0.947
0.728
0.743
0.829
0.937
1.008
0.733
1.034
0.975
0.968
0.977
0.811
0.806
0.933
0.836
1.002
0.778
0.955
1.025
1.066
0.894
0.750
0.955
1.121
0.973
0.949
1.052
1.016
0.951
0.924
0.795
0.754
0.888
0.816
1.074
0.764
0.868
0.798
0.896
0.965
0.830
0.903
1.020
0.827
0.807
0.792
1.072
1.054
0.987
1.004
1.024
0.955
0.907
0.907
0.806
1.026
0.902
1.204
0.868
0.828
1.036
1.076
0.789
0.891
0.992
0.971
0.764
0.907
0.886
0.783
0.940
1.214
0.878
0.727
0.844
1.016
0.903
0.863
0.946
0.911
0.941
1.041
0.839
0.964
0.918
0.992
0.893
0.880
0.874
0.908
1.115
1.158
0.811
0.990
1.165
0.965
1.020
0.872
0.872
0.942
0.870
0.992
0.821
1.196
0.936
0.922
1.100
0.888
0.855
0.850
1.107
1.064
0.792
0.811
0.809
0.872
0.893
0.824
0.755
0.894
0.950
0.885
0.709
1.146
0.884
0.999
0.916
0.949
0.883
0.941
0.988
0.834
0.674
0.832
0.790
1.256
0.831
0.747
0.812
0.721
0.931
0.937
0.763
1.152
0.707
0.975
0.823
0.814
0.722
0.823
1.011
0.804
1.036
0.977
1.062
0.970
0.889
0.877
0.816
1.003
0.844
0.985
0.862
0.796
0.894
0.834
0.807
0.991
0.847
1.010
0.868
0.792
0.886
0.948
1.028
0.989
0.736
0.788
1.063
0.683
0.841
0.873
0.822
0.846
0.805
0.815
0.731
0.944
0.926
0.816
0.986
0.904
0.671
0.809
0.789
0.837
0.849
0.804
0.930
0.831
0.851
1.031
0.801
0.777
1.016
0.922
1.072
0.853
0.898
1.017
0.881
0.940
1.019
0.803
0.923
0.829
0.877
0.751
0.884
0.844
1.027
0.784
1.026
1.032
0.675
0.856
1.026
1.003
0.864
0.855
1.182
0.928
0.888
1.138
0.836
1.098
0.775
0.846
1.043
0.731
0.875
0.739
1.075
0.973
1.045
0.967
1.010
1.008
1.104
1.020
0.910
0.967
0.868
0.929
1.027
1.082
0.816
0.934
0.889
0.811
0.926
1.016
0.912
0.955
0.959
0.886
0.883
0.763
0.911
0.942
1.071
0.818
0.957
0.994
0.886
1.092
0.804
0.920
0.790
0.952
1.189
0.881
0.953
0.800
0.923
0.803
0.988
0.730
0.679
0.886
1.077
0.770
1.109
0.797
0.741
0.835
0.981
0.690
0.797
0.882
0.928
0.975
0.939
0.782
0.993
0.937
0.835
0.885
0.866
0.768
0.903
0.833
0.975
0.813
0.841
0.934
1.033
0.840
0.787
0.887
1.056
0.821
0.933
1.082
0.835
0.903
1.001
0.936
0.728
0.774
0.993
0.948
0.895
0.913
0.979
0.824
0.893
0.837
0.851
0.811
0.826
1.112
0.892
0.893
1.034
1.003
1.036
1.399
1.157
0.914
0.867
0.726
0.886
0.925
0.658
0.722
0.982
0.975
1.003
0.836
0.798
0.798
0.724
0.702
1.018
0.791
1.001
0.802
1.018
0.980
0.960
0.817
0.924
1.110
0.927
1.017
0.915
0.783
1.020
0.911
0.889
0.703
0.791
0.795
0.907
0.854
0.989
0.877
0.800
0.713
0.757
1.075
1.004
0.950
0.820
1.009
0.834
0.962
0.794
0.685
0.938
0.693
0.841
1.008
0.982
1.041
1.147
0.868
0.759
0.858
0.780
0.929
1.021
0.789
0.786
0.880
0.804
1.085
1.017
0.782
0.813
0.685
0.869
0.990
1.052
0.998
0.925
0.866
0.843
0.987
0.581
0.776
0.881
1.101
0.709
0.702
0.824
0.929
0.928
0.764
0.795
0.854
0.920
0.938
1.129
0.793
1.203
0.989
0.978
0.766
1.027
0.832
0.767
1.025
0.892
0.802
0.826
0.951
1.032
0.879
0.795
0.870
0.827
0.907
0.807
0.836
0.991
0.788
0.852
0.820
0.782
0.785
0.751
0.778
0.764
0.887
0.839
0.872
0.647
0.872
0.827
1.108
0.899
0.756
0.901
0.786
0.733
0.855
0.826
1.006
0.822
0.947
0.973
0.971
0.885
0.898
0.972
0.883
0.857
0.978
0.713
0.822
1.092
0.751
0.915
1.040
0.880
0.903
1.487
1.044
1.189
0.867
1.019
0.968
0.979
0.798
0.914
0.905
0.851
0.766
0.946
0.971
0.827
1.016
0.924
1.003
0.973
0.938
0.937
0.743
1.111
0.706
0.856
0.871
1.042
0.729
0.924
0.727
0.989
1.129
1.372
0.860
0.706
0.821
0.916
0.846
0.865
0.942
1.076
0.887
0.850
0.980
0.874
0.856
0.926
1.006
0.867
0.832
0.743
1.019
1.214
0.911
0.956
0.872
0.909
0.898
0.818
1.035
0.879
1.144
0.856
1.051
0.895
0.949
0.878
0.826
0.942
0.814
0.959
0.803
1.036
0.876
0.927
0.831
1.103
1.204
0.846
0.889
0.979
0.890
0.796
1.025
0.899
1.215
0.831
1.125
0.953
0.774
0.903
0.732
0.989
1.120
0.759
0.944
1.071
0.873
0.843
1.026
0.830
0.655
0.915
1.094
0.850
0.946
1.092
0.984
0.978
0.750
0.833
0.939
0.853
0.890
0.909
0.864
0.940
0.932
0.889
1.009
1.007
0.865
0.879
0.706
0.991
1.085
0.890
0.921
1.256
0.892
0.846
1.110
0.855
0.892
1.224
1.071
0.864
0.807
1.017
0.847
1.037
0.903
0.861
0.827
0.845
0.928
1.058
1.166
1.080
0.980
0.714
0.887
0.870
0.999
0.804
0.882
0.842
0.800
0.893
0.800
0.866
0.867
0.846
0.879
0.920
0.885
1.078
1.063
0.876
0.796
0.920
0.907
1.012
0.912
0.776
0.996
0.953
1.053
1.171
0.869
0.951
0.907
0.824
0.812
0.930
1.157
0.968
1.013
0.985
0.939
0.862
1.049
0.889
0.890
0.985
0.948
0.787
1.005
1.123
0.874
1.059
1.003
0.815
0.977
1.010
0.982
0.913
0.805
0.652
0.936
0.863
0.818
0.791
0.883
0.868
0.988
0.920
0.931
0.771
0.950
0.943
0.859
0.832
1.054
1.076
0.989
1.102
0.846
0.860
0.919
1.108
1.111
0.841
1.009
0.973
0.954
0.824
0.978
0.774
0.978
0.883
0.834
1.192
0.963
0.900
0.848
0.852
0.935
0.877
0.875
0.927
0.853
0.942
1.041
1.031
0.788
0.772
1.010
0.866
0.928
1.015
0.849
0.901
1.036
1.001
0.871
0.957
0.962
1.110
1.095
0.933
0.902
1.021
1.064
1.142
0.925
0.816
1.035
0.817
0.970
0.882
0.793
0.792
0.809
0.879
0.829
1.020
0.902
0.892
0.859
0.740
1.168
0.730
0.920
0.819
0.945
0.779
0.977
0.947
0.769
0.789
0.986
0.836
0.877
0.911
1.098
0.889
0.889
0.949
1.202
0.947
0.763
0.967
0.866
1.098
0.782
0.679
0.927
0.876
0.976
0.872
1.212
0.829
1.006
1.008
0.749
0.871
0.840
0.790
0.758
1.013
1.196
1.025
0.883
0.924
0.804
0.836
1.009
0.900
0.910
0.676
0.878
1.089
0.952
0.953
0.879
0.759
1.035
1.008
0.865
1.213
0.848
0.828
0.957
0.718
0.743
0.828
1.268
0.989
0.823
0.896
1.041
0.836
0.884
0.890
0.895
0.944
0.915
0.923
1.094
1.136
1.065
0.984
0.798
1.053
0.915
0.793
1.185
0.898
1.137
0.869
0.923
1.042
1.026
0.970
0.932
0.756
0.825
0.917
1.072
0.972
0.905
0.981
0.880
0.804
0.734
0.674
0.971
1.063
0.687
0.992
0.720
0.700
0.758
0.915
0.877
0.841
1.124
1.117
0.941
0.680
1.027
0.915
0.814
0.807
0.936
0.796
1.007
0.950
0.866
0.824
0.917
0.920
0.940
0.807
0.870
0.810
0.937
0.753
1.025
1.099
0.964
0.875
0.857
0.897
1.018
0.895
0.761
0.767
1.039
0.822
0.854
0.866
0.961
0.862
0.992
0.896
0.850
0.779
0.772
0.728
1.073
0.995
0.764
0.934
0.848
0.958
0.926
1.008
0.882
0.871
1.009
1.133
0.886
0.857
0.797
0.828
0.761
0.858
1.030
0.859
0.868
0.968
1.091
0.704
0.913
0.911
0.884
0.962
0.950
0.813
0.941
0.740
0.953
0.719
0.824
0.900
0.701
0.870
1.203
0.857
0.872
1.003
1.023
0.949
1.093
0.985
0.829
1.039
0.718
0.805
0.913
0.928
0.832
1.191
0.723
0.986
0.882
1.095
0.842
0.992
0.861
0.746
0.921
0.812
0.904
0.833
0.939
0.624
0.980
1.028
0.967
0.842
0.879
1.046
1.051
0.800
0.998
1.010
0.945
0.854
0.840
0.842
0.861
1.054
0.844
0.917
0.872
0.901
0.819
0.894
0.863
1.053
0.786
1.039
0.783
0.823
0.888
1.197
0.847
0.819
0.809
0.905
0.896
0.782
0.750
0.961
0.906
0.686
0.870
0.951
0.806
0.799
0.809
0.891
0.837
0.889
1.185
0.896
0.744
0.946
0.879
0.845
0.881
0.994
1.202
0.833
0.901
0.918
0.883
0.923
1.025
0.914
1.042
0.816
0.856
1.142
0.892
1.012
1.049
0.922
0.865
0.711
0.839
1.187
0.974
0.842
1.250
0.884
0.906
0.772
0.940
0.873
1.045
0.890
1.052
0.775
0.917
0.896
0.968
0.965
0.835
0.859
0.707
0.999
0.841
0.753
0.807
1.100
0.707
0.980
0.866
0.928
0.765
0.914
0.906
0.738
0.978
1.045
1.001
1.054
1.122
0.858
0.989
1.023
0.831
0.847
1.008
1.096
0.898
0.928
1.020
0.975
1.009
0.876
0.929
0.701
0.727
0.984
1.156
0.847
1.032
1.158
1.007
0.899
0.847
0.906
1.121
0.773
0.708
1.055
0.763
1.154
1.161
0.873
1.037
0.699
0.850
0.842
1.003
1.118
0.824
0.917
0.922
0.984
1.024
0.828
0.852
0.750
1.042
1.100
0.931
0.930
0.622
0.754
1.087
1.035
0.929
0.867
0.952
0.742
0.960
0.764
0.738
0.792
0.708
1.016
0.981
1.077
1.014
0.913
0.907
0.806
0.977
0.909
0.743
0.838
0.931
1.145
0.963
1.030
0.954
1.390
1.066
0.925
0.956
0.801
0.941
0.839
0.838
1.050
0.761
0.721
0.957
0.872
0.796
1.013
0.924
0.907
1.092
0.981
0.775
1.047
0.978
0.810
0.769
0.763
0.871
0.835
0.974
1.099
0.791
1.072
0.819
0.996
0.964
0.946
0.624
1.027
0.874
0.828
0.717
0.910
1.011
0.806
0.937
0.928
0.883
0.977
0.788
0.981
1.091
1.057
1.394
1.132
0.863
0.981
0.859
0.901
0.959
0.978
0.970
1.220
0.777
0.973
0.789
1.024
0.911
1.165
0.910
1.188
0.989
0.722
1.172
0.992
0.877
0.891
0.806
0.717
0.967
0.849
0.732
0.987
1.194
0.945
1.071
0.911
1.127
1.083
0.946
0.889
0.873
0.869
0.840
1.055
0.819
1.042
0.940
0.970
1.053
0.922
1.426
1.098
0.784
0.749
0.865
1.051
0.820
0.822
1.027
1.261
0.916
0.831
0.902
0.921
0.794
0.892
0.821
0.960
0.885
0.813
0.812
0.766
1.228
0.928
1.018
1.158
1.122
0.973
0.844
1.012
1.010
1.016
0.930
0.800
1.040
0.851
0.898
0.914
1.142
0.974
0.918
1.181
0.827
0.988
1.123
0.853
0.996
0.855
0.873
0.893
0.929
1.028
0.929
0.849
0.715
0.854
1.066
1.086
0.896
1.025
0.898
0.890
0.941
0.689
0.827
1.089
0.941
0.684
0.949
1.105
0.987
0.893
0.856
0.870
0.774
0.866
1.045
0.832
0.844
0.908
0.817
0.947
0.822
0.736
0.848
0.700
0.969
0.790
1.041
1.016
0.968
0.875
0.976
0.905
0.777
0.827
0.971
1.014
1.167
1.095
1.200
0.791
1.000
0.892
1.135
1.035
0.928
0.953
0.914
0.904
0.851
0.793
1.031
0.885
1.118
1.004
1.122
0.817
0.828
1.014
0.960
0.865
0.830
0.952
1.084
0.837
0.842
0.783
1.003
1.135
0.805
0.801
0.840
0.786
1.005
0.878
0.885
1.190
0.951
0.855
0.809
0.930
0.867
0.816
1.057
1.040
1.105
0.973
0.933
1.079
1.027
0.980
1.082
0.976
1.051
0.665
0.977
0.665
0.929
0.776
1.020
0.880
0.988
0.733
0.912
0.999
0.805
0.801
0.840
0.837
0.526
0.932
0.884
0.807
1.085
0.971
0.885
0.890
0.792
0.849
0.886
0.880
0.826
0.918
0.743
0.863
0.914
1.062
0.714
0.836
0.735
0.910
1.255
0.848
0.999
1.024
0.928
0.877
0.928
0.998
0.724
0.791
0.885
0.947
0.975
0.834
0.889
0.832
0.944
1.145
1.050
0.945
0.750
1.163
0.761
1.079
0.933
1.221
0.977
1.050
0.971
0.741
0.749
0.712
0.927
0.875
0.808
0.921
1.076
0.941
0.828
1.087
0.902
1.035
1.016
0.895
0.759
1.048
0.803
1.052
1.133
1.111
1.044
1.103
1.065
0.919
0.883
0.927
0.681
0.782
0.876
0.928
0.664
0.972
0.840
0.884
0.688
0.991
0.925
0.947
1.215
0.893
0.929
0.878
0.787
0.830
0.849
0.982
1.005
0.869
0.843
0.952
0.826
1.040
0.987
0.896
0.913
1.097
0.826
0.922
1.005
0.728
0.972
1.004
0.753
0.916
0.945
1.084
1.043
0.705
1.244
0.954
0.971
1.054
1.124
1.203
0.798
0.788
0.711
1.207
0.985
0.933
0.831
1.110
0.899
0.959
0.945
1.045
1.054
1.029
1.277
1.094
1.311
0.803
0.874
1.077
1.060
1.094
1.171
1.521
1.015
0.965
1.142
1.270
0.953
0.889
1.131
0.834
1.036
0.789
1.118
0.950
1.139
0.983
0.823
0.877
0.768
0.855
0.779
0.683
0.979
0.963
0.768
0.742
0.934
0.835
0.956
0.799
0.925
0.930
1.042
0.903
1.052
0.812
0.968
0.875
0.850
0.935
0.865
0.736
0.934
1.074
1.155
1.274
1.100
1.136
0.961
0.774
0.862
1.017
0.804
0.832
1.049
0.996
0.778
0.877
1.072
0.853
0.792
0.715
0.935
0.732
0.841
1.162
1.083
0.676
0.829
0.636
1.124
0.900
1.013
0.785
0.777
0.952
0.814
1.235
0.834
0.953
0.672
1.010
0.861
0.954
0.768
1.135
0.888
0.966
0.954
1.025
0.996
0.998
0.742
0.915
1.096
0.984
0.852
0.921
1.111
0.780
0.880
0.855
0.729
0.902
1.029
0.927
0.881
0.783
0.868
0.939
0.852
1.117
0.765
0.883
0.954
0.963
0.910
0.692
0.904
0.968
0.990
1.043
0.670
0.865
0.949
0.821
0.959
1.106
0.915
0.885
0.800
1.051
0.992
0.726
1.075
0.937
1.053
0.986
1.039
0.953
1.022
0.885
1.084
0.819
0.972
0.944
1.107
0.746
0.895
0.754
0.865
0.905
0.808
1.162
0.844
0.844
0.810
0.997
0.894
0.833
0.793
0.762
0.985
0.911
0.802
0.761
0.784
0.932
0.926
0.988
0.836
1.014
1.005
0.903
0.895
1.042
1.138
0.928
0.683
1.127
0.932
1.051
1.105
0.788
0.856
0.942
0.986
0.993
0.981
0.971
0.739
0.830
0.818
0.846
1.057
1.141
0.940
0.904
1.027
1.126
0.891
1.161
1.173
0.817
0.909
0.730
0.991
0.877
0.812
0.921
0.744
0.924
1.129
0.827
0.742
0.949
1.097
0.843
0.944
0.861
0.961
0.905
0.968
0.830
0.973
0.973
0.803
0.748
1.114
0.716
1.110
0.733
0.897
0.862
1.090
0.924
0.830
0.976
0.792
0.821
0.882
0.920
0.979
0.967
1.019
0.952
0.887
1.009
0.830
0.844
0.974
0.865
0.716
0.830
0.756
1.032
0.840
0.806
0.954
1.160
0.885
0.793
0.977
0.828
0.902
0.940
0.953
0.858
0.975
1.092
1.005
0.928
1.081
0.857
0.986
0.911
0.554
0.744
0.938
0.924
0.764
0.801
0.939
0.806
0.854
0.878
1.184
0.930
0.995
1.122
1.005
0.822
0.846
0.983
1.021
0.885
0.848
1.059
0.963
0.888
0.977
0.929
0.725
0.789
0.888
1.019
1.054
0.903
0.908
0.940
1.030
0.841
0.960
0.840
0.905
0.926
1.122
0.833
1.112
0.918
0.866
1.044
0.936
0.843
0.965
0.836
0.800
0.967
0.812
0.777
0.865
0.838
1.013
0.749
0.852
0.981
0.987
0.768
0.995
0.921
0.832
0.947
0.790
0.901
0.850
0.767
0.924
1.066
0.865
1.007
0.978
0.913
0.810
0.936
0.974
1.061
0.946
0.835
1.005
0.670
0.735
1.160
0.799
1.052
1.041
1.080
0.832
0.812
1.113
0.937
0.781
0.792
0.737
0.641
0.975
0.926
1.048
0.970
1.008
1.055
0.722
0.804
0.996
0.952
0.843
0.845
0.867
0.849
0.942
0.875
0.814
0.936
0.911
0.779
1.017
0.825
0.777
0.965
0.723
1.048
0.765
1.093
0.820
0.821
0.871
0.947
0.856
1.042
1.000
1.081
0.871
0.799
0.710
0.966
0.879
0.996
0.815
1.142
0.771
0.884
0.946
1.005
0.954
0.826
0.906
0.931
1.069
0.794
0.937
0.886
0.900
0.901
0.786
0.679
0.872
1.103
1.023
0.807
0.911
1.049
1.202
1.027
1.038
0.991
0.953
0.625
1.057
0.892
0.913
0.895
0.848
0.771
1.200
0.937
1.001
0.875
0.829
1.024
0.832
0.788
0.880
0.859
0.929
0.962
0.896
1.018
1.083
0.976
0.869
1.019
0.959
0.827
0.738
0.782
0.842
1.050
0.905
0.780
0.985
0.909
1.279
0.791
0.916
0.995
0.829
0.999
0.900
0.733
0.813
0.895
0.999
0.799
0.935
0.891
0.813
0.902
1.010
0.956
0.889
0.838
0.996
0.871
0.995
1.141
0.971
0.994
1.059
1.049
0.840
0.963
0.842
0.690
0.809
1.007
0.799
0.881
0.908
0.856
0.997
0.957
0.807
0.921
1.025
1.094
1.075
0.912
0.845
0.971
1.502
1.030
1.097
0.879
0.953
0.875
0.759
0.860
0.867
0.953
0.886
0.823
1.044
1.280
1.097
0.880
0.759
1.178
1.064
0.876
0.889
0.945
1.057
0.937
0.930
0.954
0.783
0.901
0.887
0.777
0.716
0.932
0.799
1.029
0.936
1.025
0.804
0.799
0.793
0.681
0.960
0.772
1.047
0.933
1.065
0.785
1.187
1.027
1.087
0.739
1.188
1.079
0.901
0.815
0.759
1.038
1.017
0.811
0.926
0.957
0.821
0.992
0.749
0.835
0.853
0.732
1.000
1.120
0.896
0.809
0.910
0.906
1.234
1.860
0.838
0.801
0.846
0.909
1.066
1.165
1.019
1.025
0.864
0.992
1.052
0.852
0.833
0.629
0.832
0.717
1.017
0.947
1.148
0.986
1.046
0.946
0.905
1.250
0.899
0.943
0.871
1.010
1.043
0.784
1.084
0.985
0.868
0.896
0.920
0.890
1.092
1.249
1.008
1.060
0.915
0.856
0.972
0.830
1.046
1.027
1.142
0.804
0.963
0.968
0.697
0.853
0.976
1.147
0.929
0.896
1.161
1.122
0.923
0.757
0.958
0.869
0.863
0.769
0.902
1.163
1.114
0.874
1.058
0.728
0.953
0.944
0.969
0.981
0.954
0.874
0.927
0.710
0.938
0.867
0.894
0.749
0.873
0.874
1.117
0.872
0.778
0.773
0.895
0.824
0.879
1.008
1.139
0.844
0.919
0.754
0.867
1.068
1.000
0.838
0.978
0.957
1.129
0.916
1.087
0.789
0.939
0.808
0.856
0.998
1.209
0.898
1.331
0.970
0.607
1.064
1.093
0.687
0.893
1.125
0.888
0.895
0.938
0.876
1.172
0.627
0.868
0.958
0.844
0.955
0.972
0.901
0.878
0.818
0.819
0.993
0.812
1.259
0.800
1.145
0.808
0.814
1.002
0.816
0.926
1.005
0.899
0.813
0.793
1.070
0.897
0.771
0.806
0.841
0.853
0.871
0.946
0.908
1.036
0.882
1.113
0.766
0.825
0.771
0.881
0.753
0.724
0.971
0.786
0.695
0.720
0.767
0.946
0.791
0.970
0.952
0.919
0.785
0.856
0.757
0.790
0.849
0.905
0.830
0.934
0.786
0.642
0.852
1.147
1.017
1.149
1.103
1.027
1.106
0.752
0.943
0.702
0.876
0.738
1.000
0.804
0.973
0.815
1.022
0.758
0.972
0.892
0.891
1.001
0.937
0.995
1.028
0.870
1.076
1.007
0.904
0.784
0.992
0.821
0.853
0.823
0.825
1.027
0.982
0.789
1.015
0.828
0.986
0.885
0.775
0.986
0.705
0.907
0.842
0.724
1.064
0.786
0.967
1.067
0.735
0.835
0.801
0.917
1.051
0.976
0.927
0.900
0.654
0.956
0.958
0.704
1.136
0.761
0.745
0.765
0.838
0.911
0.928
0.870
0.803
0.689
0.909
1.016
0.962
0.894
0.891
0.804
0.906
0.864
0.796
0.956
1.028
0.693
0.939
1.002
0.865
1.022
1.004
0.842
0.918
0.859
1.116
0.807
0.961
0.762
1.129
0.956
0.947
0.935
1.139
0.835
1.003
1.081
0.735
0.899
0.923
1.103
1.146
1.095
0.827
1.049
1.075
0.999
0.937
1.029
0.931
0.982
0.956
0.816
0.984
0.978
1.090
0.689
0.780
1.036
0.809
0.840
1.067
0.873
0.929
0.741
0.884
1.036
0.857
0.664
0.884
0.932
0.691
0.872
0.863
0.933
0.992
0.889
0.936
0.795
0.793
0.728
0.864
0.934
0.934
0.961
1.064
1.031
0.973
0.945
0.976
0.931
0.797
0.850
1.004
0.877
0.858
0.845
0.706
0.983
0.918
1.057
1.268
0.970
0.905
0.877
1.043
0.823
0.973
1.103
0.910
1.012
1.024
0.967
0.922
0.812
0.798
1.316
0.919
0.858
1.140
0.838
0.975
0.861
0.876
0.722
1.086
0.776
0.910
0.948
0.835
1.016
0.990
0.997
0.848
1.064
0.991
0.882
0.958
0.767
0.841
0.941
0.772
0.769
1.013
1.045
0.995
1.028
1.025
0.920
0.973
0.783
1.020
0.902
1.156
0.898
1.011
1.003
0.955
1.094
0.718
0.925
1.056
0.808
0.767
0.716
0.955
0.783
0.829
0.756
0.935
0.675
1.013
1.102
0.885
1.169
0.899
0.930
0.749
0.743
0.902
0.968
0.986
0.918
0.805
1.091
0.966
0.681
0.928
1.142
1.008
0.801
1.043
0.883
0.890
0.811
0.995
1.252
0.799
0.847
0.746
0.808
1.153
1.068
0.809
0.779
0.982
0.685
0.942
1.053
1.042
1.187
0.897
1.113
0.827
1.041
0.768
0.947
1.033
0.918
1.289
0.885
0.856
0.775
1.016
0.813
1.014
0.843
0.768
0.943
0.716
0.831
1.038
0.931
1.051
0.826
0.927
0.907
0.719
0.676
0.732
0.978
0.930
0.797
0.877
0.962
1.070
0.896
0.769
0.845
0.892
0.769
1.090
0.876
0.932
0.984
1.052
1.006
0.879
1.031
1.085
0.969
0.933
0.895
0.864
1.050
0.749
1.055
0.903
0.788
0.967
0.822
0.933
0.913
0.861
1.163
0.902
0.885
0.778
1.026
0.949
1.149
1.018
1.019
0.923
0.877
0.819
0.834
0.902
0.936
0.856
1.106
0.807
1.065
0.691
1.005
0.944
0.872
1.077
0.912
1.079
0.781
0.802
1.048
0.778
1.187
0.934
1.012
0.785
1.011
0.927
1.010
0.805
0.987
0.963
0.830
1.066
0.865
0.810
0.883
0.955
0.779
1.002
0.854
0.965
0.804
0.995
1.033
1.211
1.077
0.833
0.868
0.740
0.897
0.927
1.054
0.948
0.945
0.752
0.908
0.826
1.018
0.761
0.941
0.691
1.078
0.834
0.959
0.959
1.039
0.935
1.491
0.902
1.063
1.589
1.052
0.986
1.012
0.961
0.936
0.898
1.022
0.981
0.785
1.005
0.889
1.170
0.872
0.807
0.809
0.644
0.800
1.017
0.806
0.963
0.808
0.912
0.889
0.936
0.894
0.805
0.678
1.143
0.780
0.863
0.983
0.843
0.891
1.005
0.993
1.012
0.916
0.909
0.800
0.802
0.741
0.938
0.814
0.881
0.822
1.105
0.773
0.963
1.039
0.746
0.977
0.856
0.710
0.921
0.873
0.772
0.828
0.833
0.968
1.004
0.787
0.994
0.716
1.143
0.903
0.651
0.879
0.875
0.886
0.872
1.085
0.727
0.965
0.869
0.969
1.053
0.985
0.637
1.031
1.075
0.821
0.787
0.866
0.863
0.957
0.828
0.922
0.767
0.911
0.844
0.900
0.774
1.093
0.872
1.014
1.044
0.968
1.046
0.972
1.139
0.837
1.052
0.713
0.798
0.909
0.823
0.812
0.852
1.173
0.734
1.198
0.731
0.890
0.984
0.787
0.752
0.805
1.149
0.979
0.971
1.192
1.028
0.986
0.823
0.841
0.976
0.822
0.813
0.935
0.922
0.958
1.049
0.949
0.722
0.916
0.817
0.861
0.953
0.920
0.868
1.069
1.014
0.829
0.773
0.947
1.017
1.031
0.904
0.714
0.815
1.107
0.903
0.777
0.976
0.771
0.918
0.990
0.931
0.818
0.850
0.724
0.943
0.891
0.781
0.838
0.847
0.781
0.866
0.837
0.986
0.825
0.767
0.888
0.911
0.843
1.030
0.814
0.938
0.883
0.898
0.847
0.822
1.013
0.723
0.793
0.788
0.771
0.836
0.921
0.819
0.908
0.736
0.822
0.953
0.897
0.807
1.029
1.015
0.836
0.954
0.904
0.760
1.014
0.894
0.699
0.969
1.065
1.056
0.800
0.791
1.051
0.962
0.929
0.950
0.829
0.771
0.681
0.882
0.825
0.938
0.911
0.883
0.995
0.727
0.900
0.846
0.834
0.947
0.877
0.872
1.019
0.748
0.995
0.924
1.081
0.822
0.802
1.021
1.017
0.983
0.819
0.793
0.869
0.819
0.767
0.944
0.896
0.859
0.733
0.794
0.748
0.835
0.677
0.804
0.940
0.931
0.953
0.729
0.818
0.746
0.894
0.975
0.861
0.854
0.842
0.739
0.734
0.770
0.825
0.780
0.952
0.842
0.960
0.676
0.856
0.999
0.878
0.746
0.901
0.947
0.710
0.808
1.022
0.814
0.948
1.061
0.710
0.932
1.004
0.799
0.665
0.800
0.807
0.753
0.804
0.786
0.918
0.992
0.956
0.971
0.857
0.857
0.804
0.890
1.083
1.069
0.909
0.978
0.915
0.938
0.953
0.819
0.827
0.978
0.757
0.768
0.957
0.729
0.849
0.935
0.829
0.911
0.694
0.903
0.736
0.746
0.744
0.816
0.952
0.930
0.812
0.764
0.873
0.710
0.727
0.759
0.943
0.897
1.002
1.042
1.049
0.816
0.941
0.584
0.972
0.900
0.875
0.663
0.658
0.899
0.804
1.019
0.880
0.977
0.998
1.033
0.734
0.889
0.666
0.669
0.824
0.887
0.921
0.708
0.850
0.836
0.975
0.964
0.806
0.857
0.897
1.022
0.798
0.965
0.770
0.843
1.009
0.786
1.175
0.795
1.128
0.703
0.961
0.839
0.717
0.782
0.761
0.762
1.103
0.724
0.941
0.828
0.711
0.951
0.797
0.779
1.091
0.803
0.833
0.837
0.760
0.939
0.893
0.711
0.693
0.953
0.985
0.802
0.707
0.932
0.672
0.970
0.743
0.832
0.928
0.864
0.950
0.787
0.920
0.865
0.852
0.892
0.885
1.071
0.890
0.904
0.851
0.971
0.814
0.949
0.826
0.697
0.990
0.791
1.042
0.855
0.923
0.729
1.056
1.050
0.882
1.153
0.812
0.801
0.925
1.277
0.861
0.806
0.832
0.951
0.854
0.767
0.932
1.019
0.893
0.895
1.118
0.857
0.945
0.999
0.801
0.756
0.870
0.834
0.763
1.170
1.030
0.955
1.027
0.729
0.706
1.007
0.810
0.954
1.057
1.008
1.041
0.953
0.733
0.795
0.898
1.217
1.174
1.107
0.859
1.067
0.821
0.950
0.765
1.077
0.791
1.143
0.757
0.794
0.972
0.818
0.868
0.725
0.796
0.790
0.821
1.061
1.054
0.827
0.867
0.941
0.844
0.818
1.039
0.731
1.004
0.966
0.812
1.001
0.977
0.883
0.757
1.130
0.772
0.760
0.959
1.202
0.878
1.036
0.745
0.883
0.835
0.986
0.944
1.109
1.149
0.890
1.270
0.788
0.755
0.766
0.890
1.102
0.887
0.851
0.848
0.745
0.936
0.852
0.815
1.023
0.909
0.845
0.889
0.945
1.040
0.939
0.712
0.961
0.874
0.915
0.769
0.853
0.973
0.798
0.884
0.874
0.973
0.897
0.997
0.719
1.199
1.064
0.948
1.019
0.885
0.944
0.923
0.844
1.143
0.961
0.785
0.846
1.014
0.866
0.933
0.877
0.754
0.805
0.956
1.212
0.825
0.978
1.141
0.724
0.934
0.852
0.980
0.857
1.031
0.928
0.942
0.913
0.894
0.948
0.993
0.987
0.802
0.765
1.031
0.758
1.084
0.892
0.868
0.961
0.957
0.903
0.849
0.748
0.844
1.052
0.768
0.920
1.045
1.134
1.031
1.031
0.786
0.691
0.837
0.884
0.876
0.959
0.815
1.060
0.819
0.779
1.016
0.949
0.991
0.835
1.001
0.897
1.032
0.946
1.058
0.912
0.776
0.940
0.929
0.692
0.844
1.206
0.969
1.150
0.931
0.969
1.220
0.880
0.917
0.813
0.834
0.752
0.863
0.755
1.017
0.807
0.896
0.716
0.995
0.951
0.858
0.728
0.829
0.760
0.809
0.927
0.710
0.686
1.090
0.958
1.097
0.865
0.991
0.887
0.915
0.881
0.907
1.083
0.873
0.838
0.891
1.049
0.994
1.129
0.772
0.774
0.787
0.867
0.891
0.854
0.872
0.863
0.729
0.781
0.890
0.852
0.691
0.874
0.763
0.639
0.888
0.858
1.016
0.881
1.076
0.770
0.880
0.985
0.812
0.880
0.894
1.000
0.956
0.789
0.898
1.003
0.783
0.807
0.952
1.002
0.895
1.046
0.898
0.866
1.062
0.862
0.725
0.968
0.908
0.718
0.878
0.869
1.144
0.919
0.927
1.059
0.912
0.883
1.004
0.984
1.096
1.310
0.850
0.894
0.904
0.993
0.905
0.846
0.974
0.818
1.003
0.957
0.860
0.901
0.914
0.857
1.050
0.994
1.093
0.805
0.944
0.918
0.814
0.785
1.068
0.791
0.905
0.788
0.716
0.790
0.842
0.799
1.047
0.882
0.876
0.807
0.770
0.962
0.718
0.739
0.941
0.901
1.000
0.907
0.718
0.813
0.823
0.728
0.780
0.930
0.995
0.786
1.164
0.713
0.924
0.808
0.826
0.806
0.717
0.954
0.835
0.747
0.961
1.022
1.062
0.814
0.686
0.776
0.977
0.709
0.832
0.874
0.966
0.960
0.982
0.855
0.859
0.877
0.841
0.985
0.842
0.833
0.916
0.857
0.867
0.835
0.868
0.812
1.014
1.224
0.999
0.788
0.918
0.837
1.057
0.985
1.174
0.882
1.074
0.930
0.833
0.913
1.073
1.140
1.091
0.900
1.057
0.775
0.814
0.750
0.772
1.004
0.911
0.911
0.932
0.819
0.943
0.971
0.888
0.900
0.894
1.027
0.797
0.882
0.809
1.116
0.838
0.891
0.773
0.739
0.911
0.872
0.888
0.858
0.760
0.886
0.938
0.763
0.935
0.836
0.921
0.964
0.988
0.802
0.824
0.845
1.201
0.770
0.939
0.819
0.879
0.830
0.913
0.991
0.805
0.768
0.913
0.805
0.925
0.800
0.867
0.837
0.931
0.887
0.929
0.972
