1620
1266
1188
1872
1986
1362
1344
1704
1218
996
1572
1446
2010
1992
1794
2574
1764
1794
1974
2112
1542
1248
1980
2364
2160
1866
2136
1968
1746
1602
1770
2376
2586
1662
1440
1680
1440
1602
1488
1872
2076
2040
2190
2082
2238
2610
2100
1866
2094
1830
1692
1476
1068
1524
1038
984
882
630
534
378
132
144
306
498
546
666
612
540
912
630
564
330
510
600
432
168
396
600
294
114
288
468
594
312
258
390
396
606
576
522
246
222
300
582
366
528
396
354
468
432
534
354
108
156
408
288
294
486
486
492
858
1194
1548
1986
2094
1638
2088
2352
2160
2298
2520
1938
2286
2514
2028
1980
2634
2334
1884
1770
1266
1350
1122
1704
1542
1650
2058
1158
936
792
618
684
972
684
684
576
408
282
390
402
144
162
162
138
246
144
246
138
186
264
120
174
570
456
384
396
126
216
192
222
300
144
282
426
1092
822
318
180
168
228
174
144
126
174
210
294
744
612
738
546
474
402
186
102
102
108
126
114
78
354
594
834
612
618
798
888
1236
1326
1116
1626
1800
1632
1800
1536
2220
1962
1464
1362
1194
744
846
540
366
558
570
318
660
840
924
846
738
996
906
1026
1050
762
720
846
876
1254
1434
1680
2316
2820
1914
1938
1458
1584
1950
2910
1806
2340
1962
1860
1668
1206
942
1314
774
600
648
420
468
606
798
306
342
114
138
258
396
420
246
498
372
108
72
90
342
396
240
390
240
234
120
348
522
162
402
384
438
774
936
834
1158
852
1236
1536
1446
1458
1416
1680
1518
1254
984
924
1200
768
780
864
474
354
324
78
204
84
156
102
366
228
138
198
96
222
342
384
306
168
198
354
474
324
510
834
456
318
84
138
144
120
102
168
252
120
138
108
384
288
462
774
936
1038
774
654
774
1116
1062
1242
990
1152
1446
2142
2094
2076
2334
1824
2046
2226
2046
1656
2244
2430
2388
1992
2616
1932
1650
2310
2118
1842
1452
1446
978
1452
1644
1506
1122
570
582
654
1056
474
630
390
306
234
330
648
804
852
1116
996
714
768
900
762
780
456
342
516
798
684
468
408
258
186
252
144
90
72
186
162
156
198
132
240
114
132
258
318
114
144
84
258
366
336
126
102
414
336
564
834
1206
852
984
744
660
852
996
924
1098
720
834
1146
1116
768
852
492
132
114
438
696
690
918
1014
792
696
636
576
534
612
870
774
762
660
702
438
276
144
174
90
120
168
126
588
1176
1110
1788
2220
1356
1278
888
786
798
618
378
234
240
378
198
102
108
162
96
156
420
492
594
930
984
960
984
1332
1194
1290
1380
1968
1716
1266
1230
1140
1056
1092
984
888
768
1194
1248
1794
1428
1008
1656
1512
2448
1632
1788
2184
2280
2694
2016
2778
2886
2388
2538
2142
2082
2286
2010
1830
1884
1464
1482
1566
1170
1038
1476
1554
1302
1116
1860
1296
1278
1650
1710
1872
1482
1542
1332
1758
1296
702
1074
642
654
696
588
804
702
822
672
492
336
408
108
318
534
390
198
102
132
204
186
354
150
198
408
894
1362
1002
1218
1296
1278
1068
1176
930
708
828
1014
1218
1338
1098
1122
1188
798
894
636
810
1122
708
192
102
174
204
156
216
144
132
408
384
390
522
636
498
528
582
786
732
456
558
504
246
384
1212
954
588
612
540
444
336
468
420
246
228
90
348
138
174
222
390
366
630
432
366
282
240
144
156
144
138
330
684
558
444
654
522
504
312
708
636
420
288
114
72
126
108
114
78
102
318
732
900
996
1302
1542
816
678
660
264
102
270
228
228
228
504
786
672
666
678
810
648
684
696
810
960
372
312
186
210
114
168
198
144
108
144
300
714
726
882
462
324
162
330
282
216
318
162
90
102
114
108
138
114
240
132
216
504
726
528
426
528
624
420
666
774
474
492
510
306
216
198
162
432
282
174
138
246
192
138
246
450
516
660
816
744
864
1008
918
714
606
408
360
252
324
300
210
372
450
426
330
108
168
126
330
270
366
240
156
306
264
120
96
120
342
330
132
246
144
270
408
366
288
276
372
276
474
492
342
156
90
432
342
234
234
120
210
246
264
162
246
156
246
240
192
120
276
168
546
732
972
1182
948
708
474
630
516
594
798
552
396
126
180
264
156
138
144
78
324
258
126
138
258
462
408
300
114
294
816
756
942
828
768
720
570
684
774
1092
978
1284
936
882
750
612
762
966
816
534
696
588
888
1224
1014
726
474
432
666
1056
600
216
108
114
150
90
306
204
132
162
144
186
180
72
204
414
822
798
858
402
258
282
492
348
150
264
264
432
396
174
180
288
366
492
552
690
804
516
228
90
126
156
318
138
162
420
390
426
816
1164
1188
900
852
678
342
102
156
324
522
768
1068
870
924
1104
1134
930
1050
1332
948
834
846
786
390
204
216
300
504
240
120
486
456
510
318
516
420
96
156
114
120
126
252
432
828
348
612
360
84
84
126
78
204
192
126
96
204
414
456
174
114
96
162
138
186
216
228
216
126
78
96
174
378
246
306
330
78
330
552
666
210
84
96
216
186
108
186
222
132
186
192
72
114
306
162
120
114
414
624
204
90
180
288
378
228
198
342
192
126
114
180
114
114
138
78
78
216
114
78
192
108
318
498
222
342
468
510
264
162
180
96
162
102
96
192
138
168
174
90
144
102
180
156
186
96
96
162
96
156
138
330
468
312
204
126
120
264
246
168
102
120
108
84
222
288
366
138
78
348
330
72
96
330
264
102
108
126
132
96
126
108
60
222
432
222
420
414
480
612
474
684
516
378
180
228
114
342
252
222
360
660
504
288
300
360
258
360
186
120
102
288
162
198
120
384
414
366
168
192
114
162
282
132
204
114
132
138
102
138
216
192
84
132
282
198
372
420
654
558
474
576
438
144
84
162
156
264
102
366
486
432
438
480
318
192
300
558
258
72
132
186
192
180
192
300
336
198
144
102
216
114
150
138
126
114
84
144
102
96
180
186
204
90
246
138
216
312
96
90
96
138
222
120
384
384
120
138
240
378
300
534
276
222
522
468
408
462
168
180
174
444
264
306
186
450
294
204
204
186
198
102
120
222
126
150
108
96
156
174
132
312
402
264
318
144
390
252
204
126
126
108
204
522
708
894
480
474
204
192
258
150
222
114
150
102
252
96
294
378
462
612
660
270
180
114
120
180
174
216
150
228
216
210
108
234
300
510
720
1008
1092
666
378
264
78
174
120
102
372
390
204
72
186
84
120
204
330
198
132
114
354
438
108
126
120
372
618
558
666
558
594
822
552
162
96
180
138
204
318
336
288
522
750
714
138
144
222
246
144
174
144
72
246
276
402
264
156
174
174
276
258
156
252
534
426
330
240
90
114
90
228
156
180
378
726
570
666
594
744
480
414
198
96
108
96
144
402
654
1200
858
732
654
474
216
336
642
438
294
192
162
126
306
162
90
318
294
456
456
210
228
120
144
216
246
186
120
144
132
132
180
222
258
288
264
186
156
258
474
360
114
432
366
270
354
180
132
288
180
198
84
120
174
180
144
96
126
108
90
120
168
84
114
198
132
540
318
600
780
546
222
270
168
300
288
288
90
186
126
84
108
120
174
156
96
150
84
120
144
174
240
192
252
276
138
126
120
228
132
306
96
198
114
114
318
582
462
162
192
126
156
240
306
96
162
300
126
162
144
102
144
162
102
120
120
90
150
108
174
84
126
78
66
120
66
204
210
264
228
96
84
144
90
180
216
108
138
114
78
216
126
168
294
156
96
138
132
90
108
126
114
120
156
204
294
348
228
234
114
102
180
420
330
510
246
126
138
210
138
168
168
204
330
240
222
90
102
222
120
498
336
480
558
276
384
420
162
114
84
240
114
114
102
228
120
132
240
210
228
120
144
84
168
84
156
276
252
120
102
102
240
186
96
126
198
132
192
300
228
156
96
204
222
102
156
144
126
132
96
114
168
120
126
96
282
192
150
528
330
72
96
198
132
126
162
120
114
216
450
90
144
222
342
120
150
162
210
168
108
270
480
348
336
432
342
168
126
144
126
144
120
258
126
138
336
132
96
90
114
144
120
66
120
138
120
90
84
294
492
690
552
786
612
330
168
108
114
84
186
102
228
126
228
420
672
438
342
306
126
150
360
726
504
570
174
78
84
162
492
576
534
108
78
102
108
108
120
204
96
102
156
192
462
312
126
174
126
126
102
408
378
240
204
162
222
120
162
114
108
132
252
192
156
138
132
108
144
96
144
120
390
198
84
84
318
390
318
102
156
96
126
228
114
354
534
366
168
102
114
294
114
162
102
102
120
168
354
138
150
174
204
108
90
186
498
306
102
132
156
186
114
120
240
270
156
114
96
84
156
156
144
144
186
102
192
66
84
90
150
216
162
138
270
264
150
150
312
246
264
114
240
108
132
150
120
384
180
108
138
108
96
102
216
114
126
156
246
108
426
144
138
138
96
120
150
114
174
252
186
612
648
798
648
546
366
120
102
90
114
378
384
168
78
306
324
336
300
126
180
228
120
204
84
102
252
252
216
288
354
108
180
90
246
198
90
114
114
162
252
186
90
90
90
150
126
120
150
474
504
348
546
354
102
102
108
126
150
276
342
450
570
378
222
96
102
78
162
348
252
138
96
108
90
114
186
336
138
102
186
216
408
126
132
90
90
198
168
180
90
90
216
234
174
252
168
156
162
240
198
150
84
108
126
102
246
126
126
126
72
126
102
126
102
126
78
96
294
366
144
288
168
90
234
78
108
78
90
216
228
354
324
306
312
294
240
204
138
342
258
318
522
966
558
450
516
372
378
312
378
486
750
798
984
600
150
102
198
360
222
174
216
312
174
150
102
198
150
156
138
210
102
78
72
126
90
162
210
144
144
318
246
174
558
342
174
210
120
126
240
198
204
432
174
126
102
180
282
150
102
90
144
180
96
108
108
168
114
252
186
480
318
174
570
414
282
90
282
150
234
126
282
312
282
174
210
210
138
126
138
90
420
474
528
132
114
114
132
84
96
108
132
120
102
90
90
96
402
672
522
612
204
318
330
78
132
144
138
114
336
204
108
96
84
138
222
210
180
90
234
138
90
102
102
84
114
150
372
390
120
120
96
138
156
96
96
246
90
102
114
126
96
84
84
114
138
126
78
96
90
120
198
354
414
234
162
306
366
336
126
312
204
102
138
180
162
96
144
306
426
120
78
180
348
198
144
192
162
210
594
594
186
90
336
702
780
186
324
678
738
276
96
150
78
84
162
72
132
114
168
96
84
72
120
294
774
312
420
258
96
174
366
282
270
162
162
138
480
186
90
102
126
114
444
246
186
108
90
96
144
108
174
144
126
108
144
84
192
234
114
162
414
510
864
792
354
396
192
120
120
90
120
186
102
84
180
132
84
144
102
336
144
120
102
108
108
72
192
744
1158
798
936
780
594
558
660
606
432
366
204
138
234
234
120
120
222
144
150
108
138
144
222
120
90
252
540
240
126
102
282
156
96
330
96
108
72
90
96
258
180
234
276
90
144
144
126
180
216
372
162
138
96
138
228
120
126
258
138
144
174
150
114
264
462
198
102
144
120
150
150
300
132
162
330
174
276
108
96
210
84
156
120
96
96
90
78
108
186
162
120
84
228
222
156
78
96
186
162
78
300
120
120
90
168
174
168
90
120
96
378
144
120
198
294
132
150
108
366
342
192
300
372
156
84
180
96
138
180
474
504
504
144
102
168
90
126
120
84
246
246
90
126
126
180
486
558
246
84
168
240
150
114
90
78
78
156
192
144
108
114
108
96
174
156
90
102
114
102
216
372
570
480
288
162
120
180
120
216
246
342
276
264
228
90
144
396
168
132
120
162
102
186
132
198
306
180
114
180
114
132
102
132
276
258
144
114
72
234
360
132
114
132
66
174
96
246
174
210
216
120
138
120
90
84
90
78
84
72
96
102
132
144
114
90
108
312
366
168
222
108
168
186
144
108
288
120
162
150
162
162
216
534
282
186
102
114
126
348
192
84
96
108
210
504
126
96
66
150
72
84
96
162
84
102
84
96
156
180
132
102
108
264
120
96
114
210
234
132
96
150
102
156
144
102
126
102
216
150
114
114
114
108
150
114
114
90
84
96
150
156
168
120
72
96
120
114
90
204
192
126
294
270
474
204
192
126
150
162
162
90
84
108
84
204
234
198
234
294
612
342
582
354
78
120
282
132
168
102
210
210
402
534
642
558
276
360
138
114
90
300
198
198
246
198
132
84
186
120
114
144
150
144
114
114
90
72
282
282
336
408
432
126
210
102
120
318
402
132
114
84
204
126
138
120
270
270
150
120
234
66
72
168
72
138
132
186
120
84
126
162
90
168
150
114
186
162
120
102
240
294
294
96
90
210
126
102
108
120
120
84
198
114
138
288
588
270
126
288
210
108
180
114
108
186
228
216
138
108
174
258
204
168
102
294
78
78
96
84
72
198
96
108
114
366
426
198
138
108
120
90
108
114
108
108
96
90
198
78
150
174
444
276
114
108
108
138
96
198
96
72
132
78
102
72
72
108
282
186
96
240
180
216
186
366
270
96
120
108
162
150
138
258
258
84
114
96
180
216
108
222
366
312
240
318
240
102
102
120
120
96
108
192
156
156
126
102
120
276
96
96
78
138
174
132
66
96
102
138
180
174
168
216
84
90
72
144
108
126
204
300
108
348
126
234
114
90
192
108
282
264
198
168
138
96
72
96
120
168
162
138
102
162
90
108
174
150
90
90
138
234
132
150
90
168
120
108
132
96
120
108
138
342
342
282
174
276
288
126
90
120
114
126
318
234
78
120
96
66
114
96
114
282
96
90
186
252
372
420
372
144
246
102
336
318
90
186
210
192
132
72
168
84
102
198
96
108
66
192
198
198
108
276
192
126
114
102
162
126
150
240
78
84
174
126
120
90
84
102
360
264
162
198
228
120
336
210
126
84
90
108
240
240
120
132
114
132
114
90
90
414
384
162
90
90
126
138
264
150
72
96
222
180
222
156
102
108
90
78
108
78
96
90
114
234
228
180
120
108
168
72
132
66
198
120
132
132
108
90
156
144
372
672
270
126
138
72
210
90
108
84
108
216
336
126
102
96
120
330
300
114
90
108
72
108
90
156
294
252
306
108
186
78
234
114
186
144
240
192
102
90
120
72
180
108
348
456
120
150
234
126
324
282
132
216
102
102
108
288
162
204
132
432
174
156
180
84
246
162
192
114
114
192
126
174
456
270
84
144
102
120
168
90
282
300
96
114
162
144
222
150
96
204
114
90
162
102
162
414
486
342
702
252
138
348
312
150
108
120
96
102
102
120
180
138
408
564
282
72
162
96
114
168
90
120
132
144
498
336
144
78
90
102
96
402
420
354
204
90
204
180
264
306
168
78
132
210
156
120
150
276
318
240
186
108
114
150
114
132
210
402
318
162
102
276
528
162
84
84
102
126
180
162
366
156
534
978
516
282
198
96
102
144
192
126
288
132
114
156
192
162
66
78
126
120
96
246
390
138
336
474
318
330
618
198
108
90
150
102
84
102
96
120
138
96
192
96
120
114
114
186
66
84
126
114
96
114
216
180
90
96
102
102
228
102
180
192
102
102
96
78
156
96
108
108
210
132
156
252
528
144
102
102
90
276
126
90
222
216
90
108
162
264
414
126
90
114
198
114
186
96
186
144
204
102
348
114
84
114
90
78
234
192
168
168
174
216
234
138
132
270
90
90
102
60
162
138
114
162
150
90
162
126
66
108
144
162
126
84
180
108
180
156
168
168
78
180
96
192
246
186
378
348
342
180
126
204
348
228
90
144
108
174
132
168
120
84
174
150
210
144
102
66
120
252
114
114
90
126
180
114
96
156
252
276
354
780
444
114
384
438
276
120
90
114
138
90
150
156
108
144
126
90
150
120
180
150
78
108
198
108
72
108
240
138
126
66
108
138
108
162
126
144
84
108
102
174
228
294
90
102
132
108
96
186
72
108
96
90
96
144
222
90
162
78
108
84
102
102
132
108
144
138
132
96
66
174
78
84
174
96
132
84
174
150
144
138
180
108
132
144
96
108
150
66
108
90
150
102
120
138
126
96
114
72
228
168
132
198
144
96
78
108
102
156
102
438
84
240
198
144
186
228
174
126
114
90
96
114
108
120
84
168
192
84
78
144
222
90
126
150
126
132
102
84
150
144
126
174
144
132
360
138
108
96
84
90
84
96
186
90
204
288
102
120
132
156
156
360
144
90
120
108
90
222
282
108
108
156
162
150
126
114
174
126
186
246
294
204
168
132
138
114
126
288
258
648
642
156
96
102
84
96
72
90
78
90
228
114
120
90
114
144
246
162
90
90
66
186
258
174
126
72
258
228
78
174
168
108
132
180
138
72
222
162
126
156
132
60
132
150
156
72
144
252
84
144
210
228
120
84
138
114
114
78
138
96
126
258
120
72
78
108
156
138
288
72
156
90
72
96
108
96
234
78
102
162
186
120
84
162
168
150
306
216
234
90
102
108
186
138
162
126
102
144
90
96
372
312
156
114
126
138
108
180
144
132
204
138
144
78
120
108
102
138
90
144
78
132
162
96
108
126
66
114
150
162
90
78
114
96
132
78
288
138
90
96
72
126
108
216
84
120
114
198
102
204
120
180
90
168
162
174
114
192
282
186
150
330
198
90
90
114
138
114
132
342
162
246
258
174
114
96
102
96
108
96
90
156
132
306
108
180
126
114
102
90
120
270
84
282
276
108
78
174
174
96
102
180
90
162
114
78
78
84
126
78
108
108
120
90
90
72
78
66
90
144
168
90
216
246
114
168
330
108
174
150
90
84
144
168
156
66
168
96
102
90
150
132
114
132
216
90
216
174
240
156
114
78
210
90
90
108
144
96
78
108
156
120
300
372
90
150
96
132
84
114
234
126
156
312
162
102
138
216
330
192
78
162
108
132
90
96
126
138
126
198
102
126
102
126
90
126
96
96
174
132
72
90
144
162
90
102
126
126
102
114
156
126
102
96
162
90
96
132
150
186
144
138
114
240
138
84
90
90
72
90
90
162
198
204
114
126
180
228
96
126
78
96
90
102
102
90
150
120
126
84
102
108
96
96
330
336
210
126
96
132
114
108
96
108
138
102
96
126
162
78
72
90
96
174
120
90
108
78
240
216
180
210
120
96
108
138
96
78
108
90
186
102
132
132
210
102
144
96
78
96
78
96
192
180
138
78
126
282
306
168
126
72
114
114
102
72
108
102
108
102
96
162
72
78
90
84
84
126
96
120
102
186
78
156
96
84
138
72
90
108
96
90
132
132
96
78
96
174
96
90
114
156
114
120
168
414
210
114
102
408
162
150
144
252
240
102
126
108
120
90
126
132
84
282
156
90
108
60
90
120
96
156
78
84
174
186
162
96
138
102
198
180
180
84
114
90
162
168
228
150
102
90
90
108
204
120
72
228
132
204
162
84
72
96
240
192
96
72
330
162
126
108
120
150
114
120
72
120
96
78
78
168
252
114
132
90
120
156
138
102
138
168
114
102
144
120
144
168
192
306
90
138
432
438
312
162
162
126
150
90
138
186
102
192
228
162
96
144
126
84
96
96
192
114
96
114
138
108
126
210
96
168
90
132
96
186
300
168
108
90
120
90
126
102
216
102
108
204
108
222
246
78
96
84
78
84
150
126
96
96
90
78
168
84
246
222
96
96
84
108
156
108
72
228
120
120
78
96
102
78
114
90
120
114
120
72
102
150
102
150
102
96
156
138
84
126
90
96
96
90
114
126
90
66
162
132
108
258
252
180
168
276
318
174
84
72
162
276
156
96
90
132
114
96
114
66
108
96
90
108
90
84
96
78
114
78
108
336
90
120
90
72
120
96
90
114
180
132
96
78
144
102
102
96
132
114
138
90
132
210
510
132
96
102
372
126
96
366
222
84
126
138
90
144
102
102
72
102
114
342
222
174
108
114
102
102
102
114
114
120
120
84
126
216
162
102
72
84
246
198
108
114
162
96
96
150
90
162
210
96
102
108
78
96
114
96
174
90
90
96
174
324
228
156
90
78
72
84
90
84
126
222
72
126
114
150
294
180
126
120
102
120
150
162
102
174
150
90
96
120
96
144
126
114
114
90
102
108
114
102
156
102
114
78
198
144
198
150
108
102
90
114
114
186
360
294
132
126
114
150
186
186
96
84
78
168
132
126
78
156
150
114
150
144
138
102
84
132
114
96
90
114
150
162
156
96
204
162
90
138
102
180
90
138
102
186
78
84
132
150
90
102
162
108
144
78
72
108
84
108
132
108
96
132
132
78
96
114
162
66
174
228
90
162
150
132
96
126
102
96
78
84
504
528
156
108
168
108
84
114
126
126
138
102
72
114
132
144
72
78
204
150
84
78
276
210
282
114
150
90
150
192
72
108
348
102
174
114
96
90
138
102
138
228
162
144
90
126
186
168
84
84
84
132
150
78
144
162
198
126
180
108
156
90
114
102
156
132
102
78
150
144
126
114
72
90
132
228
402
144
96
78
108
90
78
156
114
126
114
90
120
204
102
132
144
96
120
132
192
144
96
120
120
96
90
108
114
132
90
186
186
90
90
186
114
102
180
108
186
162
126
96
126
114
96
132
114
270
132
90
108
132
132
120
90
96
84
174
264
120
96
78
90
102
144
120
324
432
108
84
96
78
216
330
156
102
108
132
120
78
228
306
102
168
162
216
96
126
102
78
78
114
114
96
84
120
120
162
174
120
90
108
114
150
114
144
234
108
108
120
102
144
108
90
78
108
96
108
162
126
108
102
60
114
96
72
114
84
168
96
150
168
132
84
126
120
84
138
168
126
156
306
120
120
156
228
162
120
90
102
78
90
126
84
90
120
108
198
234
156
120
108
108
66
78
120
78
96
180
114
108
102
72
156
120
192
114
120
78
162
150
108
84
162
282
180
84
186
300
276
138
90
72
180
264
120
102
102
108
102
102
114
84
108
144
72
96
156
168
114
66
84
90
102
96
66
126
126
264
144
90
192
108
78
186
198
108
90
132
114
114
78
84
114
192
90
150
72
96
72
114
126
90
120
120
378
168
108
378
312
102
108
120
120
96
138
72
96
132
108
102
132
210
78
174
114
156
114
90
174
84
174
246
102
96
102
90
108
120
108
132
114
108
102
78
114
108
150
66
78
150
78
168
102
228
156
204
108
138
114
114
90
102
84
174
78
114
138
108
114
108
78
90
150
522
480
426
162
108
84
252
156
126
84
186
156
108
108
120
108
90
78
198
102
102
96
90
78
90
96
156
144
90
108
78
90
108
126
114
84
120
156
96
240
180
96
126
192
90
96
126
84
84
96
102
78
114
114
102
168
84
126
114
102
96
108
174
438
306
186
144
138
144
108
78
90
72
156
60
138
90
120
126
108
66
336
96
72
174
204
108
72
90
78
96
144
114
96
186
72
84
144
186
126
150
90
234
270
120
180
162
114
222
132
114
102
228
240
114
132
84
84
228
114
96
96
78
96
120
162
156
168
108
96
102
120
132
156
102
90
186
108
60
114
126
168
132
90
126
174
90
132
108
114
84
96
132
72
90
108
162
108
90
102
96
102
96
96
78
96
132
138
84
102
150
282
120
150
132
138
84
96
276
102
72
168
156
222
102
90
102
78
126
168
180
132
102
84
138
102
66
102
96
198
84
90
84
108
78
126
102
102
78
90
60
108
96
72
132
192
90
132
150
102
90
72
108
138
168
102
90
108
90
120
120
144
120
204
246
114
132
108
102
84
108
138
138
96
102
102
84
78
90
90
120
126
228
96
114
114
150
162
144
78
96
114
102
78
126
126
138
84
90
90
108
180
96
132
90
60
108
114
102
96
102
90
102
96
114
108
90
108
186
120
150
162
150
96
78
90
114
84
108
96
102
156
132
144
78
72
114
78
90
78
120
96
78
78
78
144
126
114
60
198
294
120
216
270
114
138
240
144
114
108
90
66
90
144
240
66
114
72
78
132
108
102
126
126
96
180
78
168
132
102
126
96
84
84
72
102
78
120
66
108
96
84
144
90
96
144
150
150
114
120
162
66
72
96
72
138
168
186
120
156
132
174
84
66
114
96
90
108
108
114
120
108
132
78
126
120
114
84
84
96
126
168
150
132
78
78
114
102
66
102
114
96
102
108
96
126
78
102
108
78
114
96
66
90
126
144
180
66
138
96
90
90
102
84
162
96
78
78
84
96
144
120
108
72
120
126
102
90
114
168
72
84
102
90
138
96
168
102
96
108
156
168
90
156
114
132
126
114
96
132
78
96
102
108
90
240
144
120
108
132
156
84
90
90
126
120
150
192
132
96
108
156
180
108
96
78
108
96
102
78
144
96
174
66
96
84
72
150
102
102
252
240
126
144
78
78
108
102
84
90
126
120
90
120
108
72
120
114
90
66
108
78
72
156
66
84
114
426
138
78
90
102
90
84
90
108
84
84
162
144
150
132
168
126
192
156
192
132
96
168
138
126
132
78
84
84
192
114
114
120
126
144
78
78
96
114
114
108
114
108
162
78
96
90
102
108
78
102
84
90
144
108
132
210
132
120
102
90
102
180
234
90
138
102
168
102
120
78
66
132
96
84
168
90
78
102
234
354
126
120
210
288
84
78
84
78
132
120
96
330
174
162
132
102
210
126
102
120
120
90
78
126
126
186
180
114
150
84
96
150
150
138
84
84
114
72
78
102
84
144
96
306
90
90
156
204
132
114
96
84
228
150
102
186
84
66
114
120
240
186
90
90
84
180
96
114
90
84
108
84
84
78
84
90
84
72
90
90
78
120
126
180
90
84
120
114
96
126
120
84
150
102
114
96
120
78
90
132
96
132
126
126
84
144
132
108
168
120
78
84
90
90
96
84
78
90
84
84
96
96
102
84
96
96
90
102
90
150
84
84
108
96
72
126
162
366
102
138
96
96
108
102
180
102
90
120
96
102
96
96
96
84
78
264
150
204
132
168
90
96
96
66
180
240
462
432
174
132
222
192
162
138
96
132
108
78
114
96
150
120
102
78
72
90
90
78
102
90
108
114
90
78
108
138
78
108
150
234
72
90
120
168
120
114
66
78
102
156
84
132
114
78
102
174
72
78
102
84
78
138
174
96
114
114
108
126
108
126
102
228
114
96
114
204
108
90
90
84
108
120
96
84
108
102
132
96
84
78
90
108
114
174
114
96
126
126
84
90
162
210
96
84
102
108
78
90
114
66
120
162
120
90
96
114
114
120
198
108
90
114
102
96
114
120
114
96
96
168
72
72
96
90
72
96
102
96
132
150
102
132
132
162
114
84
234
84
90
90
90
96
126
126
126
108
102
96
150
120
66
96
126
168
294
180
84
126
78
90
96
216
186
126
108
96
108
102
96
90
96
84
72
126
162
126
102
102
78
126
138
78
72
90
108
108
156
90
198
102
78
96
72
126
78
72
90
72
108
84
78
150
120
102
96
84
192
90
120
138
108
108
144
102
102
96
150
108
78
126
120
96
96
84
108
84
120
192
108
114
126
144
120
138
78
102
96
90
66
84
90
96
114
120
108
78
102
300
108
78
90
318
240
198
90
96
96
120
84
120
72
168
96
174
90
72
114
90
126
162
96
108
108
90
114
138
96
84
96
120
108
84
132
114
96
78
102
72
78
84
78
132
96
102
102
162
108
96
90
108
84
240
192
90
114
114
84
114
72
96
126
168
102
84
90
120
162
84
108
78
84
90
66
150
96
102
72
84
90
120
102
90
120
114
108
96
90
150
90
84
102
78
108
120
132
78
108
102
96
72
108
90
150
114
84
354
498
234
168
102
78
90
132
144
312
174
78
180
150
120
108
90
90
84
102
294
168
126
144
120
114
84
102
108
84
90
156
102
108
114
132
144
90
168
108
108
78
132
126
96
78
108
120
90
54
84
102
114
84
66
102
90
108
78
78
120
96
66
150
126
108
90
96
96
174
150
132
72
138
78
90
90
72
96
90
84
72
138
102
96
120
96
90
72
102
66
90
78
150
102
108
108
90
96
342
222
126
96
168
84
126
120
72
84
126
120
96
108
78
84
72
138
180
96
84
114
102
204
120
90
90
168
84
84
120
114
156
108
96
84
102
150
132
108
132
174
102
90
120
96
96
108
198
102
114
156
102
102
162
96
108
90
96
78
108
84
114
84
108
78
432
270
90
90
84
174
114
120
228
108
114
84
120
168
144
108
78
90
84
84
114
96
72
96
108
60
132
102
102
102
144
138
186
108
252
114
120
102
96
126
96
108
174
96
102
114
150
102
114
78
96
102
84
102
126
210
78
120
162
162
174
66
72
78
108
102
144
150
102
114
90
96
78
96
96
78
84
96
102
114
90
72
216
120
114
96
96
84
108
108
102
78
144
90
114
120
72
138
114
174
354
180
114
108
108
84
144
90
126
156
114
96
102
90
96
198
84
108
84
78
96
138
90
114
108
84
78
114
138
180
84
174
96
78
102
84
114
78
114
102
108
150
84
102
252
156
96
84
168
90
126
126
78
96
108
102
192
222
240
108
90
90
78
240
438
384
126
102
96
96
180
126
90
132
72
90
102
138
90
108
90
96
66
186
126
168
132
90
186
108
234
324
180
252
102
150
114
108
66
84
90
102
78
168
72
90
114
132
72
126
102
150
156
120
240
240
150
90
96
108
78
102
84
72
96
102
78
96
84
168
90
90
90
90
114
120
72
96
174
72
132
126
96
78
78
96
66
108
138
102
126
96
90
72
72
108
144
84
114
138
90
102
144
108
108
96
126
78
84
174
198
96
120
66
120
120
90
78
108
144
132
120
126
96
66
108
144
138
90
66
126
108
78
168
96
126
72
90
102
66
126
60
156
156
120
108
150
168
150
96
102
90
84
102
120
120
84
90
96
84
102
186
102
114
114
120
72
84
126
156
96
78
108
174
120
108
78
84
84
168
492
78
132
84
102
78
138
72
90
180
156
132
150
84
96
84
102
66
108
114
90
126
102
102
108
102
126
96
120
96
102
90
108
102
90
138
114
78
126
198
108
90
132
102
102
72
84
90
120
90
120
102
108
144
90
84
90
144
108
84
90
120
138
144
210
90
96
114
132
90
90
132
108
84
60
84
150
72
102
78
78
108
78
72
132
78
198
72
114
96
114
102
96
138
168
90
126
78
96
126
108
72
72
132
90
90
90
138
90
72
72
108
96
120
72
138
252
150
72
90
90
120
78
114
246
162
240
108
90
96
90
90
114
66
108
144
180
246
120
78
84
66
120
84
186
102
96
126
126
168
78
66
102
162
108
66
84
90
96
84
90
102
90
96
144
72
192
144
114
84
180
156
66
114
84
120
108
126
96
96
78
90
78
84
84
84
96
90
90
102
186
264
78
84
78
84
96
96
78
120
102
126
90
72
132
78
66
84
90
108
108
192
168
114
144
90
96
120
102
234
132
78
108
156
150
108
90
90
168
96
180
114
90
126
90
120
84
108
108
72
132
186
84
96
108
102
114
96
144
72
114
72
84
66
84
72
120
84
132
120
114
108
96
156
330
96
72
84
108
144
96
90
72
132
138
240
108
108
66
102
144
84
90
102
108
84
108
96
90
126
78
108
144
84
156
78
114
96
132
78
102
84
102
120
108
126
114
90
96
84
96
126
90
102
114
108
90
78
96
78
96
126
84
78
114
84
72
102
114
66
96
120
102
96
126
102
138
78
132
84
78
78
132
78
162
108
276
102
84
90
102
72
156
192
108
138
108
78
78
156
78
102
150
120
90
78
90
96
120
204
126
78
96
120
96
102
108
144
66
96
90
90
66
90
120
90
132
84
132
90
72
96
90
126
132
126
102
66
108
132
102
96
78
90
102
108
126
204
192
72
72
120
78
102
108
84
150
90
138
114
84
72
96
120
96
192
306
114
90
108
84
144
90
138
96
162
126
84
84
72
108
90
114
96
90
192
78
102
96
102
78
138
84
84
150
72
162
84
96
108
84
132
96
84
72
168
120
126
102
78
150
114
72
90
132
144
72
78
96
72
108
78
96
108
120
78
84
96
102
72
90
108
96
72
198
96
126
132
138
84
102
96
156
108
84
126
90
108
78
102
66
84
72
186
120
102
90
108
78
192
84
96
102
78
90
126
120
108
72
150
96
114
102
174
114
90
156
132
138
102
78
102
168
102
90
264
186
96
108
258
78
90
144
72
150
150
72
72
108
114
102
138
162
114
96
108
90
84
66
84
90
96
90
102
72
132
96
78
198
90
96
84
66
72
114
192
114
72
102
108
108
90
96
114
138
90
114
150
126
144
156
84
114
150
72
108
132
120
120
174
96
102
216
156
78
84
192
228
90
90
84
84
90
84
72
120
102
102
114
78
66
78
126
108
78
102
132
90
114
144
96
138
84
102
96
108
96
90
78
102
84
84
108
78
78
150
78
120
114
114
78
78
78
138
120
72
72
96
84
84
84
96
84
84
102
132
78
84
96
96
168
108
84
90
108
180
144
120
108
144
150
78
90
96
78
72
72
102
78
84
120
102
72
108
84
78
168
150
60
90
66
126
84
84
78
90
90
108
78
78
96
90
120
144
156
78
144
72
84
78
84
72
108
72
96
78
84
78
138
96
78
138
144
144
114
108
132
168
90
84
126
78
120
96
90
108
96
162
96
84
72
84
138
108
96
72
108
150
96
84
102
72
96
96
78
96
132
126
78
102
84
114
72
72
138
132
72
132
102
66
84
72
90
96
72
252
162
84
108
84
84
102
96
102
108
138
90
102
114
108
90
96
114
234
102
168
108
108
108
90
120
90
126
114
102
144
90
114
66
120
126
108
84
102
126
162
90
126
108
96
90
102
84
270
132
96
180
72
120
180
78
72
84
90
72
96
102
114
150
138
96
90
144
90
84
144
144
84
108
96
102
90
72
102
78
102
96
132
78
114
144
102
108
96
120
168
210
66
96
90
114
138
96
114
90
78
78
108
108
78
84
114
114
108
102
96
102
126
120
102
96
66
90
144
360
96
78
84
96
102
66
144
120
168
108
84
144
108
84
96
78
126
78
78
102
90
168
96
162
120
114
108
156
102
78
78
84
108
186
90
72
108
84
90
102
84
144
108
114
72
150
72
66
198
174
96
102
114
144
72
114
72
90
132
96
72
126
72
96
96
108
132
102
90
90
120
300
306
132
90
90
132
102
108
114
84
120
96
78
90
168
66
150
72
120
84
96
108
168
102
78
114
264
120
108
144
174
156
90
66
96
114
90
144
84
138
102
114
126
114
114
96
102
132
126
90
102
138
300
132
90
90
126
78
108
66
78
90
120
102
90
84
90
72
84
84
90
84
78
72
72
114
96
96
96
114
78
120
114
114
120
132
66
96
210
126
216
126
84
114
132
66
96
132
150
126
102
96
102
84
90
102
84
108
72
138
90
84
120
120
96
120
78
78
114
108
96
96
108
96
114
96
102
132
90
120
96
192
120
90
114
84
90
90
84
108
84
120
168
84
96
120
126
90
84
108
96
96
102
156
72
126
102
198
96
72
84
90
84
84
90
114
84
96
84
108
90
78
90
96
84
90
90
90
72
90
72
138
120
84
108
132
138
102
84
90
240
108
84
78
90
72
78
132
270
120
162
132
120
90
90
102
102
120
150
114
126
126
78
126
84
102
78
90
138
156
102
96
132
54
120
90
78
96
108
198
114
78
108
90
84
78
90
114
72
126
126
72
84
84
126
168
84
102
90
102
90
108
132
78
72
120
102
150
90
84
114
90
108
90
84
72
144
90
144
90
132
132
108
174
84
90
72
120
108
78
114
114
174
78
108
84
102
96
96
66
108
90
108
96
114
84
120
114
120
120
90
66
102
78
78
72
102
138
114
78
102
90
132
120
114
84
84
114
78
72
102
102
72
96
102
234
114
96
156
138
210
84
120
96
108
120
114
66
126
90
120
96
96
126
96
96
108
180
132
144
114
72
96
84
90
114
108
132
174
246
102
96
102
108
72
90
84
150
96
108
156
108
138
78
78
102
102
72
78
132
72
114
132
120
84
96
102
84
108
108
78
108
78
102
96
66
72
288
90
120
84
96
96
144
108
144
72
114
78
84
84
84
90
102
102
90
132
90
126
78
108
162
108
90
90
138
108
84
126
102
120
90
72
96
72
78
120
144
72
78
72
138
96
96
66
78
144
102
108
114
102
66
132
84
132
102
138
90
150
96
144
132
84
66
84
114
114
102
96
108
72
90
96
102
90
108
96
84
78
78
78
108
108
108
66
114
90
84
102
102
102
96
96
66
78
90
90
102
96
90
132
66
102
96
66
108
84
306
78
84
96
96
186
96
78
102
102
108
66
132
72
90
120
102
150
90
84
78
96
96
78
78
78
102
102
78
72
72
102
102
114
72
108
144
96
168
102
96
114
66
132
96
102
120
78
90
102
126
96
114
108
72
132
90
114
144
126
84
90
144
96
84
114
120
114
90
78
84
78
84
108
78
108
114
84
84
90
108
78
96
168
96
84
90
78
120
90
108
72
138
72
174
180
120
90
90
108
126
102
72
90
90
90
90
162
102
96
78
96
138
90
102
96
66
84
144
96
192
90
102
108
144
66
96
102
102
84
78
90
114
78
108
102
102
144
96
102
54
66
72
84
78
90
84
108
78
102
132
96
96
114
102
90
72
372
312
162
78
132
108
84
96
96
72
114
90
132
138
114
132
90
84
108
126
84
132
114
186
96
174
84
126
120
96
90
120
102
78
84
72
78
162
222
90
72
78
102
102
102
84
102
90
108
102
96
96
72
90
108
102
108
102
108
120
90
126
102
102
96
102
84
90
132
90
126
102
108
90
108
174
96
78
84
108
90
162
102
96
120
114
138
96
90
90
102
108
84
84
96
102
96
90
120
222
120
90
96
78
90
78
120
78
120
84
84
84
84
84
84
108
96
144
72
66
132
102
96
78
156
96
150
108
192
120
90
84
108
102
234
96
120
132
90
90
150
96
114
108
114
84
78
96
90
84
96
90
60
150
90
138
108
78
84
108
90
96
102
78
108
78
156
120
84
108
192
90
102
102
108
78
228
180
126
78
84
72
120
78
96
144
102
138
78
84
90
96
102
102
96
84
102
108
96
84
120
84
126
96
90
90
90
108
108
102
138
96
96
108
108
96
90
126
102
84
114
78
90
96
84
126
90
72
150
96
174
138
78
90
96
138
84
114
72
84
96
84
102
102
132
132
78
102
96
90
84
78
120
114
90
96
96
102
96
120
96
132
162
90
78
66
198
114
96
96
108
78
84
66
60
102
78
102
102
114
78
102
108
96
72
114
114
90
66
90
132
96
132
84
120
114
102
72
90
84
90
102
108
84
78
84
96
114
96
72
78
72
90
132
114
144
90
96
72
96
120
84
66
78
72
90
120
150
114
96
90
84
174
72
90
84
84
90
78
108
114
90
114
90
96
90
108
84
102
90
78
96
138
96
144
102
150
96
90
60
84
90
108
96
66
168
108
96
66
144
144
132
84
90
96
96
102
108
66
126
90
84
108
84
84
90
72
96
90
90
72
108
156
108
96
84
78
84
72
120
144
138
138
96
78
84
120
102
78
102
90
150
90
84
78
96
60
78
96
96
96
132
90
60
126
186
132
102
108
90
78
84
78
132
60
78
96
84
150
102
126
84
72
90
84
72
120
120
120
84
78
132
78
96
90
96
90
84
126
138
78
78
90
108
114
96
108
96
90
138
72
78
66
90
72
78
84
72
72
72
72
78
72
108
162
90
84
192
120
90
138
132
84
102
84
168
78
156
102
108
108
138
84
78
96
60
276
126
84
84
84
108
120
84
108
90
96
102
90
102
108
84
528
204
162
84
114
78
72
90
102
78
90
90
102
72
114
90
72
96
66
120
78
78
108
72
90
132
78
84
84
114
120
96
156
90
66
84
120
108
126
108
72
78
126
96
102
108
90
60
108
108
96
102
84
78
132
108
90
102
114
54
84
96
102
96
114
78
78
78
120
78
96
72
96
84
84
90
132
120
144
120
72
90
96
114
96
102
78
102
96
108
96
96
102
96
126
84
126
102
90
60
102
96
84
132
180
96
90
72
96
150
96
84
96
96
72
84
78
108
108
102
102
72
96
72
96
114
90
90
126
96
90
90
90
102
84
84
96
84
90
114
60
114
96
114
102
84
102
102
120
78
96
114
90
90
102
102
126
102
84
156
84
78
102
102
114
78
84
72
168
168
96
84
84
102
90
108
90
114
186
78
96
78
96
90
108
84
114
96
114
120
90
84
90
78
96
78
102
78
114
108
114
156
66
126
144
90
72
84
114
72
72
78
84
72
114
234
72
108
84
84
72
66
96
96
84
78
90
90
120
96
90
102
78
84
102
114
108
96
90
126
84
78
66
96
102
102
66
78
96
60
96
108
114
138
150
102
108
90
90
90
96
90
126
84
78
72
108
72
120
168
72
126
84
72
108
96
120
96
90
90
66
72
72
96
114
120
90
96
138
114
96
120
78
66
114
114
90
90
102
96
84
90
114
84
84
96
84
108
72
96
90
78
90
90
84
102
120
126
102
90
84
114
96
120
84
96
96
96
78
108
66
126
84
108
102
120
72
114
90
84
102
78
108
72
78
96
84
162
84
102
66
96
96
114
84
90
156
66
126
84
114
96
96
66
108
84
138
108
120
90
150
96
78
156
66
84
108
126
90
120
114
84
90
96
78
114
60
102
144
156
150
96
78
102
66
72
108
90
90
126
102
96
90
84
120
108
102
84
120
90
72
84
60
90
90
102
96
102
84
234
108
90
90
60
120
78
114
102
96
84
102
90
96
114
96
90
84
66
84
108
84
102
108
84
120
120
72
120
90
66
90
72
78
108
84
144
264
78
96
66
96
84
54
90
84
66
102
78
72
168
120
108
96
96
66
150
108
150
72
96
96
102
72
96
66
78
108
102
72
180
84
96
144
96
114
90
156
84
108
66
72
84
78
102
114
102
102
108
186
144
78
72
66
72
108
78
90
102
108
102
84
120
102
126
78
120
102
96
102
96
60
90
78
174
276
84
72
96
96
84
78
174
102
108
84
84
72
114
90
84
84
138
108
102
132
90
72
72
102
96
78
78
90
66
72
210
174
90
84
90
78
108
114
72
96
78
96
78
84
90
84
78
78
78
78
90
78
96
84
96
126
96
102
96
96
72
144
162
114
102
102
66
90
102
144
102
66
120
84
108
96
138
120
72
114
108
102
102
90
108
66
90
84
78
84
84
96
102
84
126
78
132
72
96
162
102
90
90
84
84
78
78
96
84
84
84
78
90
108
108
84
114
102
108
84
78
66
102
120
72
108
78
78
78
78
102
66
108
114
96
84
84
96
72
108
90
84
60
78
108
96
102
132
72
96
150
90
66
96
96
78
90
78
90
126
114
96
78
132
84
78
108
138
90
90
90
90
90
78
84
96
72
78
108
78
78
204
72
138
102
102
78
96
78
78
114
78
84
72
90
72
66
72
96
90
96
114
102
72
96
72
96
108
108
78
66
108
90
126
108
84
102
114
72
84
60
66
90
90
84
78
84
84
90
102
126
138
90
108
66
108
126
84
96
72
132
102
102
78
84
78
72
84
66
96
132
72
96
84
78
168
72
72
108
96
72
138
84
108
108
60
72
96
90
84
90
132
66
108
72
84
198
96
102
72
96
90
90
96
84
108
90
114
156
186
96
96
90
78
102
66
96
78
126
72
96
132
90
114
78
66
96
204
84
72
84
108
90
78
108
96
108
84
114
84
96
102
78
90
102
90
72
96
90
90
90
66
84
108
132
90
114
84
108
90
90
84
132
108
84
96
78
108
72
84
84
96
102
84
66
102
102
84
90
84
84
84
84
96
96
120
90
102
78
84
126
66
120
90
90
96
114
96
96
108
84
72
90
102
78
96
66
96
114
96
156
114
102
78
138
114
96
78
96
126
78
78
114
72
84
78
72
102
84
78
90
96
144
90
60
96
108
126
90
90
108
78
90
114
150
144
102
72
102
90
78
84
84
96
102
78
120
84
72
84
114
84
102
90
66
78
96
102
102
78
108
78
96
108
90
96
108
84
78
108
96
90
162
90
72
78
90
108
126
72
84
90
96
96
102
72
72
150
150
84
144
114
120
114
72
66
72
90
102
102
78
96
156
66
96
108
108
90
90
144
108
78
96
84
108
102
90
72
84
192
84
96
84
114
126
78
90
126
78
78
72
84
108
84
102
66
108
108
90
108
96
72
102
96
66
72
132
96
120
132
132
84
126
102
90
102
72
84
72
114
84
120
78
84
72
72
84
114
144
84
72
84
84
90
72
96
96
60
84
108
162
90
96
84
138
108
78
84
144
108
90
78
84
108
66
96
132
102
96
108
84
90
102
90
72
96
78
60
108
84
102
78
120
102
96
96
84
150
108
132
78
84
90
108
102
72
84
78
102
126
108
90
96
78
96
108
90
78
90
90
84
66
114
78
102
90
102
72
102
84
132
102
84
72
66
96
78
66
96
90
102
90
90
90
72
150
84
150
138
120
138
66
114
84
102
78
66
96
102
96
114
90
102
72
66
96
108
168
96
78
108
96
90
78
78
90
162
90
84
72
84
78
78
90
84
108
150
114
144
132
114
90
84
96
102
120
126
96
90
186
96
120
96
120
114
72
90
72
78
120
120
90
162
102
102
114
108
84
78
144
72
84
78
120
72
84
78
72
96
126
84
84
72
114
114
72
108
78
84
90
90
72
72
96
120
90
96
102
90
72
84
102
60
72
120
72
72
72
102
84
90
84
84
102
