0.697
0.504
0.543
0.779
0.677
0.771
0.766
0.757
0.745
0.736
0.686
0.741
0.693
0.527
0.615
0.830
0.782
0.786
0.781
0.604
0.847
0.850
0.539
0.663
0.557
0.721
0.754
0.667
0.769
0.634
0.733
0.995
0.836
0.846
0.703
0.789
0.682
0.707
0.643
0.775
0.762
0.663
0.739
0.789
0.722
0.692
0.874
0.688
0.644
0.612
0.632
0.807
0.825
0.783
0.867
0.650
0.555
0.819
0.666
0.691
0.514
0.792
0.792
0.878
0.627
0.744
0.649
0.702
0.671
0.657
0.771
0.749
0.859
0.831
0.847
0.816
0.804
0.829
0.792
0.679
0.807
0.806
0.673
0.828
0.639
0.800
0.564
0.801
0.700
0.836
0.640
0.780
0.660
0.758
0.632
0.769
0.771
0.635
0.783
0.776
0.686
0.735
0.712
0.901
0.687
0.803
0.650
0.680
0.788
0.642
0.765
0.675
0.712
0.650
0.832
1.026
0.815
0.625
0.739
0.767
0.752
0.673
0.814
0.795
0.655
0.732
0.614
0.667
0.780
0.776
0.636
0.795
0.764
0.687
0.635
0.752
0.737
0.801
0.842
0.573
0.831
0.746
0.668
0.750
0.685
0.734
0.866
0.929
0.647
0.752
0.709
0.838
0.931
0.714
0.771
0.780
0.805
0.642
0.625
0.592
0.831
0.729
0.897
0.740
0.657
0.718
0.875
0.621
0.676
0.883
0.823
0.626
0.828
0.804
0.741
0.729
0.710
0.762
0.802
0.789
0.909
0.799
0.758
0.832
0.771
0.717
0.743
0.730
0.667
0.847
0.733
0.724
0.739
0.689
0.674
0.680
0.828
0.871
0.680
0.682
0.712
0.798
0.744
0.755
0.738
0.616
0.588
0.616
0.727
0.691
0.833
0.639
0.848
0.701
0.661
0.630
0.742
0.760
0.714
0.772
0.815
0.853
0.665
0.702
0.632
0.704
0.797
0.737
0.865
0.959
0.668
0.681
0.706
0.764
0.542
0.734
0.767
0.820
0.660
0.715
0.692
0.663
0.839
0.747
0.760
0.929
0.812
0.711
0.929
0.690
0.641
0.798
0.760
0.669
0.794
0.671
0.617
0.680
0.646
0.720
0.783
0.704
0.773
0.704
0.974
0.716
0.673
0.721
0.730
0.642
0.863
0.811
0.706
0.749
0.773
0.718
0.738
0.787
0.802
0.721
0.776
0.642
0.677
0.700
0.672
0.594
0.703
0.575
0.720
0.738
0.719
0.679
0.667
0.753
0.730
0.668
0.749
0.549
0.765
0.747
