5.415389784946236
4.694556451612903
5.293343794692514
5.583265797976583
5.40625
5.125
5.282258064516129
5.071572580645161
4.88090621707835
5.270136461147303
4.847782258064516
4.8125
5.491263440860214
5.210904311669048
4.844758064516129
4.794252542507546
5.005040322580645
5.052719953387358
5.019354838709677
5.673186329902123
5.258064516129032
5.589547248265264
5.500698527464373
5.409274193548387
5.203696236559139
5.226814516129032
5.214784946236559
4.977822580645161
5.1925661449229255
5.257056451612903
5.048387096774193
5.274766127560895
5.692992875681972
5.389660806019258
5.145715146459026
5.156232122993798
4.553598244080722
4.969758064516129
5.203075028985758
5.473790322580645
5.46875
5.191224045235443
5.347782258064516
5.715629984227033
5.194556451612903
4.7783602150537625
4.914314516129032
5.327620967741935
4.851881720430107
5.386125787912491
5.096841397849462
5.132056451612903
5.4758061262163
5.293080274378935
5.020974694104559
5.2995295698924725
5.25
5.032258064516129
5.220766129032258
4.940524193548387
5.131048387096774
5.003024193548387
5.069623655913978
5.604905913978494
5.065765728370007
5.039235724879492
4.9623156019916275
4.939516129032258
5.192540322580645
5.350873655913978
5.096049512686051
5.129032258064516
5.132056451612903
4.995758845807508
5.171370967741935
5.63462047777954
4.983442912760206
4.852889784946236
5.21875
5.397244623655913
5.342053008633931
5.068615591397849
4.970766129032258
5.092487206537539
5.413208164862778
5.091196420478954
4.8662945600932215
4.783266129032258
4.845766129032258
4.826680107526881
5.171370967741935
5.504032258064516
5.439516129032258
4.40625
5.4375
5.033266129032258
5.4104166666666655
5.293397094655434
4.979668037746456
5.172446236559139
5.256048387096774
5.251008064516129
5.03125
4.814516129032258
4.798454301075268
5.560934106679374
4.845766129032258
4.59375
5.625
5.125
5.04643817204301
5.500462668691253
5.2792815429842666
5.589815587278041
5.180762686053283
5.193308040680117
5.425136725991839
5.654707611631967
4.909274193548387
4.919422043010752
5.168346774193548
5.452666984480109
5.417095236623877
5.223790322580645
5.131048387096774
5.219758064516129
5.039314516129032
4.9305779569892465
5.462863499126009
5.1090053763440855
4.9338034323851865
5.25510752688172
5.074596774193548
4.833669354838709
4.754032258064516
5.035282258064516
5.340538097886539
5.158266129032258
4.976216629588431
5.46875
5.344758064516129
5.5447853950009085
4.931488544002446
5.220766129032258
4.789314516129032
4.614919354838709
5.07258064516129
5.127016129032258
4.974798387096774
5.251008064516129
5.285282258064516
5.268145161290322
5.0294570024895355
5.04133064516129
5.183057784663734
5.336693548387096
5.78106990571534
4.976814516129032
5.4205834230862004
5.729874132634141
4.922446236559139
4.817540322580645
5.727511719370726
4.569556451612903
5.0424731182795695
5.013104838709677
5.512318434356806
5.4426792188263216
5.084022113047416
5.609879032258064
5.1292408231368185
5.09375
5.155617021558342
5.078958800489665
5.032258064516129
5.182439666943278
5.048454301075269
5.7851533302729035
4.5616018459664165
5.171370967741935
5.125
5.359879032258065
4.566532258064516
5.265435985604226
4.690524193548387
4.952620967741936
5.128024193548387
5.664281079506326
5.117943548387097
4.943548387096774
4.792540322580645
5.133266129032258
5.100806451612903
5.069556451612903
5.171639784946236
5.349798387096774
5.321572580645161
5.149478587319239
5.431147372742196
5.271219675300593
4.971774193548387
5.338115101435456
4.722782258064516
4.9465652974204115
5.578944350051129
5.54643817204301
5.002016129032258
4.981854838709677
5.483387957518929
5.560887280694005
5.105621325282056
5.407258064516129
5.38508064516129
5.499645439377081
5.130040322580645
5.198655913978494
5.094758064516129
5.57687131056847
5.160416666666666
5.290322580645161
5.065524193548387
5.009267394174232
5.146707320302979
4.605846774193548
4.969758064516129
5.599798387096774
4.71875
5.290322580645161
5.007056451612903
5.306424135282585
5.094758064516129
5.0
4.7088037634408595
5.382056451612903
5.28125
5.469758064516129
4.75
5.095766129032258
4.627016129032258
5.288306451612903
5.323196923683573
5.03125
5.31760752688172
5.134601938662002
5.006115591397849
5.0216106520472445
5.514236723705574
5.262163978494623
5.668824156470149
5.120048400338998
5.076782072673336
4.816532258064516
5.298885519477842
5.204021664283064
4.876008064516129
5.160282258064516
5.032258064516129
5.5948090838733195
4.98291657102836
5.476814516129032
4.5499397478680015
5.295362903225806
5.519787528470784
5.684921407383863
5.335752688172042
5.419354838709677
5.5625
4.916397849462365
4.696572580645161
5.009139784946236
5.191532258064516
4.940524193548387
5.532258064516129
5.319623655913978
4.775201612903225
5.219758064516129
5.6352892102335925
5.1362231182795695
4.951680107526881
5.474279144669854
5.444758248435941
4.90625
5.190927419354838
5.347782258064516
4.436559139784946
5.200696210074681
4.481854838709677
5.157258064516129
5.128024193548387
5.596339186397581
5.61158694846125
5.288689483023464
5.139180107526881
5.13508064516129
5.299395161290322
4.948655913978494
5.169354838709677
5.157549393506008
5.255040322580645
5.363978494623655
5.574687152391541
5.073808058110057
5.204447916850583
4.940524193548387
5.387096774193548
5.189516129032258
4.886088709677419
5.394153225806451
5.439516129032258
5.15625
4.908266129032258
4.501008064516129
5.361109056868227
5.501961357710797
5.21875
5.38010752688172
5.381550598548646
4.960887096774193
5.620970059325172
5.249624582869852
4.848401001112347
5.316532258064516
4.948588709677419
4.933577836337843
4.877016129032258
4.636088709677419
5.57417136765718
4.788306451612903
4.85893817204301
5.222782258064516
5.127016129032258
5.203629032258064
5.067472787223895
5.107862903225806
5.096774193548387
4.969758064516129
4.819556451612903
4.355846774193548
5.376008064516129
5.09375
5.094758064516129
5.557115416306179
4.721505744183718
5.144552478944856
5.588600429048146
5.31760752688172
4.816532258064516
5.132339835266695
5.105913978494623
5.6494305842470425
5.162612227872235
5.1392473118279565
5.0435553392658505
5.382056451612903
5.002016129032258
5.637876232036407
5.577464378409869
4.619959677419354
4.377016129032258
4.9375
5.096774193548387
5.477432928121189
4.599798387096774
4.941808027437893
4.947647849462365
5.128024193548387
5.28125
4.625
4.752016129032258
4.912298387096774
5.131357924148521
5.560347659951384
5.135147849462365
4.980136512644854
5.14654444091318
5.284274193548387
5.512163978494623
5.347110215053762
4.506115591397849
4.857862903225806
5.166486572382008
5.384072580645161
5.378024193548387
4.882123655913978
5.017137096774193
5.370255972244289
5.324596774193548
4.696572580645161
5.407258064516129
5.1875
5.129032258064516
5.164381720430107
4.783266129032258
5.050672043010753
5.076612903225806
5.345766129032258
4.985887096774193
5.067540322580645
4.910282258064516
5.255040322580645
4.846774193548387
4.78125
4.78125
5.258064516129032
5.046370967741935
5.272520393029291
5.063508064516129
5.222711081095394
4.898100917539179
5.002016129032258
5.224798387096774
5.2336412151067275
5.698768141850731
5.288306451612903
5.067176161343291
5.315524193548387
5.32258064516129
5.162787540241654
5.469758064516129
5.351736386990834
5.039314516129032
5.0
5.28125
5.183576659251017
5.345766129032258
5.013104838709677
5.592804505005557
5.14670404653024
4.7059705946733175
5.330846774193548
5.493864876317598
5.438100866041628
5.0249768261030745
5.176478494623655
5.466731884633718
5.189516129032258
5.380396428130019
5.3227150537634405
5.049395161290322
5.223790322580645
5.034274193548387
5.003024193548387
5.038373655913978
4.724798387096774
5.3388440860215045
4.969758064516129
4.688508064516129
5.172893345633887
5.571181787818324
4.687567204301074
5.113178995179829
5.296610652047245
5.28399430437111
5.643157079294448
5.040322580645161
4.574663978494623
5.022997444250222
5.543424903331741
5.069556451612903
5.1875
5.097782258064516
5.53125
5.39276577149213
4.75
5.30141129032258
5.04133064516129
5.503024193548387
5.157258064516129
5.193548387096774
5.28125
4.912298387096774
5.003024193548387
5.3805177048572475
4.847782258064516
5.523252688172043
4.879032258064516
5.091061827956988
5.615383200616789
5.127426307007786
4.938508064516129
5.032258064516129
5.433920295036809
5.076814516129032
5.313508064516129
4.972782258064516
5.412384461571055
5.321126979712905
4.766978373972255
5.264088110834492
5.24389698871762
5.065314819228888
5.15625
5.142137096774193
5.205532308090704
5.10383064516129
5.288373655913978
4.833736559139784
4.786290322580645
5.429948804079778
5.033266129032258
4.844758064516129
5.096774193548387
5.09375
4.813508064516129
5.226686728640284
5.207728494623655
5.7432974468986675
5.4391973224217365
5.134279821494779
5.418346774193548
5.4688844086021495
5.544135685514991
5.325905437258325
5.436342298320882
5.148473171248473
4.870967741935484
5.312466563377292
4.90625
5.313508064516129
5.196639784946236
5.0
5.555772286667722
4.793346774193548
4.939516129032258
5.482739272324919
5.063508064516129
5.282258064516129
5.164314516129032
5.709265255045282
4.997075785264047
5.250695216907672
5.03212480187591
5.322561112876736
5.23272650828963
5.37571441813655
5.85383064516129
5.28125
5.197647849462365
5.095766129032258
5.1875
5.506048387096774
4.884072580645161
5.216150550876633
5.209568833094971
5.094758064516129
5.199596774193548
4.974798387096774
5.069556451612903
5.470766129032258
4.94758064516129
5.033266129032258
5.283541898405635
4.949663978494623
5.314516129032258
5.231324855365452
5.739999139255251
5.275999788124365
5.256048387096774
4.9375
5.218817204301075
4.724798387096774
5.328696236559139
4.845766129032258
5.3268214682981085
5.219758064516129
4.689650537634408
5.250258407342664
4.894153225806451
4.643212365591397
5.298454301075268
5.236897478680009
5.019153225806451
5.5717920705545785
5.201017334074893
5.163090125124327
5.28528561106425
5.619955042639965
5.148597979236184
5.534617167222839
5.187282055017035
5.485643108745163
5.100806451612903
5.35673120780879
5.195564516129032
5.224865591397849
5.509077546480212
5.336407369152082
5.54133064516129
4.686919990465595
5.240211345939929
4.903989220827371
5.559994901742673
5.159341397849462
5.189583333333333
5.232930107526881
5.653293010752687
4.840679127602096
4.79133064516129
5.268191178028496
5.50792183113512
4.9194892473118275
4.9225134408602145
4.917405913978494
5.34051227554425
5.307120676412943
4.940524193548387
5.46875
5.258064516129032
5.525215186185706
5.201612903225806
5.32258064516129
5.2612231182795695
5.602157489803484
5.45268817204301
5.503618107420939
5.355128567308762
5.397051108883695
5.164314516129032
4.938508064516129
5.284274193548387
5.623687069995464
5.094758064516129
5.189516129032258
5.504032258064516
4.693548387096774
5.193548387096774
5.207862903225806
5.3332770538693755
5.286340164851006
5.624435255810392
5.154483670862978
4.809543010752687
5.302297526352026
5.04639050002648
4.84375
5.3063211769691145
5.420894431496487
5.254032258064516
5.2249327956989235
5.1832385042757645
5.178353446804499
5.0625
5.312836021505375
5.007056451612903
5.501008064516129
5.189583333333332
5.002802570169086
5.073588709677419
5.317540322580645
5.197492253297312
4.88508064516129
5.020093754965831
5.067586339318816
5.422682794227562
5.580206512527141
4.949596774193548
5.173325520419511
5.55607056782668
5.067540322580645
5.283266129032258
5.089296639122833
5.122715715874779
5.627016129032258
5.071572580645161
4.642137096774193
5.036290322580645
4.943548387096774
4.875067204301074
4.979905582922822
5.058752780867628
5.420770101700298
5.085887096774193
5.073655913978494
5.518793368292808
5.106451281847552
5.452083333333332
5.2699732507018355
5.478345501468412
5.507579519572007
5.4887525675206374
5.287298387096774
5.493010752688171
4.9850134408602145
5.0625
5.077354467927325
5.22883064516129
5.194378349321338
5.137096774193548
5.322681653924699
5.444556451612903
5.183393769385145
5.104240823136818
5.05766129032258
5.440524193548387
5.078629032258064
5.305272098333833
5.1523521505376335
5.589181946725047
5.31760752688172
5.151146960761809
5.253024193548387
5.023185483870967
5.0787634408602145
5.18327260866888
4.938508064516129
5.5907794374702
5.3125
4.908266129032258
4.918346774193548
5.283266129032258
5.227822580645161
5.03125
5.59375
5.03125
5.236895161290322
5.129032258064516
5.4375
5.035282258064516
5.1090053763440855
5.353641612373535
5.296370967741935
5.086551856560198
5.09375
5.261088709677419
5.0069428995179805
5.011962549511212
5.15625
5.133064516129032
4.908266129032258
5.571161593422434
5.252568844865838
5.224798387096774
5.017137096774193
4.920362903225806
5.25
4.719758064516129
5.471774193548387
4.990336484983314
5.37491061496901
4.971841397849462
5.130040322580645
5.219758064516129
5.100806451612903
5.4206105328672045
4.879032258064516
4.940524193548387
5.611478877176871
5.432323944594519
5.3223647968642345
5.5625
5.688508064516129
5.201612903225806
5.184960140897292
5.293984387414584
5.28125
4.970766129032258
5.034274193548387
5.270126860532863
5.064516129032258
4.8382531516499805
5.290342112929706
4.909274193548387
5.361018415523419
5.262096774193548
5.066532258064516
4.752016129032258
4.594758064516129
5.399496795381108
4.814516129032258
4.78125
5.4648054716881145
5.726722310051005
4.793562475354743
5.465668533820644
5.13171197545502
5.287413263414371
5.304277239260549
4.790389784946236
4.8529569892473114
5.252016129032258
4.985154801631442
4.950050835437374
5.055577956989247
5.566532258064516
4.844758064516129
5.507278589967685
5.482466298532757
4.970766129032258
5.356727382276602
5.063508064516129
5.113111790878754
5.144220430107526
5.596101341290435
4.782533833889506
5.475749178981933
5.310742756501929
5.139112903225806
5.429949282271302
5.352822580645161
5.1110215053763435
5.421025676677787
5.2077956989247305
5.107930107526881
5.043346774193548
5.450604838709678
4.768145161290323
5.101814516129032
4.992943548387096
5.3604969660587
5.3438844086021495
4.532258064516129
5.1875
5.107862903225806
5.633777941098572
5.131048387096774
5.365927419354838
5.1402553763440855
5.219758064516129
4.955645161290322
4.9204756460735295
5.363978494623655
5.33544252579291
5.4375
4.71875
5.104838709677419
5.018346774193548
5.31206068912548
5.015955890142484
5.130040322580645
5.109467530059851
5.464589954446738
5.167118557656653
5.519460114412835
5.03125
5.04133064516129
4.845766129032258
5.051935682504366
5.2946595938461885
5.192540322580645
5.213511375072831
5.181653225806451
4.94758064516129
5.254555657079291
5.362562606305652
5.005040322580645
4.594758064516129
5.711637783898625
5.0
5.648669045853412
4.764112903225806
5.59293990677472
4.818891360771226
5.250632831305796
4.844758064516129
4.974865260342176
5.1597515758249894
5.283266129032258
5.002016129032258
5.25
4.946639784946236
5.442540322580645
5.271989894709581
5.476814516129032
5.001008064516129
4.96875
5.069556451612903
5.040389784946236
5.598790322580645
5.442540322580645
5.302417368504683
5.663798400338997
5.363978494623655
5.228356573441387
5.297243299433227
5.159274193548387
5.064516129032258
5.3125
5.318548387096774
5.3865988664653806
5.39564562476826
5.148252688172042
4.865927419354838
5.078696236559139
5.709708538587846
5.5056769426346674
5.0625
5.131115591397849
4.942540984691982
5.771106123205674
5.499287090005939
5.408266129032258
4.75
4.962970430107527
5.358781104519421
5.440524193548387
5.065524193548387
5.16135752688172
4.626008064516129
4.907258064516129
5.339926307007786
5.153830645161289
5.736993484824404
5.57988472641559
5.157258064516129
5.162298387096774
5.322892830658401
5.271593621072204
5.126008064516129
4.40625
5.007123655913978
5.65625
5.346774193548387
5.102889784946236
5.409274193548387
5.169591733092843
5.15625
5.6732570032138945
4.947647849462365
5.606854838709677
5.1825553892920375
5.033266129032258
5.27016129032258
4.876008064516129
5.378024193548387
5.032258064516129
5.427486559139784
5.126930391272713
4.78125
4.817540322580645
5.131048387096774
5.176386461147303
5.54505005561735
5.163306451612903
5.41865517094243
4.789314516129032
5.277426307007786
5.471015928927492
5.220723091795111
5.109281844612765
5.026492067906135
5.391434927697436
5.045056345675085
5.297403861433337
4.688508064516129
5.345804862545683
5.510619125601048
5.25
5.007873165951582
5.264112903225807
4.794422043010752
5.246385055999903
5.132056451612903
5.408820978335712
5.284274193548387
5.2752688172043
5.191599462365591
5.295362903225806
5.276572514434023
5.281058318766879
5.298722309032371
5.325604838709678
5.738772246941041
5.347782258064516
5.2995295698924725
5.158333333333333
5.34375
5.604905913978494
4.657258064516129
4.977822580645161
5.16633064516129
4.8402692806822385
5.676817422062134
5.316885494464745
5.298454301075268
5.06056829016367
5.15625
5.035349462365591
4.939516129032258
4.98393817204301
5.286424731182795
5.226711226759887
4.940524193548387
4.910282258064516
5.29133064516129
4.597782258064516
4.974798387096774
4.829637096774193
5.1090053763440855
4.878083121457701
5.284341397849462
5.479838709677419
4.751008064516129
4.876008064516129
5.449925512474174
4.814516129032258
5.641129032258064
5.377652086974942
5.160282258064516
5.412333147942154
5.431468827798079
