49.281
49.131
40.492
50.407
49.833
39.303
49.185
38.557
48.857
60.780
48.564
40.083
49.927
48.510
51.241
48.954
49.915
50.373
48.274
49.084
50.782
48.928
39.549
48.447
49.977
49.802
48.294
48.031
60.023
58.877
51.299
50.288
49.783
41.006
38.375
50.733
49.478
48.919
50.663
50.925
48.355
38.856
51.902
49.816
49.526
49.933
51.197
49.355
39.822
60.667
50.542
49.365
39.119
49.600
50.208
59.198
49.757
59.842
51.279
51.085
49.197
49.807
50.528
39.504
38.270
50.426
49.956
60.041
40.020
49.930
49.754
40.296
50.133
50.884
49.961
40.572
48.749
40.124
38.872
49.001
49.741
49.605
50.131
39.855
50.901
49.080
49.812
49.541
50.137
39.969
61.217
49.284
39.274
50.446
51.133
49.343
48.208
40.639
50.042
50.226
49.709
49.044
49.642
48.663
59.396
52.185
39.041
39.508
40.268
40.521
40.424
51.969
49.568
50.432
48.938
49.566
39.416
49.031
48.360
48.630
49.778
40.305
49.890
49.192
51.204
60.054
51.641
39.176
50.773
38.568
41.574
49.239
48.293
52.123
48.241
50.134
49.714
51.875
49.554
60.225
51.696
50.659
51.881
39.664
40.334
51.058
50.345
51.822
52.020
49.589
49.780
51.481
49.559
39.927
48.047
51.328
49.530
39.741
52.114
49.278
39.071
40.429
50.372
50.562
50.532
48.919
59.265
57.906
38.588
51.414
39.941
47.823
50.622
51.066
41.396
40.369
48.996
39.270
49.994
50.311
48.897
51.281
50.149
50.076
39.389
39.196
40.785
51.338
49.937
49.786
50.221
46.618
40.786
50.554
40.653
49.304
51.614
51.802
50.390
51.535
60.305
40.481
51.586
49.844
40.465
50.034
49.964
50.551
42.775
50.648
51.075
51.820
59.650
50.194
49.039
50.706
49.261
39.600
50.167
50.362
39.431
40.552
50.148
39.335
49.986
48.526
50.433
41.022
49.723
50.133
40.485
51.948
49.346
39.724
48.446
51.150
51.905
40.897
50.797
51.218
40.423
38.725
50.892
50.178
40.860
47.134
60.838
51.585
49.523
49.739
49.199
59.031
49.490
49.173
49.992
50.060
49.647
40.628
59.207
50.819
50.847
40.209
50.170
50.976
49.711
40.950
50.655
39.202
50.266
51.742
40.031
50.682
51.765
50.414
60.574
49.489
47.847
50.489
49.847
48.679
38.729
61.046
49.956
50.687
39.625
49.826
50.565
39.985
50.849
51.966
41.240
61.194
49.824
40.709
40.013
50.377
52.201
48.819
42.091
51.336
51.143
59.501
60.195
51.201
49.071
50.057
49.888
50.431
59.476
50.092
49.486
49.626
49.890
39.669
60.314
49.497
61.133
51.138
61.303
50.092
40.174
50.586
50.988
50.011
40.775
49.932
48.760
50.255
51.120
51.084
41.494
50.669
60.826
49.740
49.999
50.609
62.043
50.887
50.236
50.530
49.348
59.329
50.410
49.035
39.535
50.441
61.104
50.687
40.723
39.765
49.497
40.505
48.790
51.179
47.317
39.968
48.648
40.041
51.492
48.174
60.185
51.038
50.135
50.695
50.326
49.764
50.289
50.217
59.713
50.253
49.989
39.806
41.386
40.932
50.108
52.542
50.159
50.266
49.671
50.210
48.962
48.836
50.825
60.231
41.185
49.765
52.024
51.712
50.224
39.729
50.810
40.102
49.056
50.032
39.770
50.650
58.846
50.559
50.855
50.720
50.721
51.582
48.848
49.119
48.426
41.181
61.747
51.196
41.614
50.356
50.812
50.739
39.268
40.332
41.440
51.017
40.337
51.260
48.812
50.233
49.741
50.405
39.375
50.583
39.642
39.373
59.014
50.577
40.150
49.904
48.391
49.781
40.187
51.253
49.843
48.969
40.994
49.701
51.803
40.545
50.889
49.855
49.660
60.910
48.441
40.685
50.473
50.216
39.858
50.118
50.788
50.755
50.348
48.928
50.319
61.572
51.757
49.456
50.348
49.885
48.281
59.781
50.333
50.845
49.824
40.128
52.133
39.445
49.440
50.208
61.265
40.079
39.289
50.509
51.765
39.794
39.609
50.618
50.061
51.252
49.614
62.276
50.548
51.808
50.715
51.602
50.936
51.141
61.463
48.683
51.639
40.716
39.916
49.783
49.883
51.112
49.513
39.623
51.824
48.933
49.478
49.395
40.195
60.202
50.636
50.226
49.716
50.974
60.383
58.210
50.460
49.760
52.571
50.403
50.690
50.772
51.825
49.404
60.217
48.909
47.960
51.659
50.055
40.664
40.208
49.738
49.485
51.641
51.628
49.540
49.774
51.853
49.120
52.819
51.354
69.774
50.687
50.844
49.652
49.957
50.798
49.154
40.497
70.140
39.637
40.269
51.777
50.441
49.374
40.744
51.643
51.068
61.850
50.273
50.619
49.445
40.008
51.654
49.832
49.453
50.731
50.759
50.484
50.245
40.564
51.049
50.442
60.825
58.454
50.441
39.383
39.754
40.742
49.418
50.486
48.093
50.674
40.380
50.515
50.109
51.408
50.956
49.607
50.692
50.045
49.895
49.208
50.543
48.968
51.695
60.882
50.528
39.726
50.709
49.431
49.931
52.107
51.791
59.813
49.445
49.615
50.136
51.013
49.207
50.157
51.647
51.850
51.672
49.015
51.266
49.375
50.172
51.667
49.747
48.915
51.190
50.789
50.915
40.367
49.758
40.854
50.234
50.690
51.202
51.332
52.156
50.562
48.641
40.156
41.674
51.828
50.412
40.775
49.842
48.804
49.680
50.645
50.268
50.845
48.592
59.838
52.168
40.016
52.020
51.397
60.471
49.990
48.717
50.915
50.826
39.037
51.815
49.816
48.687
40.834
50.169
39.993
39.629
58.509
50.108
49.873
49.911
50.408
50.354
50.727
40.439
40.272
41.878
59.933
48.728
58.579
49.336
39.598
50.241
41.361
48.856
49.775
38.374
49.856
59.655
40.058
49.434
52.418
49.335
61.400
62.203
48.304
50.019
41.525
49.652
51.339
50.825
50.370
39.113
49.396
50.020
59.430
49.261
39.889
39.440
39.694
40.624
50.369
51.439
50.757
51.295
50.200
52.577
50.390
52.202
60.003
51.646
62.589
51.798
51.172
49.944
49.763
50.538
40.085
51.007
40.396
48.623
50.373
51.258
49.862
39.939
50.066
50.790
39.933
51.202
50.063
40.603
50.842
48.927
51.401
51.937
50.227
41.133
41.503
50.170
40.390
38.959
48.962
50.128
51.496
50.945
50.201
51.071
49.549
51.578
48.404
52.304
61.023
58.452
50.284
50.529
52.217
39.488
51.346
50.229
51.434
47.657
39.294
39.321
50.997
48.956
39.681
38.526
49.985
48.962
50.749
40.976
49.514
39.768
50.125
49.520
50.243
50.660
38.006
61.382
49.349
40.532
40.198
41.768
49.292
41.119
39.809
49.675
52.324
40.746
40.643
50.611
51.885
51.563
41.167
50.048
51.263
50.827
41.730
50.892
50.572
49.044
50.889
51.127
49.786
50.676
38.950
49.943
50.197
39.361
41.266
51.344
50.714
52.136
50.172
48.985
40.088
50.336
39.727
61.868
60.071
51.442
40.645
41.300
50.560
60.359
49.532
50.452
51.960
50.253
50.511
59.153
49.950
48.966
51.703
51.064
50.527
50.040
52.084
52.778
51.065
49.228
49.888
51.956
39.145
51.265
40.275
49.656
52.189
51.521
52.079
49.850
52.655
50.787
59.962
47.997
50.159
40.699
49.293
51.325
60.566
50.414
39.787
39.253
50.328
50.575
50.679
40.053
50.678
59.819
51.237
51.419
49.690
48.758
50.259
61.472
41.196
39.156
50.550
50.740
40.694
50.614
51.285
48.850
39.305
41.127
50.818
59.337
51.907
50.437
50.948
48.624
40.449
50.876
50.061
49.768
60.972
41.949
40.554
52.012
51.155
49.624
51.478
49.824
51.034
52.272
50.627
50.028
50.736
51.475
50.184
49.532
39.461
50.679
41.725
49.925
49.153
40.379
41.277
50.843
40.518
51.549
61.028
39.290
41.444
50.771
48.959
50.237
39.445
40.849
63.531
61.233
50.033
41.374
51.535
48.520
51.276
52.511
41.781
51.030
51.590
50.924
50.249
51.767
39.443
52.607
49.554
50.226
40.240
50.994
50.819
39.543
52.794
49.742
42.070
41.825
49.852
50.635
51.609
40.635
50.318
51.645
50.742
50.042
49.343
49.352
60.757
51.491
50.870
50.370
39.916
40.744
50.856
50.231
50.525
50.842
51.866
51.191
50.552
49.833
50.605
48.817
41.455
59.428
51.405
49.197
48.818
50.939
49.573
51.373
52.146
49.975
50.868
40.592
60.218
60.082
52.614
49.578
39.477
51.194
