800
724
555
638
669
646
721
674
755
781
770
615
721
770
669
730
710
711
739
753
648
711
630
752
706
719
773
784
808
829
677
666
671
559
665
676
731
730
668
636
786
644
600
717
710
712
628
708
600
734
673
728
660
733
691
836
710
772
666
633
687
680
676
590
684
663
710
781
563
667
730
581
663
658
708
596
742
575
622
733
734
712
687
597
631
752
682
722
702
586
777
729
594
692
688
766
772
568
668
696
739
758
695
777
775
602
663
625
585
590
572
610
777
698
753
726
626
752
778
782
689
554
674
732
624
726
630
638
660
654
473
740
777
626
767
701
683
614
695
782
598
634
622
627
568
631
667
645
615
748
701
627
708
592
784
640
718
587
609
704
681
553
694
649
669
731
797
863
647
635
569
797
672
633
517
563
746
629
714
711
745
625
668
739
576
635
551
606
696
668
678
921
534
679
563
680
632
594
659
616
790
548
614
699
559
721
716
664
453
679
624
644
818
689
751
675
720
584
692
674
660
555
663
605
670
749
674
530
716
667
537
617
734
627
734
645
622
538
664
625
585
637
648
666
558
841
755
636
714
709
755
871
689
745
702
678
712
563
828
668
661
563
658
652
743
505
657
605
654
611
586
695
622
681
778
706
782
707
678
745
639
740
674
693
594
693
648
571
630
634
527
715
711
541
597
667
597
756
474
662
628
833
773
683
713
691
660
680
800
672
718
707
715
576
809
695
696
650
726
676
563
671
678
716
561
677
737
715
645
626
538
667
740
681
644
672
701
650
671
681
725
822
659
741
625
689
722
651
564
589
691
556
758
623
803
595
783
613
650
789
786
651
647
614
627
695
653
661
795
655
662
628
530
548
693
581
692
668
710
693
740
739
646
771
554
690
583
608
670
583
645
587
747
686
589
669
819
657
640
656
676
626
762
709
774
539
722
636
498
667
681
624
630
578
533
640
576
614
760
671
669
669
596
663
609
626
835
670
576
675
781
715
618
647
704
755
515
691
605
568
657
706
723
773
722
551
647
680
589
674
652
660
669
712
682
706
605
711
622
711
774
792
680
658
694
605
602
586
693
672
683
563
615
665
595
581
624
652
707
647
678
678
690
637
646
613
637
673
723
736
620
566
596
717
684
631
676
599
656
730
705
684
580
741
668
706
727
664
801
879
641
690
595
664
677
646
625
687
790
760
772
645
704
544
593
684
729
640
646
756
678
587
736
563
623
842
674
661
708
664
630
747
562
859
592
604
600
634
700
545
614
648
697
695
642
727
580
608
676
682
644
680
649
672
577
654
670
763
822
630
630
615
551
710
678
761
657
569
651
703
608
677
698
683
698
698
710
649
711
624
752
648
577
639
707
717
613
593
755
731
710
676
658
710
709
607
581
624
716
605
726
679
620
710
733
648
683
636
544
744
555
663
636
609
654
618
683
706
574
500
609
663
559
721
761
702
675
673
666
718
775
563
566
630
621
796
666
762
638
670
602
619
734
772
532
660
563
618
831
686
720
661
639
690
644
566
546
511
801
745
843
708
580
654
515
746
668
699
665
830
596
675
565
709
745
714
759
673
512
689
599
616
673
601
712
671
779
709
616
623
595
556
684
601
644
622
663
607
677
594
787
639
639
605
643
725
693
643
593
641
567
701
651
641
676
587
673
654
593
612
686
559
667
742
611
589
662
503
513
668
555
648
702
672
607
676
730
615
712
615
745
596
745
834
676
695
549
588
611
634
602
797
602
604
622
716
614
637
714
728
658
507
718
606
710
697
675
690
690
698
693
537
581
515
704
547
588
703
634
529
564
639
627
618
530
675
630
673
525
623
670
686
638
636
667
604
637
705
731
597
536
594
644
609
663
698
561
682
598
703
755
617
529
534
665
755
670
643
631
662
628
782
693
733
609
635
672
671
615
595
615
740
703
623
613
652
554
667
583
617
605
667
548
651
791
769
655
559
707
645
765
665
603
610
670
648
699
561
658
796
639
612
690
750
654
715
518
619
675
661
550
635
637
726
634
529
652
795
625
697
651
732
556
627
668
690
720
477
564
616
597
690
643
685
622
624
646
679
659
591
667
701
596
643
495
679
762
530
535
646
554
607
703
594
532
647
750
645
606
529
616
726
697
527
618
733
636
589
494
621
605
657
674
609
593
570
671
658
543
614
621
597
591
704
498
513
674
672
651
553
662
591
671
691
690
713
763
626
634
652
584
556
637
650
649
642
607
619
652
636
656
717
530
791
610
711
726
636
685
595
597
701
615
558
763
763
585
680
646
631
