3.067000000000000000e+04
4.573000000000000000e+04
4.045000000000000000e+04
3.278000000000000000e+04
2.556000000000000000e+04
3.582000000000000000e+04
2.558000000000000000e+04
3.069000000000000000e+04
3.261000000000000000e+04
2.381000000000000000e+04
3.063000000000000000e+04
3.070000000000000000e+04
3.520000000000000000e+04
2.393000000000000000e+04
3.531000000000000000e+04
2.928000000000000000e+04
2.543000000000000000e+04
2.862000000000000000e+04
2.511000000000000000e+04
2.854000000000000000e+04
2.536000000000000000e+04
2.864000000000000000e+04
2.856000000000000000e+04
3.570000000000000000e+04
3.034000000000000000e+04
2.528000000000000000e+04
2.031000000000000000e+04
3.033000000000000000e+04
3.766000000000000000e+04
5.548000000000000000e+04
2.539000000000000000e+04
2.771000000000000000e+04
2.361000000000000000e+04
2.820000000000000000e+04
2.380000000000000000e+04
1.921000000000000000e+04
2.358000000000000000e+04
3.057000000000000000e+04
2.815000000000000000e+04
3.555000000000000000e+04
3.067000000000000000e+04
1.970000000000000000e+04
2.521000000000000000e+04
2.810000000000000000e+04
2.544000000000000000e+04
2.509000000000000000e+04
2.548000000000000000e+04
2.541000000000000000e+04
2.530000000000000000e+04
2.840000000000000000e+04
2.549000000000000000e+04
3.532000000000000000e+04
3.695000000000000000e+04
3.369000000000000000e+04
3.519000000000000000e+04
2.545000000000000000e+04
2.557000000000000000e+04
3.059000000000000000e+04
3.068000000000000000e+04
3.523000000000000000e+04
3.569000000000000000e+04
3.547000000000000000e+04
2.542000000000000000e+04
3.009000000000000000e+04
3.177000000000000000e+04
2.418000000000000000e+04
2.406000000000000000e+04
2.557000000000000000e+04
3.571000000000000000e+04
2.547000000000000000e+04
2.400000000000000000e+04
2.550000000000000000e+04
4.072000000000000000e+04
2.870000000000000000e+04
2.513000000000000000e+04
1.911000000000000000e+04
3.345000000000000000e+04
3.546000000000000000e+04
2.558000000000000000e+04
3.017000000000000000e+04
3.315000000000000000e+04
3.042000000000000000e+04
3.050000000000000000e+04
2.869000000000000000e+04
3.237000000000000000e+04
2.785000000000000000e+04
3.841000000000000000e+04
3.064000000000000000e+04
2.554000000000000000e+04
2.535000000000000000e+04
4.544000000000000000e+04
3.064000000000000000e+04
2.556000000000000000e+04
2.557000000000000000e+04
3.584000000000000000e+04
2.553000000000000000e+04
3.935000000000000000e+04
2.416000000000000000e+04
3.288000000000000000e+04
3.541000000000000000e+04
3.062000000000000000e+04
3.051000000000000000e+04
3.580000000000000000e+04
3.567000000000000000e+04
2.518000000000000000e+04
3.375000000000000000e+04
3.558000000000000000e+04
3.072000000000000000e+04
4.072000000000000000e+04
2.560000000000000000e+04
3.026000000000000000e+04
2.797000000000000000e+04
2.823000000000000000e+04
2.820000000000000000e+04
2.354000000000000000e+04
2.848000000000000000e+04
3.386000000000000000e+04
3.815000000000000000e+04
2.556000000000000000e+04
3.042000000000000000e+04
2.511000000000000000e+04
2.410000000000000000e+04
3.272000000000000000e+04
3.037000000000000000e+04
3.049000000000000000e+04
2.559000000000000000e+04
3.029000000000000000e+04
2.026000000000000000e+04
2.808000000000000000e+04
3.013000000000000000e+04
2.850000000000000000e+04
2.550000000000000000e+04
3.061000000000000000e+04
3.065000000000000000e+04
2.551000000000000000e+04
3.060000000000000000e+04
2.517000000000000000e+04
4.079000000000000000e+04
4.426000000000000000e+04
3.579000000000000000e+04
5.052000000000000000e+04
2.774000000000000000e+04
3.803000000000000000e+04
3.579000000000000000e+04
3.070000000000000000e+04
2.028000000000000000e+04
3.031000000000000000e+04
2.556000000000000000e+04
4.084000000000000000e+04
2.557000000000000000e+04
3.054000000000000000e+04
6.013000000000000000e+04
2.918000000000000000e+04
2.994000000000000000e+04
2.784000000000000000e+04
4.057000000000000000e+04
5.834000000000000000e+04
3.569000000000000000e+04
3.719000000000000000e+04
2.378000000000000000e+04
3.035000000000000000e+04
2.552000000000000000e+04
3.415000000000000000e+04
2.549000000000000000e+04
3.051000000000000000e+04
2.536000000000000000e+04
3.230000000000000000e+04
2.839000000000000000e+04
4.770000000000000000e+04
3.040000000000000000e+04
3.552000000000000000e+04
3.042000000000000000e+04
2.431000000000000000e+04
2.794000000000000000e+04
2.543000000000000000e+04
2.845000000000000000e+04
3.551000000000000000e+04
3.302000000000000000e+04
3.425000000000000000e+04
2.535000000000000000e+04
4.036000000000000000e+04
2.524000000000000000e+04
3.027000000000000000e+04
3.271000000000000000e+04
3.064000000000000000e+04
2.554000000000000000e+04
3.034000000000000000e+04
3.325000000000000000e+04
3.567000000000000000e+04
4.059000000000000000e+04
4.081000000000000000e+04
3.540000000000000000e+04
2.553000000000000000e+04
3.057000000000000000e+04
2.540000000000000000e+04
3.580000000000000000e+04
3.544000000000000000e+04
2.362000000000000000e+04
2.808000000000000000e+04
2.356000000000000000e+04
3.544000000000000000e+04
3.732000000000000000e+04
3.546000000000000000e+04
1.909000000000000000e+04
3.300000000000000000e+04
3.047000000000000000e+04
4.050000000000000000e+04
3.033000000000000000e+04
2.346000000000000000e+04
3.277000000000000000e+04
3.291000000000000000e+04
2.558000000000000000e+04
5.505000000000000000e+04
2.430000000000000000e+04
3.060000000000000000e+04
3.032000000000000000e+04
2.549000000000000000e+04
2.798000000000000000e+04
3.532000000000000000e+04
3.060000000000000000e+04
3.564000000000000000e+04
3.190000000000000000e+04
2.823000000000000000e+04
3.048000000000000000e+04
2.559000000000000000e+04
2.558000000000000000e+04
3.070000000000000000e+04
3.065000000000000000e+04
2.532000000000000000e+04
3.294000000000000000e+04
2.555000000000000000e+04
3.063000000000000000e+04
3.016000000000000000e+04
3.065000000000000000e+04
2.556000000000000000e+04
4.062000000000000000e+04
2.560000000000000000e+04
3.062000000000000000e+04
2.556000000000000000e+04
3.044000000000000000e+04
3.276000000000000000e+04
3.072000000000000000e+04
3.042000000000000000e+04
2.850000000000000000e+04
3.499000000000000000e+04
2.850000000000000000e+04
3.291000000000000000e+04
3.545000000000000000e+04
2.973000000000000000e+04
2.398000000000000000e+04
2.956000000000000000e+04
3.019000000000000000e+04
2.866000000000000000e+04
2.462000000000000000e+04
4.051000000000000000e+04
4.090000000000000000e+04
3.063000000000000000e+04
2.805000000000000000e+04
2.363000000000000000e+04
3.497000000000000000e+04
3.483000000000000000e+04
2.535000000000000000e+04
2.379000000000000000e+04
2.855000000000000000e+04
3.500000000000000000e+04
3.031000000000000000e+04
3.059000000000000000e+04
3.541000000000000000e+04
3.069000000000000000e+04
2.545000000000000000e+04
2.551000000000000000e+04
4.044000000000000000e+04
3.063000000000000000e+04
3.043000000000000000e+04
2.540000000000000000e+04
3.580000000000000000e+04
3.033000000000000000e+04
3.026000000000000000e+04
2.529000000000000000e+04
3.227000000000000000e+04
3.282000000000000000e+04
2.560000000000000000e+04
2.528000000000000000e+04
3.029000000000000000e+04
2.510000000000000000e+04
1.917000000000000000e+04
3.967000000000000000e+04
3.058000000000000000e+04
3.566000000000000000e+04
2.857000000000000000e+04
3.933000000000000000e+04
2.387000000000000000e+04
2.523000000000000000e+04
2.540000000000000000e+04
3.532000000000000000e+04
3.034000000000000000e+04
2.536000000000000000e+04
4.768000000000000000e+04
2.554000000000000000e+04
3.532000000000000000e+04
2.794000000000000000e+04
3.220000000000000000e+04
2.357000000000000000e+04
2.549000000000000000e+04
3.016000000000000000e+04
3.044000000000000000e+04
3.577000000000000000e+04
2.544000000000000000e+04
2.554000000000000000e+04
2.518000000000000000e+04
3.045000000000000000e+04
2.553000000000000000e+04
3.663000000000000000e+04
3.236000000000000000e+04
2.559000000000000000e+04
3.041000000000000000e+04
2.883000000000000000e+04
2.525000000000000000e+04
2.900000000000000000e+04
3.386000000000000000e+04
3.442000000000000000e+04
3.549000000000000000e+04
3.047000000000000000e+04
4.104000000000000000e+04
2.551000000000000000e+04
3.037000000000000000e+04
2.392000000000000000e+04
2.537000000000000000e+04
3.040000000000000000e+04
3.066000000000000000e+04
3.580000000000000000e+04
4.053000000000000000e+04
2.367000000000000000e+04
3.540000000000000000e+04
3.567000000000000000e+04
3.579000000000000000e+04
3.526000000000000000e+04
3.061000000000000000e+04
3.068000000000000000e+04
2.560000000000000000e+04
2.556000000000000000e+04
2.755000000000000000e+04
2.765000000000000000e+04
2.361000000000000000e+04
3.321000000000000000e+04
4.048000000000000000e+04
4.063000000000000000e+04
2.371000000000000000e+04
2.531000000000000000e+04
2.883000000000000000e+04
2.412000000000000000e+04
4.029000000000000000e+04
3.553000000000000000e+04
2.555000000000000000e+04
3.549000000000000000e+04
2.813000000000000000e+04
2.404000000000000000e+04
3.485000000000000000e+04
3.060000000000000000e+04
2.557000000000000000e+04
3.542000000000000000e+04
4.232000000000000000e+04
4.051000000000000000e+04
3.021000000000000000e+04
3.562000000000000000e+04
3.562000000000000000e+04
2.558000000000000000e+04
3.068000000000000000e+04
2.555000000000000000e+04
2.544000000000000000e+04
2.390000000000000000e+04
2.385000000000000000e+04
3.028000000000000000e+04
3.251000000000000000e+04
3.372000000000000000e+04
3.568000000000000000e+04
2.537000000000000000e+04
3.010000000000000000e+04
3.049000000000000000e+04
2.531000000000000000e+04
2.810000000000000000e+04
3.532000000000000000e+04
3.576000000000000000e+04
3.047000000000000000e+04
3.041000000000000000e+04
2.840000000000000000e+04
3.058000000000000000e+04
2.551000000000000000e+04
4.537000000000000000e+04
2.559000000000000000e+04
2.555000000000000000e+04
4.041000000000000000e+04
3.063000000000000000e+04
3.553000000000000000e+04
2.552000000000000000e+04
2.553000000000000000e+04
3.000000000000000000e+04
3.045000000000000000e+04
3.043000000000000000e+04
3.566000000000000000e+04
4.552000000000000000e+04
4.096000000000000000e+04
2.559000000000000000e+04
4.591000000000000000e+04
3.560000000000000000e+04
3.984000000000000000e+04
3.046000000000000000e+04
2.346000000000000000e+04
2.765000000000000000e+04
4.600000000000000000e+04
3.054000000000000000e+04
2.408000000000000000e+04
1.952000000000000000e+04
3.523000000000000000e+04
2.360000000000000000e+04
3.054000000000000000e+04
3.519000000000000000e+04
4.421000000000000000e+04
2.552000000000000000e+04
2.800000000000000000e+04
4.021000000000000000e+04
2.558000000000000000e+04
3.069000000000000000e+04
2.434000000000000000e+04
3.546000000000000000e+04
3.057000000000000000e+04
2.403000000000000000e+04
3.783000000000000000e+04
2.814000000000000000e+04
3.523000000000000000e+04
2.364000000000000000e+04
2.802000000000000000e+04
2.798000000000000000e+04
2.987000000000000000e+04
2.789000000000000000e+04
2.046000000000000000e+04
3.272000000000000000e+04
2.541000000000000000e+04
3.536000000000000000e+04
2.552000000000000000e+04
2.552000000000000000e+04
3.068000000000000000e+04
4.540000000000000000e+04
3.036000000000000000e+04
3.033000000000000000e+04
3.057000000000000000e+04
3.050000000000000000e+04
3.221000000000000000e+04
3.248000000000000000e+04
3.050000000000000000e+04
3.007000000000000000e+04
2.382000000000000000e+04
2.365000000000000000e+04
3.726000000000000000e+04
3.492000000000000000e+04
2.512000000000000000e+04
1.922000000000000000e+04
2.819000000000000000e+04
3.035000000000000000e+04
3.579000000000000000e+04
3.065000000000000000e+04
3.573000000000000000e+04
2.846000000000000000e+04
2.551000000000000000e+04
3.062000000000000000e+04
3.537000000000000000e+04
2.557000000000000000e+04
2.553000000000000000e+04
4.038000000000000000e+04
3.071000000000000000e+04
2.557000000000000000e+04
2.556000000000000000e+04
3.448000000000000000e+04
2.555000000000000000e+04
3.500000000000000000e+04
2.551000000000000000e+04
2.514000000000000000e+04
3.645000000000000000e+04
4.009000000000000000e+04
3.565000000000000000e+04
3.055000000000000000e+04
3.727000000000000000e+04
2.537000000000000000e+04
2.047000000000000000e+04
2.556000000000000000e+04
2.366000000000000000e+04
2.802000000000000000e+04
3.197000000000000000e+04
2.380000000000000000e+04
2.837000000000000000e+04
3.298000000000000000e+04
3.043000000000000000e+04
5.042000000000000000e+04
3.249000000000000000e+04
3.047000000000000000e+04
3.046000000000000000e+04
3.500000000000000000e+04
3.039000000000000000e+04
3.704000000000000000e+04
3.063000000000000000e+04
3.582000000000000000e+04
4.075000000000000000e+04
2.558000000000000000e+04
3.052000000000000000e+04
3.266000000000000000e+04
2.530000000000000000e+04
2.347000000000000000e+04
2.895000000000000000e+04
3.406000000000000000e+04
3.063000000000000000e+04
3.022000000000000000e+04
3.265000000000000000e+04
2.359000000000000000e+04
2.384000000000000000e+04
2.367000000000000000e+04
3.054000000000000000e+04
3.735000000000000000e+04
2.560000000000000000e+04
2.556000000000000000e+04
4.039000000000000000e+04
4.073000000000000000e+04
2.385000000000000000e+04
2.533000000000000000e+04
3.542000000000000000e+04
2.802000000000000000e+04
3.064000000000000000e+04
3.571000000000000000e+04
3.039000000000000000e+04
3.222000000000000000e+04
2.808000000000000000e+04
3.408000000000000000e+04
4.035000000000000000e+04
2.777000000000000000e+04
2.359000000000000000e+04
3.312000000000000000e+04
3.543000000000000000e+04
3.581000000000000000e+04
4.044000000000000000e+04
2.542000000000000000e+04
2.560000000000000000e+04
3.558000000000000000e+04
3.042000000000000000e+04
2.378000000000000000e+04
4.221000000000000000e+04
3.070000000000000000e+04
3.067000000000000000e+04
2.554000000000000000e+04
2.551000000000000000e+04
2.557000000000000000e+04
3.045000000000000000e+04
4.045000000000000000e+04
3.023000000000000000e+04
3.039000000000000000e+04
3.579000000000000000e+04
3.314000000000000000e+04
2.391000000000000000e+04
2.396000000000000000e+04
3.054000000000000000e+04
2.046000000000000000e+04
3.502000000000000000e+04
2.548000000000000000e+04
3.048000000000000000e+04
2.555000000000000000e+04
2.536000000000000000e+04
3.059000000000000000e+04
3.014000000000000000e+04
2.360000000000000000e+04
3.034000000000000000e+04
3.025000000000000000e+04
2.539000000000000000e+04
2.410000000000000000e+04
2.023000000000000000e+04
2.861000000000000000e+04
2.354000000000000000e+04
3.328000000000000000e+04
3.268000000000000000e+04
2.847000000000000000e+04
2.844000000000000000e+04
3.019000000000000000e+04
3.694000000000000000e+04
2.836000000000000000e+04
2.541000000000000000e+04
2.446000000000000000e+04
3.565000000000000000e+04
3.541000000000000000e+04
5.937000000000000000e+04
3.303000000000000000e+04
3.038000000000000000e+04
2.368000000000000000e+04
2.800000000000000000e+04
2.856000000000000000e+04
3.870000000000000000e+04
2.539000000000000000e+04
3.002000000000000000e+04
3.054000000000000000e+04
2.545000000000000000e+04
2.842000000000000000e+04
3.035000000000000000e+04
2.401000000000000000e+04
2.397000000000000000e+04
3.054000000000000000e+04
3.965000000000000000e+04
3.014000000000000000e+04
2.820000000000000000e+04
2.406000000000000000e+04
3.067000000000000000e+04
2.557000000000000000e+04
3.539000000000000000e+04
2.810000000000000000e+04
3.050000000000000000e+04
4.522000000000000000e+04
2.520000000000000000e+04
3.011000000000000000e+04
4.058000000000000000e+04
2.809000000000000000e+04
3.766000000000000000e+04
2.841000000000000000e+04
3.069000000000000000e+04
2.557000000000000000e+04
4.546000000000000000e+04
3.325000000000000000e+04
4.067000000000000000e+04
3.063000000000000000e+04
3.577000000000000000e+04
2.557000000000000000e+04
3.553000000000000000e+04
3.042000000000000000e+04
2.824000000000000000e+04
2.825000000000000000e+04
2.782000000000000000e+04
2.906000000000000000e+04
3.036000000000000000e+04
2.854000000000000000e+04
2.385000000000000000e+04
3.541000000000000000e+04
3.315000000000000000e+04
4.104000000000000000e+04
3.066000000000000000e+04
2.504000000000000000e+04
4.760000000000000000e+04
2.810000000000000000e+04
2.558000000000000000e+04
3.503000000000000000e+04
2.550000000000000000e+04
3.552000000000000000e+04
2.984000000000000000e+04
2.781000000000000000e+04
3.554000000000000000e+04
3.544000000000000000e+04
2.354000000000000000e+04
2.542000000000000000e+04
2.853000000000000000e+04
2.384000000000000000e+04
2.819000000000000000e+04
3.756000000000000000e+04
2.546000000000000000e+04
2.836000000000000000e+04
2.350000000000000000e+04
2.539000000000000000e+04
3.061000000000000000e+04
3.261000000000000000e+04
2.426000000000000000e+04
4.054000000000000000e+04
2.543000000000000000e+04
4.008000000000000000e+04
2.555000000000000000e+04
2.045000000000000000e+04
2.501000000000000000e+04
3.741000000000000000e+04
1.943000000000000000e+04
2.865000000000000000e+04
3.499000000000000000e+04
3.046000000000000000e+04
2.372000000000000000e+04
2.392000000000000000e+04
2.987000000000000000e+04
3.803000000000000000e+04
3.732000000000000000e+04
2.775000000000000000e+04
3.305000000000000000e+04
3.052000000000000000e+04
2.546000000000000000e+04
3.027000000000000000e+04
3.063000000000000000e+04
2.415000000000000000e+04
2.526000000000000000e+04
3.267000000000000000e+04
2.530000000000000000e+04
3.283000000000000000e+04
3.546000000000000000e+04
2.872000000000000000e+04
3.500000000000000000e+04
2.524000000000000000e+04
2.549000000000000000e+04
2.540000000000000000e+04
4.029000000000000000e+04
2.499000000000000000e+04
2.812000000000000000e+04
3.526000000000000000e+04
2.826000000000000000e+04
3.543000000000000000e+04
2.522000000000000000e+04
3.039000000000000000e+04
2.821000000000000000e+04
3.059000000000000000e+04
3.293000000000000000e+04
3.056000000000000000e+04
4.030000000000000000e+04
2.556000000000000000e+04
3.064000000000000000e+04
3.569000000000000000e+04
3.069000000000000000e+04
5.065000000000000000e+04
2.048000000000000000e+04
2.532000000000000000e+04
2.544000000000000000e+04
3.560000000000000000e+04
3.068000000000000000e+04
3.010000000000000000e+04
2.895000000000000000e+04
3.513000000000000000e+04
2.404000000000000000e+04
2.549000000000000000e+04
3.032000000000000000e+04
2.949000000000000000e+04
2.807000000000000000e+04
2.550000000000000000e+04
4.082000000000000000e+04
3.050000000000000000e+04
3.191000000000000000e+04
2.894000000000000000e+04
2.554000000000000000e+04
4.559000000000000000e+04
3.053000000000000000e+04
2.048000000000000000e+04
2.556000000000000000e+04
3.044000000000000000e+04
2.525000000000000000e+04
2.408000000000000000e+04
3.578000000000000000e+04
2.045000000000000000e+04
3.555000000000000000e+04
2.538000000000000000e+04
3.326000000000000000e+04
3.056000000000000000e+04
4.549000000000000000e+04
2.795000000000000000e+04
4.190000000000000000e+04
2.397000000000000000e+04
5.103000000000000000e+04
3.066000000000000000e+04
2.537000000000000000e+04
3.015000000000000000e+04
3.257000000000000000e+04
4.062000000000000000e+04
3.061000000000000000e+04
3.061000000000000000e+04
3.692000000000000000e+04
2.557000000000000000e+04
3.905000000000000000e+04
3.307000000000000000e+04
3.049000000000000000e+04
3.672000000000000000e+04
3.022000000000000000e+04
3.055000000000000000e+04
4.599000000000000000e+04
2.556000000000000000e+04
3.302000000000000000e+04
4.051000000000000000e+04
2.560000000000000000e+04
2.835000000000000000e+04
2.783000000000000000e+04
2.858000000000000000e+04
2.859000000000000000e+04
3.796000000000000000e+04
2.355000000000000000e+04
2.848000000000000000e+04
3.524000000000000000e+04
3.041000000000000000e+04
4.063000000000000000e+04
2.542000000000000000e+04
2.866000000000000000e+04
4.945000000000000000e+04
2.555000000000000000e+04
3.045000000000000000e+04
3.768000000000000000e+04
2.826000000000000000e+04
3.530000000000000000e+04
3.963000000000000000e+04
3.059000000000000000e+04
3.037000000000000000e+04
3.011000000000000000e+04
2.813000000000000000e+04
4.448000000000000000e+04
3.289000000000000000e+04
2.791000000000000000e+04
3.012000000000000000e+04
3.796000000000000000e+04
3.575000000000000000e+04
3.524000000000000000e+04
2.361000000000000000e+04
3.018000000000000000e+04
2.543000000000000000e+04
3.056000000000000000e+04
3.571000000000000000e+04
3.553000000000000000e+04
3.071000000000000000e+04
3.032000000000000000e+04
2.828000000000000000e+04
2.967000000000000000e+04
3.063000000000000000e+04
2.550000000000000000e+04
2.534000000000000000e+04
3.801000000000000000e+04
2.019000000000000000e+04
3.011000000000000000e+04
3.556000000000000000e+04
3.577000000000000000e+04
3.527000000000000000e+04
2.829000000000000000e+04
4.438000000000000000e+04
2.766000000000000000e+04
2.560000000000000000e+04
2.560000000000000000e+04
3.059000000000000000e+04
3.031000000000000000e+04
1.915000000000000000e+04
4.224000000000000000e+04
4.557000000000000000e+04
3.277000000000000000e+04
2.353000000000000000e+04
1.947000000000000000e+04
2.865000000000000000e+04
3.066000000000000000e+04
2.544000000000000000e+04
3.051000000000000000e+04
2.901000000000000000e+04
2.810000000000000000e+04
2.548000000000000000e+04
2.877000000000000000e+04
2.516000000000000000e+04
3.535000000000000000e+04
2.856000000000000000e+04
4.199000000000000000e+04
2.558000000000000000e+04
4.077000000000000000e+04
2.842000000000000000e+04
3.039000000000000000e+04
2.843000000000000000e+04
3.052000000000000000e+04
3.279000000000000000e+04
3.020000000000000000e+04
2.833000000000000000e+04
2.555000000000000000e+04
2.806000000000000000e+04
2.527000000000000000e+04
3.055000000000000000e+04
4.552000000000000000e+04
2.560000000000000000e+04
3.546000000000000000e+04
3.049000000000000000e+04
3.324000000000000000e+04
4.547000000000000000e+04
2.556000000000000000e+04
2.559000000000000000e+04
3.050000000000000000e+04
3.533000000000000000e+04
3.060000000000000000e+04
2.537000000000000000e+04
2.361000000000000000e+04
2.818000000000000000e+04
3.513000000000000000e+04
1.954000000000000000e+04
2.383000000000000000e+04
4.038000000000000000e+04
2.558000000000000000e+04
3.583000000000000000e+04
2.553000000000000000e+04
2.803000000000000000e+04
3.003000000000000000e+04
3.004000000000000000e+04
2.532000000000000000e+04
3.976000000000000000e+04
2.818000000000000000e+04
2.378000000000000000e+04
3.069000000000000000e+04
5.529000000000000000e+04
2.860000000000000000e+04
3.309000000000000000e+04
2.374000000000000000e+04
5.511000000000000000e+04
2.558000000000000000e+04
2.528000000000000000e+04
2.862000000000000000e+04
3.553000000000000000e+04
4.067000000000000000e+04
3.063000000000000000e+04
2.558000000000000000e+04
3.068000000000000000e+04
3.487000000000000000e+04
2.517000000000000000e+04
2.859000000000000000e+04
3.311000000000000000e+04
3.071000000000000000e+04
4.035000000000000000e+04
2.367000000000000000e+04
2.826000000000000000e+04
3.049000000000000000e+04
3.548000000000000000e+04
3.557000000000000000e+04
2.559000000000000000e+04
3.573000000000000000e+04
2.540000000000000000e+04
2.553000000000000000e+04
2.824000000000000000e+04
2.554000000000000000e+04
5.057000000000000000e+04
3.555000000000000000e+04
3.531000000000000000e+04
3.240000000000000000e+04
4.576000000000000000e+04
3.061000000000000000e+04
3.572000000000000000e+04
2.552000000000000000e+04
2.558000000000000000e+04
3.041000000000000000e+04
3.267000000000000000e+04
4.046000000000000000e+04
3.540000000000000000e+04
4.021000000000000000e+04
2.347000000000000000e+04
1.923000000000000000e+04
3.548000000000000000e+04
2.428000000000000000e+04
3.052000000000000000e+04
3.519000000000000000e+04
3.206000000000000000e+04
2.397000000000000000e+04
3.261000000000000000e+04
2.879000000000000000e+04
3.851000000000000000e+04
3.753000000000000000e+04
2.857000000000000000e+04
3.025000000000000000e+04
1.904000000000000000e+04
3.235000000000000000e+04
2.557000000000000000e+04
2.440000000000000000e+04
2.541000000000000000e+04
3.049000000000000000e+04
3.678000000000000000e+04
3.041000000000000000e+04
2.415000000000000000e+04
3.541000000000000000e+04
3.024000000000000000e+04
3.547000000000000000e+04
2.532000000000000000e+04
2.834000000000000000e+04
1.911000000000000000e+04
3.381000000000000000e+04
4.055000000000000000e+04
2.808000000000000000e+04
3.064000000000000000e+04
2.538000000000000000e+04
3.536000000000000000e+04
2.048000000000000000e+04
4.057000000000000000e+04
3.070000000000000000e+04
3.542000000000000000e+04
2.543000000000000000e+04
3.511000000000000000e+04
2.752000000000000000e+04
2.786000000000000000e+04
3.495000000000000000e+04
2.856000000000000000e+04
2.558000000000000000e+04
3.065000000000000000e+04
3.057000000000000000e+04
2.541000000000000000e+04
2.519000000000000000e+04
3.366000000000000000e+04
3.578000000000000000e+04
2.556000000000000000e+04
3.580000000000000000e+04
2.557000000000000000e+04
3.046000000000000000e+04
3.060000000000000000e+04
4.014000000000000000e+04
2.849000000000000000e+04
3.552000000000000000e+04
3.521000000000000000e+04
3.579000000000000000e+04
4.065000000000000000e+04
4.746000000000000000e+04
2.550000000000000000e+04
2.531000000000000000e+04
2.438000000000000000e+04
2.522000000000000000e+04
2.423000000000000000e+04
1.949000000000000000e+04
