3067
4573
4045
3278
2556
3582
2558
3069
3261
2381
3063
3070
3520
2393
3531
2928
2543
2862
2511
2854
2536
2864
2856
3570
3034
2528
2031
3033
3766
5548
2539
2771
2361
2820
2380
1921
2358
3057
2815
3555
3067
1970
2521
2810
2544
2509
2548
2541
2530
2840
2549
3532
3695
3369
3519
2545
2557
3059
3068
3523
3569
3547
2542
3009
3177
2418
2406
2557
3571
2547
2400
2550
4072
2870
2513
1911
3345
3546
2558
3017
3315
3042
3050
2869
3237
2785
3841
3064
2554
2535
4544
3064
2556
2557
3584
2553
3935
2416
3288
3541
3062
3051
3580
3567
2518
3375
3558
3072
4072
2560
3026
2797
2823
2820
2354
2848
3386
3815
2556
3042
2511
2410
3272
3037
3049
2559
3029
2026
2808
3013
2850
2550
3061
3065
2551
3060
2517
4079
4426
3579
5052
2774
3803
3579
3070
2028
3031
2556
4084
2557
3054
6013
2918
2994
2784
4057
5834
3569
3719
2378
3035
2552
3415
2549
3051
2536
3230
2839
4770
3040
3552
3042
2431
2794
2543
2845
3551
3302
3425
2535
4036
2524
3027
3271
3064
2554
3034
3325
3567
4059
4081
3540
2553
3057
2540
3580
3544
2362
2808
2356
3544
3732
3546
1909
3300
3047
4050
3033
2346
3277
3291
2558
5505
2430
3060
3032
2549
2798
3532
3060
3564
3190
2823
3048
2559
2558
3070
3065
2532
3294
2555
3063
3016
3065
2556
4062
2560
3062
2556
3044
3276
3072
3042
2850
3499
2850
3291
3545
2973
2398
2956
3019
2866
2462
4051
4090
3063
2805
2363
3497
3483
2535
2379
2855
3500
3031
3059
3541
3069
2545
2551
4044
3063
3043
2540
3580
3033
3026
2529
3227
3282
2560
2528
3029
2510
1917
3967
3058
3566
2857
3933
2387
2523
2540
3532
3034
2536
4768
2554
3532
2794
3220
2357
2549
3016
3044
3577
2544
2554
2518
3045
2553
3663
3236
2559
3041
2883
2525
2900
3386
3442
3549
3047
4104
2551
3037
2392
2537
3040
3066
3580
4053
2367
3540
3567
3579
3526
3061
3068
2560
2556
2755
2765
2361
3321
4048
4063
2371
2531
2883
2412
4029
3553
2555
3549
2813
2404
3485
3060
2557
3542
4232
4051
3021
3562
3562
2558
3068
2555
2544
2390
2385
3028
3251
3372
3568
2537
3010
3049
2531
2810
3532
3576
3047
3041
2840
3058
2551
4537
2559
2555
4041
3063
3553
2552
2553
3000
3045
3043
3566
4552
4096
2559
4591
3560
3984
3046
2346
2765
4600
3054
2408
1952
3523
2360
3054
3519
4421
2552
2800
4021
2558
3069
2434
3546
3057
2403
3783
2814
3523
2364
2802
2798
2987
2789
2046
3272
2541
3536
2552
2552
3068
4540
3036
3033
3057
3050
3221
3248
3050
3007
2382
2365
3726
3492
2512
1922
2819
3035
3579
3065
3573
2846
2551
3062
3537
2557
2553
4038
3071
2557
2556
3448
2555
3500
2551
2514
3645
4009
3565
3055
3727
2537
2047
2556
2366
2802
3197
2380
2837
3298
3043
5042
3249
3047
3046
3500
3039
3704
3063
3582
4075
2558
3052
3266
2530
2347
2895
3406
3063
3022
3265
2359
2384
2367
3054
3735
2560
2556
4039
4073
2385
2533
3542
2802
3064
3571
3039
3222
2808
3408
4035
2777
2359
3312
3543
3581
4044
2542
2560
3558
3042
2378
4221
3070
3067
2554
2551
2557
3045
4045
3023
3039
3579
3314
2391
2396
3054
2046
3502
2548
3048
2555
2536
3059
3014
2360
3034
3025
2539
2410
2023
2861
2354
3328
3268
2847
2844
3019
3694
2836
2541
2446
3565
3541
5937
3303
3038
2368
2800
2856
3870
2539
3002
3054
2545
2842
3035
2401
2397
3054
3965
3014
2820
2406
3067
2557
3539
2810
3050
4522
2520
3011
4058
2809
3766
2841
3069
2557
4546
3325
4067
3063
3577
2557
3553
3042
2824
2825
2782
2906
3036
2854
2385
3541
3315
4104
3066
2504
4760
2810
2558
3503
2550
3552
2984
2781
3554
3544
2354
2542
2853
2384
2819
3756
2546
2836
2350
2539
3061
3261
2426
4054
2543
4008
2555
2045
2501
3741
1943
2865
3499
3046
2372
2392
2987
3803
3732
2775
3305
3052
2546
3027
3063
2415
2526
3267
2530
3283
3546
2872
3500
2524
2549
2540
4029
2499
2812
3526
2826
3543
2522
3039
2821
3059
3293
3056
4030
2556
3064
3569
3069
5065
2048
2532
2544
3560
3068
3010
2895
3513
2404
2549
3032
2949
2807
2550
4082
3050
3191
2894
2554
4559
3053
2048
2556
3044
2525
2408
3578
2045
3555
2538
3326
3056
4549
2795
4190
2397
5103
3066
2537
3015
3257
4062
3061
3061
3692
2557
3905
3307
3049
3672
3022
3055
4599
2556
3302
4051
2560
2835
2783
2858
2859
3796
2355
2848
3524
3041
4063
2542
2866
4945
2555
3045
3768
2826
3530
3963
3059
3037
3011
2813
4448
3289
2791
3012
3796
3575
3524
2361
3018
2543
3056
3571
3553
3071
3032
2828
2967
3063
2550
2534
3801
2019
3011
3556
3577
3527
2829
4438
2766
2560
2560
3059
3031
1915
4224
4557
3277
2353
1947
2865
3066
2544
3051
2901
2810
2548
2877
2516
3535
2856
4199
2558
4077
2842
3039
2843
3052
3279
3020
2833
2555
2806
2527
3055
4552
2560
3546
3049
3324
4547
2556
2559
3050
3533
3060
2537
2361
2818
3513
1954
2383
4038
2558
3583
2553
2803
3003
3004
2532
3976
2818
2378
3069
5529
2860
3309
2374
5511
2558
2528
2862
3553
4067
3063
2558
3068
3487
2517
2859
3311
3071
4035
2367
2826
3049
3548
3557
2559
3573
2540
2553
2824
2554
5057
3555
3531
3240
4576
3061
3572
2552
2558
3041
3267
4046
3540
4021
2347
1923
3548
2428
3052
3519
3206
2397
3261
2879
3851
3753
2857
3025
1904
3235
2557
2440
2541
3049
3678
3041
2415
3541
3024
3547
2532
2834
1911
3381
4055
2808
3064
2538
3536
2048
4057
3070
3542
2543
3511
2752
2786
3495
2856
2558
3065
3057
2541
2519
3366
3578
2556
3580
2557
3046
3060
4014
2849
3552
3521
3579
4065
4746
2550
2531
2438
2522
2423
1949
