966
48
96
48
48
84
84
42
144
54
96
48
48
48
48
96
48
48
54
108
54
54
102
96
48
42
42
36
0
30
30
30
30
24
18
48
18
24
24
24
48
24
18
18
12
6
0
6
12
6
18
6
6
6
12
12
6
12
12
12
12
6
6
12
0
6
6
12
12
12
6
6
6
6
6
6
6
12
12
12
12
18
24
66
90
54
0
66
72
78
84
90
96
102
222
120
126
132
138
144
306
306
282
138
294
150
156
162
318
150
144
150
156
306
156
162
162
156
156
0
156
162
162
156
162
330
168
168
162
162
162
168
174
168
342
168
348
180
348
354
360
180
366
180
180
174
174
168
174
342
174
348
174
180
372
186
180
354
180
174
342
168
354
180
174
168
162
492
162
168
174
342
168
174
180
186
372
384
192
192
192
186
192
186
180
180
372
186
372
192
186
180
180
180
378
192
192
192
186
192
186
192
192
192
186
192
186
354
168
318
156
150
156
150
150
150
294
138
138
138
144
150
0
330
168
174
174
174
174
168
174
0
174
174
168
162
330
168
162
324
162
162
168
354
174
168
168
342
168
162
162
156
150
150
150
144
144
150
282
144
144
138
132
282
150
156
162
156
156
156
156
150
300
318
330
168
174
336
174
180
180
174
174
180
186
186
186
186
372
360
186
192
186
180
174
336
168
168
348
180
