0.420
0.059
0.044
0.030
0.024
0.069
0.044
0.026
0.047
0.055
0.046
0.022
0.060
0.039
0.031
0.066
0.040
0.037
0.064
0.062
0.032
0.059
0.064
0.053
0.053
0.040
0.034
0.034
0.028
0.042
0.038
0.033
0.047
0.048
0.043
0.093
0.043
0.073
0.054
0.053
0.089
0.082
0.054
0.048
0.038
0.067
0.024
0.042
0.091
0.047
0.126
0.051
0.086
0.059
0.091
0.100
0.048
0.039
0.067
0.047
0.041
0.072
0.060
0.057
0.031
0.085
0.052
0.103
0.045
0.073
0.057
0.045
0.069
0.055
0.051
0.082
0.048
0.043
0.079
0.053
0.075
0.059
0.075
0.109
0.110
0.051
0.023
0.083
0.055
0.046
0.075
0.085
0.103
0.093
0.105
0.075
0.090
0.065
0.065
0.086
0.092
0.138
0.117
0.061
0.118
0.069
0.097
0.072
0.097
0.083
0.056
0.080
0.078
0.126
0.143
0.071
0.110
0.077
0.066
0.024
0.091
0.062
0.080
0.060
0.083
0.119
0.065
0.053
0.093
0.059
0.094
0.077
0.079
0.111
0.165
0.122
0.139
0.104
0.116
0.138
0.139
0.063
0.144
0.089
0.065
0.089
0.064
0.092
0.059
0.139
0.079
0.140
0.086
0.111
0.148
0.101
0.069
0.175
0.088
0.115
0.153
0.072
0.150
0.095
0.072
0.109
0.097
0.240
0.089
0.085
0.117
0.162
0.093
0.121
0.084
0.106
0.182
0.170
0.114
0.150
0.100
0.094
0.118
0.078
0.101
0.090
0.178
0.093
0.231
0.103
0.110
0.097
0.097
0.116
0.183
0.121
0.100
0.102
0.097
0.120
0.112
0.124
0.078
0.124
0.077
0.090
0.096
0.136
0.075
0.158
0.130
0.082
0.114
0.074
0.136
0.085
0.159
0.130
0.082
0.102
0.083
0.115
0.050
0.233
0.115
0.114
0.087
0.078
0.079
0.110
0.157
0.063
0.103
0.081
0.112
0.101
0.142
0.083
0.136
0.185
0.088
0.084
0.086
0.234
0.109
0.109
0.091
0.197
0.129
0.134
0.088
0.082
0.108
0.131
0.081
0.080
0.120
0.087
0.245
0.109
0.081
0.081
0.103
0.188
0.089
0.126
0.120
0.144
0.087
0.117
0.090
0.086
0.190
0.240
0.174
0.129
0.085
0.209
0.086
0.088
0.134
0.160
0.087
0.088
0.086
0.088
0.087
0.130
0.181
0.203
0.116
0.087
0.090
0.086
0.118
0.196
0.093
0.120
0.225
0.125
