99.121
90.547
88.905
78.677
100.177
107.574
98.794
107.413
97.468
101.940
99.664
87.732
90.286
98.422
89.423
107.750
96.423
89.277
88.300
88.073
99.916
97.064
89.032
109.972
97.318
88.383
98.300
99.452
98.503
87.834
97.031
99.169
100.402
108.016
88.828
79.172
99.009
98.670
97.243
99.372
108.210
98.044
99.032
88.070
96.773
88.147
99.565
98.697
89.749
108.259
89.529
109.187
99.047
87.812
107.616
100.095
88.898
88.727
89.244
88.856
87.563
87.780
100.869
88.565
111.183
97.120
100.635
98.679
88.335
89.348
97.464
91.202
88.685
98.856
90.649
89.506
87.806
98.807
90.312
99.416
96.907
100.624
108.315
96.740
88.910
88.120
90.431
96.286
79.378
88.388
110.146
98.436
89.963
98.991
87.249
98.865
97.866
89.312
99.100
98.596
89.218
97.440
99.325
89.638
87.571
110.591
99.361
101.097
102.203
88.712
89.609
91.152
90.355
88.741
98.251
97.572
99.329
89.775
88.733
101.187
109.333
100.460
99.572
89.653
98.834
100.183
89.209
98.796
107.633
108.094
89.878
99.679
90.795
88.153
90.759
89.394
98.386
95.919
78.321
89.521
89.027
98.776
99.896
78.462
87.304
100.374
97.417
112.345
91.395
107.439
110.746
109.694
91.066
88.062
98.999
100.550
92.907
98.961
88.517
90.445
99.754
99.466
99.699
98.243
86.941
87.875
78.103
98.529
89.634
112.493
89.196
89.462
100.240
89.491
100.561
89.985
87.802
87.765
91.312
100.938
98.962
101.624
91.063
110.334
97.264
92.338
88.347
97.182
92.680
88.497
90.201
98.059
89.631
100.051
88.123
88.191
89.839
98.609
88.508
89.978
112.972
99.885
101.218
88.827
100.001
100.732
88.037
98.643
101.163
98.419
109.218
89.282
108.270
98.998
90.651
96.346
99.772
100.651
100.976
88.872
97.832
97.305
98.985
89.358
89.490
86.042
89.726
100.482
79.718
109.201
88.352
99.016
98.760
99.897
89.112
90.047
107.542
101.228
89.194
90.061
89.145
109.805
96.502
89.222
99.454
89.497
87.859
99.798
99.146
76.267
88.274
88.743
99.286
90.251
99.941
89.419
108.182
101.341
90.043
88.667
101.185
101.673
99.760
100.332
98.910
88.136
109.479
90.226
99.285
89.477
99.520
99.932
99.021
99.707
89.811
101.549
98.814
90.018
99.566
109.784
77.506
91.056
89.248
88.529
80.505
96.448
86.904
101.382
101.758
100.996
98.906
89.537
89.071
90.624
100.748
109.153
87.473
89.911
89.010
89.635
91.442
98.264
87.676
91.382
89.500
111.055
97.667
107.834
89.929
91.739
90.542
98.306
112.895
99.252
110.125
98.974
101.232
87.784
101.838
87.575
90.256
90.553
101.027
90.313
79.049
89.196
97.998
89.170
101.163
89.015
106.804
89.458
111.546
99.362
96.018
89.707
88.443
89.663
90.399
89.615
98.495
121.685
92.975
90.493
79.835
89.046
90.918
100.194
90.291
100.089
90.033
98.987
89.696
90.906
87.942
100.672
91.342
101.052
90.274
87.984
113.831
90.763
108.291
85.906
100.315
88.259
101.152
89.116
89.241
89.993
99.324
97.526
100.417
90.909
107.543
89.335
98.713
112.792
100.987
90.174
99.402
110.174
101.433
98.690
88.646
102.058
101.214
88.625
99.855
89.628
100.419
91.674
99.420
108.830
90.774
92.075
98.319
100.276
109.203
89.381
100.884
112.785
90.592
98.979
87.868
100.322
100.236
100.522
111.168
100.101
98.784
98.222
80.544
98.751
86.951
90.185
90.727
112.061
89.737
89.816
77.173
98.645
89.572
89.109
99.485
100.114
98.560
88.438
99.228
87.124
99.567
90.208
100.180
90.874
99.680
99.878
89.880
99.534
98.069
88.946
99.341
100.244
89.037
88.278
89.129
110.163
109.233
102.080
99.828
98.366
99.884
110.905
100.158
87.493
110.890
87.910
106.623
110.109
108.845
101.114
101.641
98.756
90.221
111.593
108.907
100.256
100.934
89.285
98.940
111.349
100.921
90.446
98.665
98.969
100.466
98.271
90.543
91.442
88.861
88.910
88.868
110.581
90.876
101.339
88.785
91.224
100.929
98.631
91.465
99.293
102.394
91.706
98.760
108.996
89.195
90.759
89.782
93.377
98.803
90.039
109.207
119.514
89.929
90.483
112.151
99.967
89.154
90.130
99.551
110.950
99.179
100.294
89.778
98.766
98.382
99.559
98.818
87.908
103.360
90.809
112.312
89.839
99.713
100.081
122.621
79.389
99.779
90.130
99.451
100.379
100.145
88.992
100.405
91.214
88.775
100.743
88.178
101.692
79.474
91.586
97.420
100.409
89.663
100.750
91.331
99.126
100.351
79.934
111.327
111.968
103.155
89.245
99.731
111.567
97.879
90.485
110.424
100.105
98.667
90.620
111.469
87.715
120.036
99.068
88.936
110.714
92.764
98.619
90.465
101.815
87.441
100.127
88.901
98.803
89.467
89.660
99.749
99.512
101.415
100.167
89.472
90.598
99.989
88.087
107.826
101.336
89.798
100.415
88.809
90.101
90.047
109.313
100.466
113.308
98.349
110.213
90.113
108.043
88.845
100.416
102.313
88.632
89.987
89.801
97.875
102.201
88.071
90.174
99.648
87.798
97.653
90.338
88.593
110.556
99.391
92.169
99.295
100.472
90.883
89.766
88.970
101.018
90.321
122.770
89.393
110.941
101.708
101.950
79.154
110.244
88.810
91.027
109.939
100.744
90.089
98.435
89.743
90.557
101.577
91.914
98.107
91.423
110.874
90.791
113.531
119.970
100.285
98.606
99.864
100.347
90.729
90.426
112.511
111.196
109.476
100.749
101.288
89.657
90.575
101.695
108.682
100.827
90.914
100.687
91.602
100.329
121.685
91.066
109.919
99.776
100.538
99.101
92.328
89.229
101.586
98.114
109.734
78.823
88.228
99.668
99.225
86.439
100.358
101.303
89.324
100.222
99.915
90.917
90.608
102.501
103.478
101.110
90.155
100.160
109.206
90.001
100.986
100.368
100.422
109.256
99.841
90.176
101.131
92.560
103.179
88.176
101.028
89.929
80.240
98.673
110.283
100.750
100.395
79.882
88.372
89.910
100.535
102.274
89.532
100.353
101.655
100.338
78.751
89.339
99.314
101.750
99.501
109.702
90.326
90.516
99.681
98.487
101.425
99.189
100.735
100.760
100.188
87.202
100.413
79.681
110.972
103.138
90.412
90.739
90.550
89.981
90.205
90.058
91.101
80.395
99.819
88.441
102.131
87.461
88.425
91.718
89.555
89.517
99.946
79.652
100.145
108.840
91.150
88.776
100.103
99.744
100.097
102.047
99.078
100.276
101.024
99.246
91.423
96.944
89.216
98.554
112.415
101.838
109.380
109.472
89.463
89.957
88.730
100.961
88.211
110.706
90.597
101.162
99.050
100.205
80.592
102.550
90.000
98.672
88.170
98.260
89.944
111.221
90.501
89.491
89.181
111.619
102.040
100.026
111.538
101.253
101.241
91.230
90.631
90.357
99.048
98.822
100.070
111.816
99.619
91.324
113.262
91.324
99.371
89.894
101.290
89.965
88.813
102.192
91.338
108.187
111.269
99.524
110.930
79.292
97.816
110.957
108.924
90.219
80.280
87.845
101.701
89.587
99.147
101.143
119.169
98.745
98.073
110.922
102.307
90.390
90.527
89.785
110.242
101.040
102.414
100.391
92.397
102.144
89.437
102.312
90.830
111.419
109.532
89.818
112.532
90.643
98.045
88.582
89.811
103.310
90.030
89.833
89.771
90.084
89.615
100.950
100.696
88.216
100.317
101.603
101.130
102.534
112.522
111.088
101.916
90.672
101.045
91.244
99.290
100.269
89.690
110.012
100.068
102.695
100.019
100.876
101.524
89.295
101.173
99.597
109.821
110.429
88.840
91.341
90.008
110.829
100.083
90.285
99.861
99.005
101.326
88.421
102.377
99.677
87.961
99.585
102.035
90.538
89.836
89.924
89.496
110.196
100.509
99.876
90.532
90.515
112.278
100.067
111.847
110.684
90.145
89.698
88.107
110.435
101.966
89.837
101.630
101.120
100.502
90.128
90.473
91.101
90.396
99.999
101.670
89.519
101.896
99.435
88.992
111.285
90.265
109.105
100.503
110.771
91.452
100.785
99.503
112.064
99.371
113.873
91.650
100.569
100.791
101.537
102.110
90.765
99.356
91.384
98.336
90.024
90.814
100.647
79.255
111.540
99.942
100.807
90.720
99.041
102.000
93.190
100.602
100.795
101.131
98.309
112.637
101.897
90.018
109.560
112.415
90.447
110.470
98.943
100.517
100.680
111.662
98.554
101.718
99.111
92.621
98.405
100.959
99.940
101.734
103.323
