673
872
380
480
627
809
359
830
569
336
408
330
938
271
301
656
976
652
420
244
1074
360
449
475
956
864
755
845
949
498
914
1374
922
517
664
647
663
467
672
516
741
800
618
596
299
581
1182
620
929
314
427
609
422
543
502
769
369
624
899
496
497
332
574
659
356
371
700
640
561
832
643
681
953
830
1133
617
313
599
558
796
632
569
606
267
455
619
639
813
244
481
416
327
692
473
807
289
719
682
797
790
597
498
538
657
294
358
324
351
605
472
565
528
943
682
522
484
509
298
373
338
607
785
296
427
792
687
575
1006
559
958
503
788
250
562
683
1067
368
592
705
778
784
732
423
413
278
415
425
417
549
1321
527
868
251
264
386
725
441
980
588
761
296
473
353
580
642
308
568
480
589
376
884
547
602
1147
606
600
555
995
636
855
319
393
605
1408
957
615
991
476
468
492
533
316
267
418
628
315
634
857
533
650
294
436
866
749
271
456
405
620
573
654
932
623
269
346
646
453
501
744
281
386
518
502
999
893
470
626
948
791
323
543
302
491
809
750
459
651
489
428
394
455
541
575
376
794
776
783
783
679
910
632
932
267
387
255
865
506
371
416
750
732
414
741
316
416
528
707
306
583
859
399
516
1045
771
930
500
499
878
455
603
549
569
332
786
719
686
779
830
249
565
734
1852
529
921
378
675
593
643
656
552
740
596
914
410
411
566
409
755
664
1179
523
697
296
371
798
482
675
305
376
575
966
978
783
621
723
642
836
859
485
962
610
742
485
768
843
994
948
506
327
682
599
734
1044
610
684
917
593
718
733
457
544
664
304
232
335
249
1074
651
320
327
400
207
459
508
662
1133
971
637
585
708
800
776
248
762
625
485
317
453
540
297
332
594
783
949
760
751
425
805
524
499
326
583
589
366
723
517
536
642
967
499
242
404
629
651
640
361
378
226
421
299
378
708
597
1022
657
507
617
854
1160
471
534
615
326
337
347
616
468
441
740
744
733
1693
959
844
579
515
611
681
648
552
893
467
622
294
516
430
287
547
485
535
682
407
886
905
319
496
1050
682
861
354
458
350
848
968
1160
655
615
839
713
533
531
520
956
579
675
1063
351
207
298
578
401
582
901
239
340
373
660
596
939
953
661
633
294
602
749
643
695
980
653
631
763
676
1076
387
409
456
503
353
280
282
679
911
304
596
583
801
574
716
981
519
1012
930
663
820
562
469
309
1233
791
548
482
498
861
785
345
342
296
668
465
471
579
567
659
761
619
496
951
738
391
382
271
449
879
540
644
275
480
545
526
711
319
516
496
587
734
489
452
724
447
246
255
394
537
855
1254
673
419
328
599
382
640
623
777
640
389
437
382
391
582
697
1094
414
376
435
707
622
652
727
434
496
942
783
1073
397
764
968
420
438
625
746
694
749
314
512
548
803
1331
686
903
456
243
273
802
310
503
748
455
379
574
562
904
680
1152
572
581
745
274
460
1060
501
629
255
463
556
413
682
252
762
1119
658
999
417
640
715
1067
308
448
634
562
655
310
322
1031
460
767
707
599
1556
605
485
838
921
496
656
790
572
1134
465
378
438
286
680
539
885
475
780
557
792
510
648
531
624
274
231
791
361
231
230
405
628
392
614
823
631
840
820
470
880
793
638
710
926
614
1181
735
779
538
559
267
439
484
618
481
1193
398
1455
468
800
1054
1154
278
367
406
448
695
426
627
884
638
711
651
526
657
376
523
994
807
344
285
693
604
586
590
410
535
1312
978
1357
686
1184
514
1105
838
585
413
380
409
367
637
647
805
500
500
651
668
396
673
742
502
662
281
370
388
277
350
352
314
341
1032
665
499
503
751
628
901
777
858
642
338
543
664
461
257
345
618
835
764
686
1076
326
389
407
389
429
400
545
498
786
282
283
216
360
958
339
407
299
237
413
788
715
976
408
1042
683
1236
476
565
478
471
417
726
303
227
289
703
700
491
345
407
452
906
395
439
516
822
241
297
395
825
729
798
596
579
324
757
334
460
554
558
660
687
349
484
708
334
266
251
524
369
416
648
639
465
740
645
497
556
1134
784
506
787
272
389
834
330
755
605
777
736
654
798
783
433
593
200
533
517
493
521
666
519
532
729
880
342
416
817
491
427
437
339
671
635
518
315
301
257
1487
963
641
883
325
699
592
244
593
442
453
514
529
785
612
244
261
237
282
408
503
411
599
602
782
486
562
755
748
943
344
647
642
762
340
542
974
893
1157
790
399
474
1009
278
380
458
373
782
490
229
446
568
600
801
333
282
382
635
310
978
637
493
588
474
325
448
1121
742
654
553
676
908
609
539
