0.598
0.432
0.831
0.730
0.693
0.853
0.661
0.963
0.540
0.709
0.781
0.828
0.604
0.727
0.607
0.577
0.667
0.663
0.771
0.612
0.761
0.864
0.631
0.720
0.865
1.061
0.705
0.653
0.754
0.610
0.785
0.736
0.794
0.628
0.735
0.731
0.742
0.757
0.924
0.884
0.748
0.622
0.960
0.781
0.807
0.616
0.756
0.718
0.725
0.923
0.832
0.821
0.734
0.773
0.734
0.736
0.788
0.767
0.765
0.628
0.711
0.750
0.661
0.734
0.684
0.830
0.749
0.708
0.739
0.797
0.759
0.841
0.765
0.647
0.735
0.607
0.828
0.680
0.751
0.607
0.720
0.728
0.673
0.771
0.653
0.768
0.606
0.733
0.602
0.908
0.839
0.833
0.583
0.660
0.645
0.635
0.621
0.768
1.006
0.615
0.956
0.757
0.770
0.650
0.686
0.851
0.776
0.658
0.720
0.656
0.704
0.546
0.765
0.633
0.787
0.626
0.723
0.648
0.837
0.554
0.549
0.838
0.581
0.661
0.882
0.740
0.751
0.880
0.765
0.714
0.589
0.878
0.688
0.729
0.711
0.584
0.788
0.751
0.666
0.703
0.729
0.757
0.698
0.869
0.598
0.552
0.660
0.777
0.745
0.760
0.744
0.745
0.771
0.628
0.738
0.673
0.695
0.703
0.785
0.704
0.746
0.809
0.602
0.560
0.899
0.749
0.797
0.900
0.772
0.739
0.608
0.631
0.805
0.752
0.914
0.759
0.740
0.636
0.715
0.860
0.642
0.821
0.701
0.683
0.815
0.734
0.805
0.935
0.780
0.968
0.870
0.734
0.829
0.598
0.570
0.671
0.581
0.861
0.670
0.649
0.646
0.788
0.688
0.740
0.945
0.716
0.885
0.971
0.777
0.681
0.711
0.569
0.812
0.748
0.691
0.659
0.697
0.756
0.607
1.116
0.692
0.621
0.596
0.704
0.799
0.667
0.652
0.702
0.721
0.627
0.701
0.559
0.588
0.667
0.601
0.755
0.742
0.704
0.846
0.699
0.824
0.771
0.772
0.611
0.867
0.826
0.654
0.619
0.603
0.759
0.680
0.814
0.509
0.733
0.622
0.743
0.620
0.682
0.707
0.772
0.617
0.770
0.705
0.788
0.565
0.708
0.740
0.566
0.689
0.812
0.679
0.743
0.737
0.790
0.816
0.908
0.726
0.864
0.764
0.744
0.648
0.750
0.645
0.618
0.656
0.733
0.804
0.624
0.714
0.531
0.841
0.661
0.692
0.730
0.801
0.776
0.782
0.697
0.609
0.779
0.831
0.849
0.711
0.649
0.653
0.712
0.632
0.878
0.609
0.675
0.748
0.932
0.733
0.822
0.734
0.643
0.781
0.620
0.575
0.647
0.589
0.861
0.720
0.680
0.760
0.720
0.673
0.874
0.686
0.689
0.891
0.767
0.610
0.699
0.751
0.714
0.673
0.816
0.801
0.633
0.614
0.690
0.737
0.579
0.601
0.573
0.625
0.630
0.787
0.727
0.766
0.663
0.782
0.706
0.907
0.693
0.673
0.873
0.671
1.024
0.725
0.678
0.677
0.701
0.657
0.790
0.643
0.726
0.659
0.694
0.940
0.798
0.587
0.681
0.807
0.730
0.693
0.545
0.685
0.655
0.747
0.824
0.621
1.044
0.684
0.734
0.674
0.732
0.732
0.678
0.707
0.588
0.749
0.693
0.762
0.554
0.766
0.709
0.656
0.786
0.886
0.729
0.486
0.851
0.733
0.702
0.842
0.730
0.741
0.787
0.704
0.665
0.679
0.813
0.916
0.592
0.604
0.661
0.665
0.799
0.652
0.617
0.694
0.682
0.725
0.764
0.684
0.549
0.820
0.662
0.625
0.763
0.677
0.770
0.695
0.730
0.691
0.697
0.671
0.776
0.880
0.772
0.737
0.704
0.798
0.732
0.825
0.659
0.776
0.598
0.581
0.705
0.701
0.668
0.743
0.884
0.786
0.704
0.758
0.617
0.710
0.731
0.623
0.647
0.962
0.695
0.823
0.633
0.803
0.831
0.655
0.810
0.691
0.642
0.823
0.826
0.767
0.727
0.759
0.720
0.727
0.709
0.731
0.803
0.763
0.683
0.787
0.829
0.822
0.552
0.753
0.685
0.803
0.593
0.828
0.802
0.649
0.754
0.712
0.943
0.641
0.842
0.668
0.720
0.620
0.549
0.695
0.695
0.630
0.755
0.746
0.792
0.664
0.614
0.792
0.647
0.624
0.719
0.848
0.889
0.687
0.679
0.646
0.897
0.695
0.746
0.744
0.869
1.006
0.714
0.745
0.749
0.782
0.626
0.941
0.916
0.683
0.795
0.689
0.839
0.775
0.790
0.720
0.675
0.819
0.595
0.666
0.660
0.782
0.690
0.668
0.609
0.787
0.721
0.597
0.643
0.689
0.823
0.880
0.812
0.784
0.764
0.654
0.673
0.766
0.533
0.655
0.576
0.642
0.826
0.684
0.725
0.757
0.670
0.649
0.571
0.766
0.836
0.574
0.768
0.615
0.744
1.033
0.759
0.860
0.798
0.713
0.744
0.742
0.572
0.673
0.716
0.652
0.886
0.948
0.688
0.728
0.630
0.646
0.694
0.650
0.615
0.757
0.654
0.686
0.759
0.749
0.841
0.653
0.645
0.641
0.726
0.699
0.736
0.744
0.755
0.767
0.812
0.650
0.793
0.663
0.764
0.656
0.674
0.777
0.827
0.667
0.605
0.705
0.706
0.743
0.669
0.734
0.711
0.546
0.753
0.690
0.724
0.752
0.732
0.689
0.826
0.844
0.719
0.642
0.660
0.817
0.651
0.645
0.714
0.781
0.733
0.698
0.850
0.856
0.624
0.695
0.760
0.769
0.740
0.669
0.778
0.634
0.801
0.795
0.587
0.679
0.580
0.740
0.799
0.668
0.813
0.618
0.751
0.679
0.840
0.738
0.742
0.752
0.719
0.672
0.710
0.767
0.626
0.711
0.741
0.755
0.668
0.871
0.673
0.832
0.684
0.694
0.716
0.788
0.632
0.678
0.794
0.723
0.742
0.742
0.768
0.769
0.707
0.612
0.608
0.659
0.601
0.668
0.690
0.751
0.849
0.634
0.820
0.703
0.844
0.765
0.647
0.719
0.666
0.696
0.612
0.615
0.608
0.614
0.614
0.800
0.792
0.616
0.626
0.640
0.877
0.728
0.736
0.696
0.613
0.751
0.642
0.742
0.730
0.753
0.708
0.709
0.875
0.553
0.544
0.682
0.877
0.755
0.646
0.651
0.670
0.681
0.793
0.696
0.625
0.778
0.733
0.760
0.644
0.698
0.647
0.704
0.961
0.619
0.801
0.711
0.646
0.617
0.778
0.705
0.696
0.755
0.928
0.763
0.777
0.619
0.811
0.766
0.733
0.890
0.911
0.743
0.734
0.807
0.723
0.607
0.611
0.694
0.734
0.654
0.595
0.655
0.724
0.751
0.663
0.746
0.627
0.699
0.827
0.730
0.698
0.554
0.692
0.992
0.755
0.653
0.665
0.808
0.788
0.820
0.625
0.574
0.788
0.721
0.739
0.745
0.684
0.662
0.725
0.637
0.607
0.770
1.019
0.867
0.496
0.820
0.767
0.672
0.603
0.811
0.635
0.857
0.647
0.622
0.656
0.770
0.775
0.653
0.571
0.865
0.796
0.671
0.705
0.734
0.642
0.663
0.781
0.629
0.573
0.628
0.627
0.736
0.855
0.947
0.705
0.742
0.812
0.798
0.720
0.616
0.901
0.683
0.625
0.816
0.662
0.928
0.730
0.617
0.567
0.775
0.738
0.890
0.791
0.718
0.710
0.766
0.663
0.753
0.728
0.733
0.661
0.591
0.743
0.609
0.799
0.588
0.724
0.685
0.680
0.782
0.807
0.626
0.763
0.678
0.812
0.739
0.793
0.674
0.572
0.781
0.702
0.921
0.646
0.808
0.754
0.797
0.672
0.776
0.740
0.818
0.639
0.665
0.764
0.747
0.803
0.775
0.651
0.613
0.924
0.772
0.925
0.836
0.720
0.568
0.771
0.645
0.757
0.624
0.758
0.829
0.824
0.749
0.676
0.794
0.692
0.724
0.791
0.694
0.646
0.528
0.666
0.763
0.651
0.911
0.810
0.949
0.747
0.837
0.727
0.630
0.753
0.744
0.976
0.841
0.616
0.834
0.937
0.679
0.626
0.812
0.848
0.748
0.649
0.694
0.869
0.760
0.603
0.924
0.599
0.548
0.787
0.683
0.960
0.768
0.630
0.616
0.809
0.792
0.785
0.674
0.827
0.695
0.679
0.634
0.801
0.838
0.720
0.846
0.650
0.614
0.775
0.714
0.705
0.895
0.707
0.620
0.550
0.819
0.650
0.656
0.682
0.708
0.789
0.820
0.662
0.620
0.755
0.546
0.799
0.794
0.644
0.731
0.605
0.863
0.673
0.679
0.629
0.547
0.773
0.543
0.818
0.794
0.868
0.604
0.867
0.837
0.935
0.555
0.706
1.015
0.851
0.754
0.627
0.727
0.812
0.621
0.833
0.876
1.017
0.883
0.673
0.695
0.803
0.873
0.580
0.609
0.720
1.016
0.690
0.644
0.840
0.763
0.842
0.831
0.604
0.801
0.677
0.885
0.631
0.738
0.790
0.806
1.032
0.708
0.793
0.671
1.117
0.638
0.734
0.758
0.707
0.655
0.697
0.625
0.527
0.630
0.591
0.618
0.958
0.612
0.839
0.764
0.751
0.825
0.608
0.710
0.893
0.584
0.832
0.913
0.642
0.807
0.742
0.788
0.705
0.662
0.762
0.603
0.718
0.945
0.599
0.707
0.835
0.701
0.711
0.642
0.599
0.654
0.764
0.697
0.814
0.766
0.793
0.741
0.615
0.829
0.893
0.748
0.751
0.796
0.975
0.810
0.739
0.939
0.639
0.712
0.788
0.709
0.705
0.753
0.808
0.853
0.652
0.637
0.818
0.845
0.737
0.921
0.818
0.873
0.682
0.712
0.811
0.906
0.752
0.918
0.624
0.685
0.670
1.014
0.717
0.648
0.863
0.800
0.700
0.890
0.851
0.810
0.674
0.756
0.859
0.793
0.825
0.863
0.682
0.736
0.658
0.666
0.828
0.602
0.723
0.784
0.735
0.985
0.799
0.687
0.822
0.890
0.742
0.708
0.726
0.764
0.730
0.821
0.674
0.637
0.647
0.903
0.712
0.626
0.828
0.664
0.830
0.681
0.715
0.705
0.680
0.811
0.717
0.677
0.813
0.814
0.628
0.839
0.744
0.743
0.664
0.710
0.737
0.870
0.707
0.713
0.919
0.676
0.615
0.861
0.731
0.861
0.705
0.660
0.957
0.573
0.674
0.577
0.798
0.767
0.684
0.661
0.687
0.640
0.750
0.768
0.529
0.658
0.512
0.705
0.777
0.751
0.686
0.640
0.793
0.708
0.804
0.879
0.748
0.848
0.672
0.740
0.827
0.798
0.775
0.758
0.729
0.769
0.749
0.884
0.661
0.793
1.043
0.837
0.605
0.778
0.589
0.717
0.687
0.892
0.764
0.997
0.804
0.644
0.713
0.597
0.791
0.796
0.637
0.717
0.555
0.701
0.883
0.691
0.865
0.895
0.716
1.023
0.822
0.794
0.702
0.834
0.686
0.714
0.642
0.660
0.716
0.713
0.635
0.709
0.741
0.756
0.677
0.849
0.821
0.674
0.683
0.725
0.775
0.789
0.735
0.792
0.796
0.852
0.761
0.755
0.794
0.960
0.640
0.843
0.647
0.886
0.737
0.844
0.946
0.594
0.734
0.801
0.705
0.736
0.752
0.820
0.909
0.765
0.869
0.693
0.785
0.819
0.762
0.803
0.645
0.682
0.989
0.783
0.639
0.771
0.696
0.627
0.543
0.645
0.677
0.752
0.617
0.738
0.684
0.618
0.692
0.616
0.697
0.760
0.804
0.674
0.644
0.722
0.618
0.667
0.714
0.658
0.894
0.763
0.614
0.669
0.771
0.598
0.664
0.560
0.633
0.695
0.711
0.729
0.705
0.976
0.621
0.630
0.653
0.756
0.707
0.854
0.754
0.730
0.539
0.899
0.713
0.666
0.695
0.664
0.829
0.908
0.847
0.656
0.720
0.658
0.790
0.684
0.562
0.646
0.654
0.731
0.696
0.761
0.684
0.568
0.630
0.735
0.569
0.724
0.587
0.736
0.798
0.746
0.647
0.680
0.693
0.754
0.891
0.666
0.649
0.635
0.724
0.957
0.674
0.755
0.655
0.712
0.830
0.683
0.868
0.999
0.920
0.888
0.589
0.799
0.825
0.614
0.679
0.954
0.882
0.783
0.899
0.687
0.785
0.716
0.744
0.802
0.693
0.788
0.679
0.661
0.848
0.613
0.693
0.723
0.680
0.845
0.672
0.891
0.552
0.639
0.700
0.700
0.606
0.693
0.717
0.638
0.661
0.797
0.775
0.810
0.650
0.753
0.634
0.585
0.631
0.577
0.702
0.825
0.623
0.631
0.917
0.869
0.855
0.806
0.775
0.838
0.710
0.753
0.620
0.931
0.780
0.687
0.751
0.750
0.600
0.906
0.727
1.146
0.920
0.727
0.624
0.808
0.674
0.565
0.776
0.744
0.668
0.843
0.675
0.584
0.643
0.632
0.883
0.777
0.787
0.707
0.710
0.700
0.754
0.751
0.880
0.761
0.810
0.717
0.877
0.852
0.743
0.714
0.672
0.552
0.660
0.671
0.909
0.791
0.647
0.753
0.615
0.681
0.776
0.796
0.707
0.687
0.890
0.640
0.662
0.863
0.679
0.743
0.940
0.631
0.718
0.755
0.783
0.669
0.671
0.677
0.608
0.871
0.805
0.683
0.768
0.716
0.696
0.795
0.696
0.708
0.599
0.804
0.767
0.759
0.714
0.765
0.817
0.750
0.671
0.670
0.867
0.703
0.710
0.833
0.791
0.800
0.947
0.656
0.739
0.776
0.767
0.651
0.649
0.638
0.883
0.666
0.894
0.824
0.681
0.827
0.743
0.726
0.695
0.622
0.569
0.769
0.872
0.709
0.678
0.847
0.994
0.726
0.749
0.734
0.746
0.696
0.646
0.614
0.779
0.944
0.874
0.626
0.651
0.688
0.715
0.776
0.664
0.703
0.905
0.617
0.720
0.709
0.799
0.953
0.873
0.718
0.778
0.575
0.743
0.741
0.638
0.800
0.735
0.655
0.558
0.857
0.651
0.663
0.763
0.794
0.683
1.043
0.658
0.652
0.701
0.718
0.718
0.623
0.566
0.814
0.786
0.721
0.780
0.693
0.560
0.875
0.875
0.710
0.869
0.609
0.744
0.854
0.884
0.599
0.649
0.821
0.679
0.607
0.683
0.777
0.646
0.943
0.774
0.614
0.665
0.730
0.755
0.849
0.677
0.747
0.737
0.658
0.795
0.789
0.717
0.663
0.756
0.724
0.718
0.788
0.747
1.005
0.766
0.713
0.695
0.760
0.767
1.100
0.871
0.875
0.708
0.870
0.690
0.890
0.663
0.701
0.775
0.732
0.690
0.695
0.740
0.773
0.767
0.738
0.676
0.825
0.638
0.778
0.730
0.776
0.759
0.657
0.669
0.737
0.703
1.003
0.715
0.624
0.837
0.636
0.862
0.750
0.882
0.812
0.673
0.951
0.792
0.637
0.679
0.709
0.604
0.935
0.707
0.654
0.681
0.760
0.847
0.766
0.670
0.800
0.800
0.688
0.797
0.625
0.650
0.703
0.671
0.801
0.705
0.805
0.774
0.731
0.775
0.654
0.769
0.908
0.919
0.855
1.009
0.708
0.927
0.777
0.682
0.747
0.762
0.724
0.764
0.755
0.624
0.722
0.640
0.894
0.749
0.745
0.734
0.726
0.691
0.803
0.834
0.764
0.832
0.658
0.748
0.925
0.695
0.834
0.803
0.737
0.701
0.656
0.648
0.656
0.786
0.666
0.683
0.754
0.723
0.772
0.567
0.794
0.575
0.786
0.630
0.691
0.699
0.778
0.761
0.611
0.762
0.600
0.731
0.808
0.556
0.823
0.708
0.678
0.630
0.638
0.899
0.720
0.618
0.879
0.529
0.640
0.711
0.689
0.734
0.635
0.761
0.897
0.817
0.663
0.642
0.777
0.700
0.768
0.758
0.708
0.705
0.730
0.805
0.946
0.910
0.712
0.857
0.658
0.928
0.685
0.824
0.745
0.702
0.932
0.714
0.904
0.814
0.858
0.818
0.610
0.750
1.025
0.841
0.742
0.966
0.765
0.787
0.872
0.689
0.798
0.664
0.780
0.790
0.667
0.766
0.697
0.878
0.681
1.057
0.881
0.801
0.679
0.884
0.799
0.874
0.770
0.621
0.779
0.626
0.587
0.816
0.838
0.765
0.701
0.754
0.645
1.000
0.682
0.836
0.703
0.701
0.783
0.960
0.887
0.890
0.714
0.921
0.752
0.708
0.768
0.844
0.691
0.926
0.796
0.954
0.768
0.747
0.566
0.907
0.842
0.890
0.691
0.588
0.873
0.693
0.792
0.792
0.752
0.913
1.043
0.815
0.822
0.760
0.631
0.728
0.750
0.822
0.748
0.774
0.848
0.639
0.808
0.749
0.768
0.761
0.826
0.653
0.644
0.837
0.921
0.987
1.058
0.744
0.574
0.700
0.941
0.767
0.748
0.940
0.757
0.744
0.798
0.828
0.819
0.709
0.653
0.840
0.794
0.823
0.607
0.865
1.052
0.652
0.800
0.756
0.740
0.976
0.796
0.860
0.695
0.839
0.726
0.777
0.586
0.839
0.958
0.758
0.672
0.821
0.895
0.798
0.761
0.705
0.826
0.640
1.038
0.748
1.053
0.663
0.681
0.898
0.737
0.669
0.724
0.817
0.812
0.703
0.844
0.558
0.931
0.935
0.741
0.707
0.916
0.673
0.763
0.728
0.729
0.770
1.002
0.602
0.689
0.822
0.708
0.698
0.769
0.667
0.697
0.662
0.751
0.798
0.681
0.684
0.787
0.682
0.732
0.861
0.803
0.632
0.825
0.880
0.870
0.913
0.474
0.905
0.637
0.841
0.620
0.666
0.816
0.798
0.775
0.825
0.762
0.818
0.624
0.828
0.776
0.706
0.753
0.784
0.698
0.645
0.797
0.826
0.789
0.866
0.907
0.712
1.043
0.650
0.713
0.708
1.048
0.898
0.661
0.675
0.830
0.801
0.689
0.875
0.797
0.760
0.871
0.822
0.776
0.927
0.799
0.966
0.578
0.725
0.760
0.708
0.868
0.909
0.764
1.066
0.722
0.764
0.753
0.789
0.723
0.707
0.722
0.693
0.835
0.672
0.880
0.843
0.614
0.796
0.763
0.690
0.747
0.878
0.845
1.253
1.086
0.753
0.674
0.914
0.899
0.926
0.708
1.180
0.878
0.856
0.832
0.776
0.582
0.568
0.634
0.767
0.601
0.861
0.596
0.714
0.897
0.730
0.774
0.751
0.782
0.730
0.727
0.813
1.107
0.960
0.636
0.737
0.796
0.618
0.759
0.823
0.840
1.115
0.770
0.789
0.643
0.684
0.881
0.818
0.858
0.645
0.654
0.783
0.847
0.794
0.786
0.962
0.681
0.777
0.920
0.939
0.805
0.764
0.873
0.735
0.849
0.641
0.654
0.938
0.756
0.744
1.040
0.818
0.710
0.863
0.645
0.753
0.763
0.751
0.835
0.679
0.690
0.732
0.561
0.694
0.939
0.712
0.826
0.611
0.681
0.717
0.859
1.074
0.882
0.799
0.774
0.702
0.770
0.626
0.770
0.636
0.822
0.815
0.863
0.775
0.753
0.715
0.821
0.776
0.608
0.942
0.818
1.110
0.669
0.825
0.470
0.832
0.815
0.770
0.762
0.641
0.612
0.904
0.816
0.755
0.784
0.831
0.651
0.774
0.658
0.727
0.685
0.602
0.714
0.810
0.920
0.730
0.934
0.615
0.807
0.751
0.844
0.710
0.792
0.703
0.831
1.003
0.775
0.765
0.662
1.018
0.864
0.634
0.734
0.645
0.854
0.726
0.739
0.714
0.707
0.754
0.782
0.834
0.964
0.898
0.665
0.900
0.664
0.723
0.761
0.809
0.885
0.924
0.744
1.007
0.809
0.856
0.547
0.870
0.862
0.782
0.886
0.708
0.695
0.652
0.706
0.667
0.688
0.724
0.623
0.631
0.861
0.932
0.640
0.893
0.529
0.748
0.863
0.621
0.869
0.692
0.602
0.655
0.675
0.782
0.591
0.890
0.726
0.792
0.736
0.671
0.748
0.753
0.815
0.774
0.920
0.944
0.761
0.824
0.672
0.643
0.818
0.703
0.828
0.587
0.857
0.695
0.615
0.941
0.787
0.728
0.893
0.903
0.737
0.753
0.699
0.847
0.793
0.616
0.935
0.678
0.712
0.895
0.876
0.676
0.961
0.811
0.537
0.628
0.654
1.064
0.614
0.909
0.831
0.931
0.666
0.692
0.779
0.586
0.795
0.586
0.761
1.025
0.937
0.840
0.673
0.682
0.780
1.041
0.894
0.780
0.635
0.760
0.535
0.701
0.790
0.670
0.805
0.687
0.708
0.793
0.683
0.791
0.767
0.588
0.690
0.912
0.792
0.595
0.807
0.952
0.849
0.700
0.701
0.827
0.776
0.841
0.652
0.810
0.678
0.716
0.645
0.661
0.686
0.808
0.841
0.937
0.908
0.730
0.831
0.976
0.993
0.918
0.683
0.952
0.735
0.685
0.800
0.626
0.702
0.781
0.777
0.598
0.787
0.860
0.821
0.687
0.742
0.736
0.903
0.804
0.821
0.743
0.764
0.609
0.627
0.757
0.690
0.732
0.628
0.750
1.073
0.869
0.502
0.600
0.763
0.700
0.655
0.768
0.908
0.723
0.767
0.748
0.791
0.859
0.688
0.953
0.642
0.704
0.873
0.723
0.734
0.734
1.067
0.812
0.581
0.616
0.797
0.722
0.749
0.630
0.801
0.753
0.629
0.862
0.739
0.636
0.728
0.686
0.863
0.671
0.565
0.825
0.775
0.790
0.807
0.645
0.783
0.798
0.601
0.716
0.877
0.807
0.830
0.802
0.732
0.795
0.800
0.821
0.726
0.708
0.871
0.848
0.842
0.592
0.894
0.615
0.894
1.009
0.727
0.721
0.840
0.848
0.739
1.197
0.711
0.762
0.640
0.754
0.713
0.868
0.784
0.772
0.648
0.827
0.719
0.796
0.859
0.850
0.627
0.855
0.823
0.834
0.815
0.720
0.671
0.753
0.736
0.914
0.721
0.800
0.722
0.729
0.619
0.862
0.708
0.882
0.700
0.858
0.811
0.667
0.790
0.867
0.864
0.735
0.773
0.911
0.758
0.827
0.769
0.612
0.797
0.796
0.550
0.752
0.736
0.789
0.846
0.584
0.933
0.763
0.899
0.761
0.919
0.810
0.844
0.713
0.859
0.803
1.066
0.640
0.860
1.282
0.801
0.822
0.773
0.954
0.716
0.794
0.900
0.684
0.686
0.779
0.790
0.795
0.923
0.589
0.664
0.726
0.735
0.772
0.797
0.826
0.746
0.714
0.725
0.817
0.705
0.718
0.823
0.954
0.680
0.744
0.721
0.808
0.781
0.762
0.819
0.757
0.699
0.792
0.658
0.613
0.631
0.690
0.892
0.676
0.794
0.918
0.803
0.857
0.710
0.719
0.773
0.843
0.778
0.790
0.771
0.897
0.701
0.712
0.948
0.879
0.771
0.887
0.827
0.794
0.751
0.924
0.784
0.718
0.882
0.684
0.842
0.934
0.807
0.683
0.812
0.782
0.773
0.918
0.879
0.630
0.884
0.865
0.770
0.874
0.851
0.519
0.739
0.880
0.615
0.846
0.528
0.882
0.820
0.750
0.778
0.673
0.771
0.953
0.681
0.757
0.771
0.724
0.775
0.861
0.750
0.756
0.671
0.811
0.750
0.849
0.959
0.829
0.663
0.886
0.716
0.645
0.914
0.768
0.776
0.982
0.762
0.897
0.892
0.681
0.926
0.671
0.912
0.868
0.788
0.818
0.837
0.844
0.822
0.791
0.760
0.957
0.974
0.874
0.907
0.748
0.801
0.770
0.666
0.777
0.782
0.669
0.640
0.745
0.598
0.878
0.821
1.046
0.613
0.721
0.707
0.789
0.631
0.951
0.810
0.693
0.916
1.041
0.776
0.807
0.786
0.623
0.831
0.605
0.743
0.673
0.682
0.659
0.759
0.889
0.844
1.053
0.758
0.709
0.841
0.787
0.600
0.764
0.796
0.729
0.611
0.707
0.712
0.737
1.097
0.788
0.715
0.743
0.655
0.956
0.800
0.639
0.908
0.927
0.955
0.765
0.826
0.829
0.865
0.802
0.843
0.766
0.855
0.710
0.926
0.633
0.738
0.930
0.697
0.804
1.152
0.770
0.669
0.835
0.667
0.697
0.811
0.846
0.740
0.669
0.922
0.763
0.747
0.698
0.817
0.749
1.047
0.696
1.022
0.688
0.834
0.642
0.910
0.739
0.737
0.787
0.663
0.831
0.694
0.787
0.778
0.757
0.646
0.925
0.681
0.694
0.850
0.795
0.671
0.757
0.718
0.812
0.661
0.697
0.683
0.770
0.646
0.604
0.856
0.848
0.639
0.744
0.687
0.888
0.881
0.802
0.811
0.672
0.637
0.821
0.764
0.617
0.898
0.662
0.694
0.806
0.637
0.638
0.749
0.771
0.785
0.796
0.621
0.706
0.687
0.756
0.796
0.784
0.766
0.747
0.835
0.751
0.772
0.827
0.748
0.799
0.811
0.857
0.692
0.664
0.765
0.620
0.631
0.717
0.748
0.556
0.970
0.814
0.752
0.887
0.818
0.716
0.746
0.722
0.719
0.838
0.954
0.818
0.646
0.790
0.842
0.696
0.788
0.756
0.783
0.926
0.719
0.592
0.753
0.692
0.719
0.872
0.775
0.756
0.694
0.729
0.807
0.741
0.668
0.873
0.798
0.948
0.949
0.949
0.850
0.666
0.745
0.844
0.693
0.658
0.866
0.616
0.836
0.912
0.755
0.851
0.669
0.809
0.738
0.670
0.749
0.973
0.777
0.677
0.915
0.727
0.778
0.711
0.802
0.789
0.778
0.726
0.666
0.905
0.819
0.820
0.825
0.852
0.668
0.743
0.852
0.938
