1182
672
456
126
186
222
312
396
420
624
108
90
66
270
552
492
372
252
264
102
126
276
588
804
720
1236
1098
936
1104
900
1092
1116
1182
1032
1392
1554
1734
2016
2424
1512
1674
1866
2844
2310
2640
2028
2148
1830
1848
2424
2118
2388
2268
2544
2406
2328
2400
2334
1956
1656
2112
2076
2016
1794
1704
1908
1998
1920
1824
1896
1842
2202
2040
1740
2100
1950
2316
2232
2184
1740
2412
2598
2118
2196
1884
2382
2070
2442
2082
2808
2748
2850
2064
2208
2058
1968
1956
2490
3426
2070
2946
2394
2472
2166
2022
2970
2652
2202
2226
2160
2400
1650
2214
1776
2598
2010
2328
2082
2364
1434
1464
1944
1182
1314
1854
1620
1968
2286
2106
2124
1674
2706
2220
2238
1950
1518
1884
1800
1338
1248
1314
1296
828
1092
660
456
270
348
348
144
432
552
696
534
774
492
594
1134
1386
1278
1572
1926
1638
1464
2280
2304
2484
2910
2580
2628
1998
1962
2634
2376
2622
2544
2694
2154
2166
2412
1578
1884
1866
1926
1974
2172
2574
2934
1956
2712
2706
2286
3048
2040
1806
1938
1908
2580
2064
2082
2178
2610
2466
2034
2412
2028
2484
2922
2646
2040
2412
2094
2754
2346
2064
2166
2190
2688
1818
2844
1992
1884
1800
1992
1950
1458
1548
1710
1740
1326
1296
1314
1374
1680
1524
1902
1872
2022
2292
1914
2310
2118
2358
1782
2946
2568
2076
1980
1878
2502
2244
2688
1554
2334
1968
2526
2130
2232
2406
2586
1842
2334
2154
2340
1740
2190
2454
1872
2250
2580
2220
2268
2112
1920
1590
1824
1458
1494
1332
1272
1062
996
1152
1284
1446
1392
1158
768
1008
702
1242
804
552
336
180
438
450
120
240
426
852
672
426
120
168
444
228
282
216
150
300
576
228
246
732
678
636
438
90
96
138
108
240
96
150
198
102
114
114
90
210
120
174
234
564
510
366
588
678
696
786
1062
1020
696
708
546
804
930
1116
1086
1338
1044
696
726
738
258
192
234
312
546
654
498
498
426
582
816
660
894
978
1002
1230
1068
864
984
1614
1740
1896
1428
1530
1398
1818
2136
1722
2646
1728
1560
1440
1722
1764
1602
1482
1314
1656
1494
1884
1566
2070
1716
1656
1896
1758
1278
900
1488
1332
1212
1380
1014
1002
1188
1068
804
852
1668
2010
1368
1344
1548
1386
1644
1650
1776
2376
2280
2412
2166
1668
1428
1956
1866
1896
2550
2316
1596
1218
1062
684
714
852
990
726
624
726
594
1134
660
582
576
792
300
90
252
384
468
450
192
114
156
222
96
162
246
180
156
258
216
228
240
198
132
342
552
720
774
822
564
510
468
1020
1020
918
990
1032
1272
1470
1212
1254
1122
1326
900
1596
1632
1686
1152
1812
1950
1476
1470
1464
2574
1854
2226
1860
2076
1368
1242
1734
1614
1410
1308
1206
1380
1140
1146
1530
1308
1548
1926
2532
2520
2286
2238
2202
2928
2184
2268
2142
2562
3168
2406
2340
2556
2646
2088
3174
2892
1944
2316
2418
2964
2592
2388
2010
1926
2076
1434
1632
1662
2172
1824
1716
1746
2622
2418
1902
1926
1890
2274
2352
2184
2274
2370
2136
2418
2514
1602
1830
1554
1896
2754
2250
2268
2628
2214
2244
1782
2670
2760
1692
2274
1998
2322
3474
2634
2682
2466
2202
2304
2634
2100
2160
2238
1716
2418
2904
2406
2232
1878
2058
2412
2268
1902
2232
2184
2466
2616
2472
2520
1818
1752
1872
2058
1830
1692
1872
1362
1308
1572
1284
1308
1128
1380
882
1014
1212
1086
828
996
1188
1224
1524
1224
1392
1212
1194
1830
1524
1566
1842
1788
2136
2526
2682
2376
2016
2268
2676
2196
2070
2310
2442
2160
2160
2454
2322
1590
2070
1788
1968
2088
1740
1758
1512
1926
1710
1020
1494
1512
1794
1992
1506
1638
1326
1854
1896
2478
1782
1644
1644
1788
1920
2262
2586
1782
1944
2124
2370
2154
2454
1956
2502
2046
2448
2364
2100
1758
2148
2490
2364
2256
2304
2580
2292
2412
1962
1824
2004
2094
2412
2454
2484
2664
1860
2262
1752
1956
1782
1734
1908
1668
2040
1662
1764
1902
1836
1758
2202
1674
1392
1680
1890
2724
2262
2598
2208
1980
2472
1974
1986
1752
1800
1746
1716
2358
1344
1218
1512
1782
1338
996
756
486
468
546
270
264
408
438
396
534
912
924
1104
1146
558
696
390
678
474
588
414
138
96
360
186
402
588
1140
1056
912
1068
924
612
582
474
306
294
282
300
456
498
456
594
954
1248
1104
1014
984
942
1086
918
720
468
492
1008
804
678
510
672
1170
1206
1008
906
1416
1242
1212
1242
1314
1122
1200
936
834
1170
1860
1632
1002
1824
1956
1542
1254
1578
1332
1632
1026
888
1074
1056
1050
750
606
1224
1092
990
984
1080
1086
1098
1608
1308
1308
1488
1374
1680
2130
2556
1710
1842
1962
1746
1632
1332
1818
1140
948
906
876
1362
882
840
762
1362
1398
1686
1920
1710
1644
1926
1536
1662
1524
1758
1326
1020
1176
1002
1152
966
1278
1032
1092
1224
1422
1056
1524
1578
2178
1416
1416
1236
888
1230
1200
1632
1296
1626
1572
1266
1146
1338
1032
972
444
414
576
678
846
1038
840
870
1098
888
1182
1230
1356
1008
1530
1428
1734
1446
2046
2304
2790
2460
2220
2400
1986
1920
1422
1278
1164
1044
1560
1686
1506
2160
1236
1926
1164
1026
762
696
582
294
462
270
144
594
564
450
336
654
696
834
858
1092
1752
1428
1248
1980
1266
1182
1752
1566
2142
1212
1236
1320
2034
2568
2628
2256
2760
2274
2148
1830
2112
2268
2094
2622
2190
2094
2460
2400
2202
2472
1602
1560
1356
2082
1488
1560
1854
2160
2610
2676
2130
1824
2088
1440
2298
2358
1938
2334
1536
2142
1650
1980
1674
1308
2322
1686
2358
1770
1938
1626
2538
2412
3042
1854
2214
2904
2442
2256
1650
1722
1956
1404
1776
1464
1458
1236
1230
1338
1260
1092
804
972
1500
1602
1146
1086
1320
1134
1716
1734
1392
1878
1434
2046
1434
1860
1902
2100
3132
2418
2802
2220
3162
1878
2316
2268
2046
1722
2232
2028
1698
2106
1968
1728
2910
1662
2268
2322
2244
2082
1662
2148
2862
1866
2142
2160
1596
2106
2190
2616
2094
1962
2052
1626
1812
2466
1542
1890
2316
2136
2274
2154
1878
2226
2628
2274
2424
1878
1956
1662
1512
2190
2070
1692
1806
2316
3312
2580
2430
2664
1626
2022
2292
2010
2262
2190
2256
2214
1800
1410
1470
1140
1044
1386
1308
1830
1296
1056
1188
1206
942
984
600
1200
1566
2472
1992
1884
2760
2574
2268
2784
2478
2208
2058
2148
2718
2622
2874
2832
1998
2184
2004
2142
2442
1656
1836
2022
1926
2634
2232
1806
2226
2160
2514
2010
1854
1824
1458
1650
1038
696
798
1590
1242
1200
1488
1098
1428
906
798
1146
1092
1506
1344
1488
1830
1662
1266
1740
1266
1326
1416
1416
2136
1968
1404
1446
1698
990
846
978
396
384
240
294
666
474
660
348
612
582
894
870
972
1170
1392
1716
1188
1626
1146
1572
1374
1128
1098
936
870
774
1122
1512
1326
1806
1656
1884
2292
2646
2376
1908
1722
2064
1908
2394
1662
1548
1668
1758
978
1128
960
1044
912
1170
792
720
702
576
864
552
312
204
498
870
750
1026
1116
726
768
642
342
510
594
468
204
150
114
210
138
108
96
222
108
384
570
510
606
684
750
402
396
726
882
1074
1200
1236
1008
1422
1698
2082
2322
2622
1512
2292
1752
1938
1356
1146
858
450
336
162
156
126
228
654
714
666
654
648
672
402
246
348
324
114
180
360
222
156
324
414
210
96
162
438
228
156
198
108
156
246
456
612
900
882
1008
1074
738
1032
1404
1548
2022
2010
1536
1374
1446
1272
1500
1278
1200
1302
1428
1476
1392
1566
930
768
588
642
576
984
1062
1152
870
1590
1548
1554
1650
1482
1746
2022
1722
1674
1710
1446
1542
1272
1194
1380
1470
1764
2010
2484
2106
1602
1896
2082
1476
1818
1548
1872
2142
1998
1998
2022
2136
2070
2256
1866
1584
1560
1806
1770
1074
786
384
420
288
174
168
240
120
516
438
552
432
186
222
468
540
588
942
888
912
954
1002
1032
810
1386
1368
1098
1008
768
630
612
510
540
618
1212
918
1206
1422
1386
1194
1248
1302
1398
1260
1332
1320
1446
972
1404
1092
846
750
774
702
1032
906
972
1572
1206
1440
1686
1296
1260
1152
972
810
978
960
714
630
552
240
132
144
354
210
246
282
294
480
432
522
504
276
474
462
462
540
612
1068
1188
786
846
726
1020
1140
1362
930
972
1158
1350
1476
954
384
324
132
312
456
288
342
108
126
378
396
138
312
366
480
582
570
156
114
132
348
282
234
180
186
240
144
258
138
96
204
750
420
240
384
570
762
978
906
972
1092
1644
1434
1440
1410
1404
1266
864
630
534
498
708
660
840
1134
1440
2088
1482
1638
1842
1518
1542
1548
1698
2340
1806
2676
2652
2154
2730
2418
2664
2274
2082
1866
2376
2754
2274
2202
2508
3030
2172
1932
1932
1674
1380
1356
1458
2124
2652
2124
1584
1644
1536
1494
1596
1338
990
1446
846
1104
1212
1488
1656
1446
1284
1266
912
1296
1182
900
1218
942
876
810
1020
1218
1440
1938
2118
2316
3564
1860
1476
1662
1422
1344
1218
1086
1848
1782
1722
1356
1242
1176
1716
1518
1248
2124
1590
1596
1812
2070
1398
1596
1674
1206
1074
1356
1410
1254
1536
870
810
1242
1278
1182
996
552
576
576
420
222
204
144
396
738
684
930
1224
1410
1560
1290
1236
1368
1620
1386
1806
1770
1482
1482
1626
1266
1590
1056
864
1008
1074
1116
1404
1254
1212
1476
1374
1506
1836
1710
2352
2040
1848
1866
1698
1416
1410
1032
1074
984
900
1110
912
726
768
822
384
150
366
186
324
300
282
78
582
432
288
240
294
210
546
540
690
882
978
1512
1224
1296
1494
1716
1608
1368
1440
1116
690
846
528
846
1200
1044
834
732
378
480
480
300
186
624
456
264
510
570
624
720
918
576
198
114
336
486
426
390
594
678
384
276
114
138
396
522
348
366
252
270
330
342
84
114
96
258
564
414
504
252
384
126
162
306
534
738
486
528
198
234
324
66
138
240
402
342
540
738
492
438
528
378
288
606
1032
1386
1266
1248
1488
1350
804
522
624
660
624
564
492
756
780
1176
1254
1428
1254
1182
1092
1722
1410
1872
1794
1662
2520
1596
1776
1926
2004
1890
1194
1728
2736
2010
1890
2094
2046
1896
1992
1722
2028
1896
1932
1986
1536
2316
1980
1788
1680
2394
2244
2118
2094
2538
2400
2802
2616
2040
2652
2076
1872
2544
2532
2226
2118
2082
1704
2268
1680
1716
1290
1356
1596
2736
2364
2820
2196
2904
2442
2082
2280
2520
1776
2190
1662
1884
1482
1296
1044
1098
1218
1464
942
852
1380
1194
1290
1296
1188
1350
1224
936
774
630
606
552
840
1092
1020
1278
1548
1206
1542
1440
990
1098
1410
1164
1224
1836
1824
2166
2178
2166
1836
1980
2358
2274
2412
2760
2184
2076
2400
2076
1638
1590
1470
1818
1578
1626
1416
1692
1500
966
1140
1266
1392
1686
1518
2070
1710
1782
1728
1902
1266
1998
2202
1644
1482
1710
1806
1404
1212
1380
1326
1314
1926
1746
1932
1230
1458
2052
1800
1644
1866
2160
2454
2172
2508
1488
1704
2154
1632
1662
1752
1218
1170
1026
672
732
1128
756
738
864
900
1248
1488
1488
1416
1602
2010
2226
2232
2070
2184
1758
1836
2034
1962
1452
1536
1344
1272
1434
780
1644
1230
1908
1344
2094
2418
2166
1956
1950
1662
1986
1440
1752
1626
1494
1716
1746
1440
1134
1104
1122
942
666
798
546
798
684
1152
1026
1518
1194
948
846
894
1062
870
942
924
792
1026
1236
1326
2028
2040
2598
1878
2070
2304
2046
2154
1920
2010
3054
2292
2382
2340
2580
2400
2280
2436
2268
2640
2250
2568
1998
1524
1884
1638
1686
1626
2508
2154
2316
2268
1572
1410
1824
1698
1860
1590
2364
1794
1734
1776
1824
1530
1662
2028
2334
1854
2796
1830
2244
2586
1914
2256
2370
2244
2262
2358
2244
2994
2760
1860
1632
1338
960
852
648
516
696
780
996
504
756
714
918
1146
642
780
1230
1278
1320
1140
1320
1038
948
1446
1542
1680
1398
1884
1668
1866
1422
1602
2262
1998
1974
2826
2100
2280
2868
2058
2286
2064
1884
1884
1206
804
630
630
588
252
162
366
558
558
744
714
732
666
858
624
414
378
390
780
456
318
396
546
420
168
300
642
468
156
174
336
846
684
798
492
714
942
990
924
558
420
678
510
444
396
552
390
462
270
96
126
222
84
348
342
84
102
180
330
162
252
288
600
696
696
1086
678
558
612
666
306
114
114
138
120
132
270
624
564
588
192
168
354
330
120
522
612
642
222
138
144
402
522
612
174
150
84
126
534
432
168
126
210
372
630
492
822
1128
1200
1098
1140
1368
1068
990
708
1242
1710
1026
1668
1416
1170
1254
1554
1842
1596
1956
1542
1422
1182
1494
1836
2346
2394
1938
2250
2436
2274
2766
1950
1680
2460
1938
2682
1794
2340
1758
1608
2904
2640
2274
2766
2622
2274
2382
2046
2520
2430
1896
2784
1938
2202
2472
2538
2040
2820
2220
1614
1728
1902
2256
1254
1788
1758
1806
1254
1254
1176
714
792
846
1362
2112
1806
1662
1128
930
660
726
942
954
804
1008
594
360
150
138
300
270
354
276
120
222
618
810
1068
1398
1218
1224
1560
2328
2184
1914
1920
2406
1722
1806
1440
1914
1386
1440
1476
1320
1308
1560
1530
1728
1806
1692
2058
1872
2094
2346
1614
2700
2106
1806
2214
1986
2268
2382
2106
1608
2472
2832
2652
2118
1872
1662
2664
2094
2082
1926
1824
1404
1416
1626
1542
1614
1716
2010
3258
2802
1710
1848
2292
2448
2022
2316
2016
1578
1746
1860
2094
2190
2214
2676
1980
2148
2706
1992
1980
2148
3096
2484
1668
2010
2184
1908
1788
1434
1788
1650
1440
1890
1614
1368
1284
1170
1518
1002
1026
1524
1476
1254
1098
846
1158
1368
972
1020
1008
780
480
270
510
510
450
384
402
588
858
846
822
780
1188
870
1218
1452
1476
1632
1914
1326
1560
2502
1152
1476
1038
1608
1644
2040
1746
2154
1878
2394
1908
2304
2796
2790
1902
2538
2700
2640
2574
2058
2010
2346
2070
2454
2094
2268
2250
2250
2088
2802
2184
2652
2178
2604
2286
1974
2646
2718
2670
2442
2400
2634
1722
1794
1722
1536
2100
1806
1572
1992
2010
1764
1980
1374
2220
1878
2172
2040
2196
2016
2070
1860
1884
1380
1554
1290
1032
1164
912
1380
852
1062
846
1044
1308
864
1032
1158
1314
1026
1668
1110
1602
1806
1722
1716
2016
1758
1578
1680
1716
1740
1620
1806
2484
2472
1932
1896
1272
1278
1242
1422
1644
1476
1356
1866
1722
1902
2064
2166
2814
2046
2430
2742
2358
2058
1806
1830
1656
1614
1524
1440
1524
1920
1566
1314
1422
1422
1452
1512
1422
1128
996
1098
678
786
1362
870
612
882
1374
1272
1482
1398
1338
1680
1470
1080
1176
1398
1548
1626
1332
684
762
1080
744
810
594
1344
1392
1548
1836
1758
1848
2262
1764
2052
2172
1776
2304
2688
2106
2208
2058
2658
2424
2790
2784
2298
1752
2940
2412
2076
2700
1836
1794
2532
2184
2736
2658
2160
2652
1860
2454
2286
2082
1770
1926
2370
1950
1854
1680
2466
2886
2340
2004
1668
2220
2376
2070
2124
2304
1788
1686
1854
1344
1836
1866
2154
1530
1938
2010
1998
1734
2340
1944
1842
1974
2094
1830
1908
2088
1482
1956
1752
2352
2040
2070
2052
2490
2838
2364
2250
1884
1608
2178
2016
1668
1914
1962
1986
1764
2142
2262
2202
3372
2448
2460
2382
2016
2466
1578
1134
1614
1584
1728
1356
1848
2064
2250
2262
2178
1806
1968
1374
1824
1452
1710
1884
1608
2070
2988
2124
1728
2508
1734
1752
1938
1902
1584
1464
2070
1734
1794
2064
2124
2070
3282
2100
2706
1908
1872
1386
1818
1806
1686
1740
1434
1698
1248
1434
1308
1404
1152
1620
1242
924
1062
744
630
978
936
1152
1086
1368
1620
2250
1980
1986
2316
2184
2046
2148
1830
2112
1644
1086
1308
1266
1290
1566
1626
1380
1764
1374
1314
1656
1254
1458
1950
1968
1746
2322
1836
2436
2190
2292
2442
2268
2232
2070
2448
2316
2094
2286
2160
2364
2676
2502
1860
1674
1656
1458
1482
1950
2328
1710
2982
2466
2058
2766
2640
2016
1512
1686
1902
1890
2022
1764
1470
1704
1794
1566
2046
1674
1422
1422
1332
972
1182
1194
1326
1692
1194
1266
1038
918
1212
1200
1092
1320
1062
1188
942
1098
1368
1446
1578
1722
1482
1770
2532
1890
2436
2946
2250
2700
1842
1938
2070
1668
1800
2166
1524
1266
1944
1650
1380
1338
1554
1524
1170
1290
1104
1302
954
870
966
1230
1098
882
762
498
