80.208
79.624
81.709
88.015
70.130
79.725
68.868
79.718
78.636
67.783
67.284
79.119
68.367
76.277
79.362
78.758
90.847
79.289
67.947
79.310
79.333
80.763
70.439
80.886
79.550
67.770
69.437
77.662
79.237
69.431
87.919
68.267
68.775
79.262
89.902
91.449
78.464
77.701
77.684
82.090
79.319
69.632
80.403
68.951
79.671
69.148
79.266
70.400
78.191
68.776
79.868
80.093
78.166
80.394
79.987
80.649
88.007
77.727
88.689
69.011
78.715
69.411
80.479
70.567
67.240
67.663
89.459
68.740
79.080
79.950
69.586
79.083
79.650
69.205
92.206
78.583
68.387
70.781
69.526
79.636
81.718
71.044
77.671
79.885
69.619
80.627
68.798
79.889
79.104
70.167
68.444
70.421
67.663
79.186
66.345
71.087
68.731
69.371
81.343
68.725
67.423
79.055
69.342
79.963
80.545
83.487
69.136
78.770
68.453
81.026
79.615
78.077
72.197
67.582
80.176
78.770
81.659
69.380
68.575
81.955
79.809
77.675
68.694
82.078
78.350
90.758
68.669
70.502
68.093
81.920
67.177
78.237
80.137
93.324
67.346
77.044
89.767
99.470
89.835
70.215
77.111
80.601
70.111
86.957
80.460
90.768
79.229
79.834
80.001
89.961
87.332
66.608
69.730
80.231
69.032
80.595
91.700
81.818
70.807
81.058
68.663
69.450
80.874
78.753
81.440
79.836
79.708
80.144
79.689
81.533
81.760
79.627
80.803
70.794
78.489
80.394
88.176
89.953
82.725
69.086
70.461
77.945
70.321
69.515
81.402
80.027
70.034
70.384
68.630
70.312
79.395
81.743
80.438
69.545
79.573
78.619
77.647
68.699
79.728
80.056
78.710
91.586
81.826
69.227
79.906
80.464
91.560
67.873
79.546
70.148
81.496
80.767
69.132
92.104
80.975
81.235
80.012
80.085
80.932
80.017
69.627
68.443
78.122
80.661
79.203
78.863
87.939
69.639
69.476
82.231
79.871
81.173
82.102
70.322
78.491
69.338
79.009
81.451
70.161
79.876
80.612
70.552
81.127
80.626
80.996
78.034
68.630
89.226
70.492
81.319
80.521
80.360
69.657
80.927
84.553
79.237
68.942
80.773
78.750
80.713
81.344
68.688
79.441
81.120
68.375
69.670
67.721
92.474
80.322
71.040
71.044
71.939
70.938
79.720
92.212
71.384
68.506
79.615
69.512
68.578
77.445
81.554
79.592
89.126
81.592
78.555
78.434
80.845
79.945
78.289
81.099
71.448
78.895
71.280
79.210
80.500
80.248
68.180
67.907
78.820
80.304
79.274
78.789
69.647
81.827
79.485
81.478
78.682
81.395
78.825
70.871
81.065
68.979
90.802
80.229
79.935
81.067
79.923
70.171
69.318
71.037
68.245
70.705
80.017
69.274
69.137
80.780
80.654
90.569
80.808
69.629
69.721
70.423
80.804
68.668
68.288
79.201
81.738
69.742
68.747
68.719
81.781
81.263
69.408
81.647
81.293
77.979
79.397
82.216
70.262
92.608
79.593
79.618
79.413
80.778
69.361
78.207
79.298
78.728
79.070
80.412
81.571
78.031
80.499
80.960
81.170
69.529
68.257
83.304
78.954
83.008
79.681
79.339
69.185
81.129
80.067
80.738
71.351
91.114
89.520
80.298
78.782
69.435
80.100
78.518
89.890
79.223
80.937
91.673
67.557
80.029
78.277
91.847
80.000
71.033
79.140
79.371
80.612
90.403
79.499
78.493
71.039
80.189
77.770
69.935
69.629
79.625
78.148
69.618
79.782
80.208
78.813
68.894
80.116
83.033
80.511
90.436
80.779
83.338
70.229
81.585
69.909
80.252
80.500
80.784
80.586
81.240
68.545
71.316
69.215
92.695
78.831
81.523
92.076
79.231
80.861
68.904
67.942
79.565
78.068
71.163
80.330
80.420
79.998
80.535
80.868
80.634
79.890
81.046
78.991
70.505
70.983
80.187
78.040
67.903
91.916
70.991
80.242
67.873
80.422
67.355
68.909
80.241
71.668
76.771
77.685
80.519
89.753
67.028
69.831
78.118
69.834
90.982
77.201
80.714
66.612
82.659
80.204
69.387
80.549
90.925
69.705
69.284
81.713
79.277
92.153
91.242
69.367
80.698
80.892
80.172
70.482
71.562
79.986
90.089
81.178
78.627
82.383
79.480
71.563
80.114
80.649
81.016
78.852
81.169
68.480
90.703
70.876
91.156
69.291
69.650
80.781
97.347
78.637
81.222
67.942
80.104
69.479
90.253
79.290
80.524
70.846
80.473
80.462
70.190
70.833
80.437
82.236
70.337
79.716
69.729
77.433
81.203
80.503
80.159
81.462
69.738
89.909
80.759
69.543
80.100
70.053
81.587
91.990
69.631
69.886
70.093
70.553
90.084
78.789
68.357
78.953
78.562
79.148
90.440
80.195
79.649
79.215
90.204
80.056
78.335
81.337
66.307
70.884
70.038
81.118
79.923
71.151
74.143
70.030
72.060
82.271
70.021
69.618
79.583
80.352
81.260
70.840
71.001
81.161
71.092
80.916
70.967
80.829
81.580
79.964
70.020
88.795
70.426
79.761
68.807
68.219
80.277
90.040
81.266
81.043
89.309
80.001
67.369
80.833
80.698
79.243
80.810
82.004
70.442
69.413
81.863
70.697
81.240
80.394
71.406
70.498
79.872
80.316
81.306
69.443
82.014
81.013
81.372
69.927
82.721
80.212
70.098
81.630
69.461
71.296
79.745
82.316
60.905
79.870
69.273
80.013
80.884
79.516
70.064
80.749
60.541
80.039
91.715
79.100
69.659
68.205
78.688
79.132
81.122
69.766
78.452
79.304
80.894
78.263
78.490
69.272
70.091
94.225
69.856
70.162
69.208
80.019
71.601
92.463
79.192
79.692
80.305
81.749
79.617
68.732
80.619
69.914
76.798
71.029
70.842
79.264
79.922
68.545
80.197
81.015
80.179
90.721
71.592
80.396
81.044
77.982
81.833
68.230
89.083
80.241
81.418
70.026
79.661
91.094
78.495
70.664
92.252
67.487
70.796
79.983
90.950
82.662
91.354
70.793
80.164
79.602
70.049
71.788
80.780
79.780
70.989
68.619
81.035
68.252
92.584
81.236
80.455
92.255
79.808
69.166
79.552
81.218
92.136
80.180
81.604
80.504
70.215
79.191
78.711
91.071
92.394
69.169
71.425
80.544
91.080
82.033
79.394
80.198
69.795
80.369
82.810
69.873
80.456
79.724
80.009
70.193
71.404
69.298
69.307
81.534
90.998
70.505
71.795
80.216
81.306
71.342
82.150
80.813
82.571
59.852
80.325
80.545
70.248
81.870
81.190
80.241
81.536
68.455
90.858
90.929
82.087
80.628
90.845
70.741
69.996
80.366
80.762
70.635
66.757
79.102
92.929
69.600
82.712
79.753
68.993
81.500
89.691
81.165
92.360
80.690
79.432
71.678
80.233
79.366
80.997
79.773
79.710
79.913
91.326
84.414
79.901
81.632
83.565
69.190
70.343
80.140
67.438
69.140
80.619
82.366
81.190
70.064
81.660
71.931
80.590
90.979
79.352
69.829
79.655
69.801
69.280
80.389
70.234
92.850
80.439
78.478
90.510
77.947
81.397
80.733
81.359
82.759
70.669
70.060
68.772
83.675
68.519
80.331
69.298
80.945
92.172
81.553
80.440
83.207
72.724
81.226
69.723
81.905
81.937
81.356
60.514
78.377
70.972
71.256
67.131
92.063
81.393
69.421
70.106
83.398
79.743
70.502
81.760
92.567
79.900
91.767
70.416
81.270
80.296
78.155
82.002
79.353
80.845
69.216
89.944
81.886
81.173
70.735
80.129
92.797
79.628
79.933
70.091
81.434
69.943
69.543
81.092
78.819
67.824
92.620
70.813
81.132
71.378
83.143
70.366
79.220
81.990
70.163
71.356
68.843
80.339
67.651
69.064
69.581
80.460
79.854
70.300
92.471
80.775
91.393
67.838
79.775
82.382
70.871
78.937
83.477
68.769
71.490
80.510
67.930
80.597
67.409
79.663
71.786
69.615
69.695
82.194
79.535
90.850
90.148
82.520
70.590
70.582
79.627
82.188
69.443
79.828
68.049
81.477
80.600
80.410
79.908
91.100
81.427
79.118
81.420
79.563
81.273
92.791
90.654
81.029
81.196
70.377
68.413
90.544
93.514
70.296
81.133
70.204
81.887
89.420
70.182
69.924
82.599
70.293
81.254
81.661
69.069
81.632
80.453
80.102
80.472
80.826
71.069
92.422
68.703
78.587
92.423
79.778
81.597
81.144
82.859
78.360
70.363
90.585
70.211
71.798
78.965
70.578
72.498
81.924
80.030
78.670
81.523
69.116
80.912
81.546
91.782
68.971
80.116
102.757
68.799
69.219
92.094
