10.965609098503833
10.787922010909622
11.7953990368077
14.144725617519732
14.324020505638149
9.826096491228064
12.430742296918762
10.653704727505028
11.264010516487293
14.637567824332532
12.974673202614376
12.650735294117641
12.651887070617715
12.708905228758164
12.647894997159693
12.004745744451624
12.764382921000564
12.470584072789949
12.442632694103278
12.49147935397935
13.617271780507066
13.053864436217376
13.557494956024364
12.964290366496247
14.597537511508097
12.099656002751969
12.364052287581696
11.257550739594079
11.192427760577903
11.514014816452892
10.741421568627448
13.144664971251656
10.42288564548626
11.866438768489848
11.521123888151747
11.646456828345364
12.746880291191431
12.708914206708323
10.486015897587105
13.796255949932416
14.250167479579234
15.230147548529892
11.57536365423362
11.766503267973853
12.170721534227724
11.50355730011302
12.125931911226024
11.192483660130716
11.771856334240226
14.30891436994378
12.747311920106029
13.913431176666473
12.539506004831074
10.599277605779147
13.873738516385579
13.864301874595984
12.577836297689233
11.900277654921611
13.031582633053214
14.223749534778943
11.679658091306694
13.490318320310578
12.741421568627448
13.008251633986928
11.536353137746316
12.887990196078427
13.395275944385846
10.89418498168498
13.819590050472396
14.269483131247831
14.239662053632642
14.727911549235072
13.735754686489974
11.374514103887156
12.520098039215682
12.6288838612368
12.558047078480511
11.828676470588233
13.923224243077183
13.786049979432333
14.319102466161285
13.556830424477475
11.906289006830796
13.306781045751631
12.266809794093065
11.58481190721902
12.88613445378151
11.744613371664448
12.53383520074696
11.911601307189537
13.148369767487406
12.677560674619496
13.443762120232705
12.006819745442028
13.99723707664884
13.382187175569523
11.513119195046432
13.00808211396446
11.00573308270676
11.895773133814917
12.776470588235291
11.926470588235292
13.306340718105423
11.760317460317458
12.799089635854337
13.171583318642135
13.30934604611074
10.715657403312193
11.546489385227773
11.3125
12.17534466737253
12.040002189073393
11.198236008917116
11.823589611283102
11.520253452258087
12.36094425010833
11.533316133470926
13.718412143412134
11.43984671290331
13.450024730171787
14.289870178840756
12.69676642586859
11.300146198830403
12.204423436041077
12.999346731699665
12.295261437908492
11.808595631234947
12.917308916573624
15.442090181060772
13.412736261846165
10.61950710108604
12.609984520123835
11.960109219126243
13.364344070961712
11.5673288613691
11.132060543515642
12.319876283846869
12.785807656395885
11.920391665438103
13.275122241879199
14.159630810366103
11.212922625190414
13.249018138724024
13.04710191769015
11.3767384146641
12.523389355742296
12.146732026143788
11.827812177502572
13.004920469331887
14.875281336310746
12.827223266929138
13.181162464985984
14.3190566786155
12.327584279325759
14.592616533793006
11.3391339869281
12.396732026143788
11.313458892328851
11.476129885766095
10.674880829524788
14.836655501361376
11.517032163742684
13.181372549019606
14.270675076557424
11.774898029387188
12.905202885349942
13.47543143131378
13.526698791404673
12.670226423902891
12.76339706045588
11.634309425524583
15.145183003271237
10.69963327436237
11.596690255049383
11.604685957317528
12.372406270200385
13.822549019607843
10.849660302717574
14.999826888797474
13.147571747997441
12.683318590594128
13.699836601307187
14.134197909933203
13.85552805038099
13.025265910560023
13.005765639589164
10.575726694186441
12.373203452034712
10.854411764705882
11.836134453781508
14.479207557148731
12.936076994900516
14.230872069107354
12.46549216177698
10.982315470047663
11.131878102118035
14.527321981424146
10.510693400167076
12.703022875816993
12.519199346405223
12.916574193780072
14.268882588000226
12.774614845938371
11.595060568086879
14.043350032320616
10.930448894071178
13.500360668743017
13.233053221288513
14.210504201680665
12.696498599439769
12.304072067423453
13.446078431372545
11.579374057315231
15.146438610409191
13.144458972400141
11.10446704997788
12.851617255293721
11.777800385888622
12.692657832363711
11.036138139466306
12.782451840385274
13.442732512585453
13.362762297901613
12.759657722738211
14.205630235777287
11.918593051255584
14.585050243873772
14.838983810307335
12.5328664799253
13.321986102133158
12.368545751633986
14.451877044524105
13.01928104575163
10.785289817681452
13.505657904187313
12.411134453781509
12.278396358543414
13.591289347906992
11.588703990368067
11.830964052287579
12.534117598088184
13.039677479383357
12.488302628743801
12.098351648351645
11.573900201106083
13.438882930794694
12.582177871148456
11.419663742690053
10.516298098186635
12.54370915032679
13.182717772423647
14.144721455015569
11.741412968696242
15.432504995004999
12.732483284689165
11.765533318590586
11.235671900339076
12.8937908496732
12.340849673202612
13.270213854772674
10.875046071059995
12.385894987365573
12.121090102707743
11.513422035480852
12.7328916654381
13.243490006725303
14.415916436504663
12.333600768856176
12.37497747350688
12.021375128998962
12.037952724949621
14.06624821257174
13.516719065248475
11.553256302521007
11.31161850705194
12.61279239766081
14.350805322128847
13.476343019725372
11.145512064474914
11.89599673202614
11.047023809523804
11.412219887955178
12.170424836601303
12.08832682195685
11.339116172784896
12.370475113122167
12.83774509803921
15.081849767879179
14.378146036969568
12.877450980392155
11.639705882352938
12.696749226006187
12.953559757236222
14.081863234804409
12.322954054029893
12.184521116138757
12.777266081871334
13.457036195658475
14.087539421362955
11.453689370485026
12.546338220602923
12.816428914223028
13.13930358856829
13.53961749035278
11.270751633986926
11.511459408324722
12.720588235294118
12.455323357413137
12.779798143033437
14.097280905369141
12.2349305106658
14.520338811515284
13.109237739384799
13.566752854988149
11.695674234606118
13.791155413214234
12.600538724261634
12.925788427259011
13.587516160310276
12.66348577892695
13.084500466853402
10.474063836060733
10.706575485058448
12.543750612132957
14.073684893537827
12.5547342621259
11.676866185070514
14.287525464731345
12.377118224912339
11.608182834537315
15.556514563867504
11.622003538257403
11.32435070519435
13.05180726136608
13.76225490196078
12.069222689075628
13.079790797437848
11.499816330040789
12.052178213942918
13.798424859454268
12.596778711484587
13.5328781512605
12.01299963366526
11.406581404491618
10.94270900667959
12.859068627450977
15.310621241503592
12.466707209199464
11.481650203941216
12.170588235294115
11.25744876898127
13.647161172161166
12.28688080495355
13.231795900178243
13.480593426181658
13.743170065228885
12.651844070961712
10.68356636913138
14.613076139546727
11.101686059038991
15.46677489177489
10.843016855865146
11.153594771241828
12.7811476921771
13.914437033554675
13.576834684922913
14.078419129889715
13.036087768440705
12.088497592019257
12.161216767408712
13.966894135276483
13.1625816993464
12.188792090262671
12.537254901960784
11.000675094599236
12.980267457860332
15.292604944075537
11.628158631873797
12.649901100791185
13.156265874648227
13.211519607843135
12.720839944369352
11.885480859010265
12.059908963585432
11.950316354612015
11.922958744901457
11.068976585849642
12.250735294117645
12.861081011351903
11.437687355644002
12.699070425618403
13.377065826330531
13.267324750412977
15.407592897298777
12.514245786033701
12.762478942625998
12.895442036463704
13.128908668730642
11.802025283797724
11.503697970416228
12.104166666666664
12.683743058626954
11.135491916064659
13.714382676147384
11.634697650990212
12.071365994910538
11.98969298245614
12.470588235294114
12.93799019607843
10.731142808000385
12.425141898864805
16.050775613275608
12.200570997629816
12.381232492997194
13.950408496732024
11.86530787753698
12.970701112612876
13.16685789700495
13.208169363316417
10.635616615067073
10.911977470413996
11.51620472750503
13.40490196078431
10.399049093321537
12.308427541670572
14.314668664668666
14.330863499245847
12.591584967320257
12.392784043441933
10.808663816403755
12.074267163005546
11.807168656936447
12.178280873753009
10.32082043343653
11.58981461005454
12.423529411764703
11.483915894906598
10.823529411764701
13.792892156862743
14.036260145083672
14.979299132240309
12.60385154061624
11.975500024571227
11.626203990368069
12.033840729274162
12.35833333333333
14.82558568882098
13.36433827610298
12.070343137254897
13.01944085326438
15.040913743119619
13.211256880374524
12.123925008599919
13.97099542614248
14.341667156373035
15.785007884272584
12.33922352157646
13.580469530469525
11.690840682365442
12.501504987960091
11.461016511867896
11.317325789965095
14.0775939746528
12.7656862745098
12.285299504417145
13.88220480499892
12.613316993464048
14.898695422224833
10.81913484692122
13.19699197860962
11.08152304781561
11.985719423335516
12.91127450980392
13.495412920412917
11.657126271561253
11.357807955718167
11.947912673841456
11.8645523594053
12.922467320261433
11.25909565580618
10.967997198879548
14.062495837495838
12.391176470588231
11.843947491277204
11.837562656641598
12.056716546267628
12.529330065359472
14.969745205774615
13.474625619478553
11.04168816649466
10.883239962651723
12.710186382245201
13.999392519245456
16.865123357035113
14.118850267379669
11.103345373237003
12.695448179271706
13.182148999950849
14.359243697478991
14.61904076315841
11.04634072927416
12.469753285929754
11.406314806624396
11.325592544710185
12.662277630350372
11.73993378052975
13.444398983369565
12.261029411764705
14.580421049538696
12.820004995004991
10.361181139122316
12.440616246498596
13.597847250788423
10.463071895424829
11.152575679394559
11.147181679689414
13.803990862079091
12.588361638361636
12.148369698756687
11.829400707651473
14.026552287581696
13.246428571428568
13.095833333333331
13.653749355219944
12.377224001488699
14.477805772658707
11.190651874784992
13.022187208216618
12.88235294117647
12.834803921568625
12.627809200603314
11.202706521204973
12.557684038527682
11.501860042262514
13.368176186558532
14.04477156830097
13.647332079685016
14.96372010342598
14.100731866173039
12.702795733678082
11.713773971126905
11.407177871148455
12.190789473684204
14.270417817476634
12.116662504162495
12.16553471038765
12.06675389454027
12.197467320261437
11.206148336527592
12.024148606811135
11.479084967320258
11.280577055383556
11.774442233033561
12.445833333333333
13.750858944976587
14.261998459057276
12.336449579831926
12.032142122583293
10.932484680781885
13.293952371158246
13.343216587334231
12.063424492604051
11.737796697626413
13.373528677205142
13.835318358112463
14.147079636050222
11.642156862745097
11.913585434173667
13.960001762942934
14.015640976670387
11.691438768489848
12.106372549019603
13.037353801169589
12.249509803921567
13.445444016767544
13.016413978178683
14.402485259838196
12.61471018231853
11.907199370976453
11.777326281389737
13.492127235509582
12.224264705882348
13.256750847192023
12.670349894343694
13.185154061624647
10.991339869281044
11.923722600928485
11.518300653594771
13.766420834067889
10.889684382524933
12.33333333333333
12.366137770897836
11.29928620571035
12.56021845801257
11.606872573590834
11.329258808786665
13.229377240406642
13.940405672758612
12.892306957748128
11.696322794852199
12.792717086834728
13.266633611486553
11.825186741363204
13.007843137254898
11.15505675954592
11.843271782397167
12.056827731092435
12.70455304499422
15.264454662984075
13.003011204481789
12.035904046933458
12.159412624699
12.433333333333332
12.227386480908148
13.868826516620635
12.488613592290056
13.270382068911477
11.636484593837531
13.291941555176846
15.047200593524124
13.787819778260952
11.053486657821017
13.189810924369747
11.780310457516334
13.386363636363642
13.955536865095684
12.888749730661491
12.732332618362028
11.952229839304138
13.495680991694915
12.815301120448172
12.34365977160094
12.499412597206707
11.63883053221288
13.98724535268653
13.517728758169932
10.868212500657982
13.203484342454924
10.414834347163728
10.635130328048277
12.420681769211177
12.848422900628778
13.226695853166433
13.332347309553185
12.134967320261431
11.477030812324927
10.914092215833692
12.863837289301676
13.246419357216565
12.13801353874883
10.784607351712609
10.880237358101128
12.238503734827262
13.449859699124405
14.915858406299579
14.76898689545748
13.945550527903466
12.132895965403698
14.090147352647348
13.259854361324948
12.63814461682108
11.805245958032327
12.06021241830065
11.075
13.695479030773148
11.901879084967318
13.654830463653989
13.065152984270624
11.601281389748877
13.549548898813606
11.653014275885784
11.847815617475051
11.551436188510483
12.215932601110614
12.657317927170865
12.975758636788045
11.424019607843134
13.312219887955177
12.177661064425768
12.444526143790847
11.433248562582921
10.340611332252195
13.836643421937536
12.932922469687176
12.254806957748128
14.100866535425354
12.240056022408961
10.833730158730152
13.198856209150325
12.417471988795507
14.697643288084459
12.715196078431367
12.12955182072829
14.658083827936768
14.16907651172357
12.417151948498688
13.072797300738479
11.721918153226197
12.061624649859942
15.640719084836729
14.46747468218055
14.18289431157077
12.835214540361587
13.162448825684113
14.293265802824623
13.428800366300361
13.850038931656577
11.645271640124578
11.579023917259207
13.03178104575163
11.02010172490048
12.746432257113367
13.210702614379086
13.97795243971715
14.786567843920789
12.980562329827036
12.154863518834103
12.802601809954744
13.865608656049828
12.969009757012849
11.898529411764704
11.979444321588275
11.267973856209148
11.82464801710157
10.939853309744946
12.601715686274506
10.289192343604102
13.05330919080919
13.744052271258148
13.886011047775753
13.722388395917806
11.183765172735756
13.3512355291767
14.262620467767519
12.307014472455645
12.562663398692807
13.160336503022252
12.77866479925303
11.708445132438934
13.385268317853452
13.284817388493849
13.847687769746585
11.7750786279424
14.374391599972087
13.240931372549015
14.321265499206673
10.566649466804257
10.912099712293202
12.543288982259561
13.044950392744504
11.692265199540735
11.815289449112976
12.893464052287577
12.442857142857145
13.020396270396272
14.175774225774225
13.388480392156861
12.588699046051987
12.975081699346399
10.57149122807017
12.314141972578497
11.247799646174252
14.203794897912543
13.017702885349935
12.339687453928931
11.27559462381443
13.268906948744403
15.207766743060857
13.815452255003331
14.275904732522374
12.449262338968218
11.132146542827648
12.332279227480457
11.270143495994882
11.586047840188701
14.30062878298172
13.472761960261955
13.653156647274294
12.720895770895767
13.094709577488205
10.798533711730302
11.493151830110028
13.832921000568058
12.584978991596632
13.995396270396265
15.646320836026712
12.065441176470584
11.460923221309875
11.601828073886894
13.71086870645693
14.386832040508502
12.382739890828127
12.637745098039211
15.106351491645606
11.345357265713295
12.241674746821799
14.477574876104283
12.532655167330086
13.083755460226042
13.206833117862525
12.634940549646425
12.788480392156858
13.63082448597154
12.511007521030733
12.868300653594767
11.886271816418871
11.850898692810453
14.111179506767735
12.489681311120933
11.571116740156977
11.528678927711432
12.13570620555914
11.491841122413868
12.641176470588231
14.162445724210427
13.149824929971984
12.780228758169931
12.975898692810455
11.839320728291314
12.395063025210083
13.348508354390706
13.461905251611135
14.01272869287575
11.780069659442718
12.397303921568625
13.288445378151257
12.103105803724992
11.402132392031769
12.77399503661113
10.851619244188898
12.477349121466766
10.776414688682479
12.005542655658745
12.741156882333346
10.666693695021863
11.681211216544026
14.652044034396978
13.992956063544295
12.09912464985994
12.292454174652315
11.4829500221141
11.849501818271165
12.311991375497563
11.920007739938068
12.231330777925194
11.395556292692513
12.471323529411764
11.734722222222219
11.536926261732752
12.0511071573765
12.160092856919473
12.267892156862741
12.054037667698651
12.225408496732019
12.837082289055965
11.295580863924512
13.754367691132394
14.10381750602339
13.9823629801571
12.649054621848734
12.210977197896698
11.38434604611075
10.861393018745957
12.876923076923076
13.955491567256272
14.553780369956835
13.016422406283084
13.484007903860839
13.510864380717313
12.008777067445786
12.178606442577026
12.894755244755242
12.349399375134663
12.719992262639316
12.073471055088698
13.663495083348016
11.977448287007107
11.345781733746122
11.509068627450976
13.266924497071553
12.705848563201508
14.718610556110553
13.098167600373479
12.33084449090641
13.544884282384276
13.038071895424833
13.981043956043948
10.637315101479178
13.342728758169931
12.944775541795655
11.181832645338831
11.91652514152514
13.419557893087303
13.709133758398462
11.597295321637416
11.712247530591176
12.416937564499477
14.499483359777479
12.20506535947712
14.567603719809604
12.284293076204836
12.543202982947554
12.75670579420579
12.414180672268905
11.716907464740272
11.430497198879548
12.307814266057292
11.697932945107862
13.937015680398028
14.29273789935554
11.862254901960782
12.83799019607843
12.590780298133232
11.714723082215334
12.318709150326796
12.179011253624253
11.689353285173713
12.407416113298458
11.642341146985098
12.174674426880307
13.400749250749243
11.268003955968343
13.079577040606443
13.491799866799866
11.784434124526996
11.409231411862985
11.99959150326797
12.366384097498639
13.84076756576757
11.707388569462864
11.397574205120643
13.40995499598441
11.065829401936204
11.930389085458735
14.46853563103563
13.384722222222218
10.412217430831975
12.929490199343139
13.193085346026518
12.739624183006532
13.092868199911539
11.506463226316162
13.342129928894629
13.093749692859591
12.200023342670399
12.871482928835869
11.870448179271706
12.07941176470588
14.150731131613483
13.310326438267614
12.351259889920875
13.105507237860174
13.639104522928045
11.229311022654668
10.483192663030119
12.429070224581055
12.61196866858631
12.201931157078205
11.727310924369744
12.08504901960784
11.568883322559783
12.813534259857786
13.465451378686668
12.798902894491127
11.176188019067272
12.530900472076935
12.6577677224736
12.295175438596484
12.781884244926035
12.077205882352938
13.569333259619631
11.731579785024051
12.662243230625577
11.537353801169587
12.179760061919499
11.382852965747697
10.324918300653595
11.9986025111799
11.941070200009818
12.054695562435493
12.416657117392406
13.962090605472953
13.013043818926171
12.498366013071893
13.342388983565453
12.436386308909523
13.67959418032947
11.235915769816696
13.66584967320261
13.807166363048713
14.858414134884711
13.167528549881487
13.3448137646667
11.12371001031991
12.075567595459228
12.721675954764187
13.471861961567846
13.060450333979734
12.45713118580765
11.873692810457513
