2.577000000000000000e+04
1.836000000000000000e+04
2.056000000000000000e+04
1.388000000000000000e+04
1.541000000000000000e+04
1.742000000000000000e+04
1.799000000000000000e+04
2.049000000000000000e+04
1.502000000000000000e+04
1.392000000000000000e+04
1.813000000000000000e+04
2.092000000000000000e+04
1.831000000000000000e+04
2.084000000000000000e+04
1.775000000000000000e+04
1.774000000000000000e+04
1.234000000000000000e+04
1.630000000000000000e+04
1.783000000000000000e+04
1.379000000000000000e+04
1.372000000000000000e+04
1.975000000000000000e+04
1.509000000000000000e+04
1.735000000000000000e+04
1.822000000000000000e+04
2.052000000000000000e+04
1.532000000000000000e+04
1.578000000000000000e+04
2.003000000000000000e+04
1.474000000000000000e+04
1.574000000000000000e+04
2.039000000000000000e+04
1.761000000000000000e+04
1.865000000000000000e+04
2.652000000000000000e+04
2.820000000000000000e+04
2.706000000000000000e+04
1.816000000000000000e+04
2.721000000000000000e+04
1.388000000000000000e+04
1.286000000000000000e+04
1.508000000000000000e+04
2.662000000000000000e+04
1.846000000000000000e+04
1.564000000000000000e+04
1.675000000000000000e+04
1.296000000000000000e+04
1.808000000000000000e+04
2.080000000000000000e+04
1.395000000000000000e+04
1.407000000000000000e+04
1.306000000000000000e+04
1.666000000000000000e+04
2.061000000000000000e+04
1.244000000000000000e+04
1.434000000000000000e+04
1.350000000000000000e+04
1.792000000000000000e+04
1.478000000000000000e+04
1.534000000000000000e+04
2.046000000000000000e+04
2.058000000000000000e+04
1.519000000000000000e+04
1.815000000000000000e+04
1.743000000000000000e+04
1.734000000000000000e+04
2.171000000000000000e+04
1.966000000000000000e+04
1.727000000000000000e+04
1.670000000000000000e+04
1.240000000000000000e+04
8.940000000000000000e+03
1.334000000000000000e+04
2.280000000000000000e+04
1.993000000000000000e+04
1.523000000000000000e+04
1.827000000000000000e+04
1.504000000000000000e+04
2.348000000000000000e+04
1.406000000000000000e+04
2.113000000000000000e+04
1.680000000000000000e+04
1.793000000000000000e+04
1.887000000000000000e+04
2.086000000000000000e+04
1.822000000000000000e+04
1.776000000000000000e+04
2.074000000000000000e+04
2.725000000000000000e+04
1.818000000000000000e+04
2.250000000000000000e+04
1.265000000000000000e+04
1.765000000000000000e+04
2.051000000000000000e+04
1.850000000000000000e+04
1.813000000000000000e+04
1.736000000000000000e+04
1.517000000000000000e+04
2.032000000000000000e+04
2.075000000000000000e+04
2.310000000000000000e+04
1.527000000000000000e+04
1.270000000000000000e+04
1.551000000000000000e+04
1.744000000000000000e+04
1.627000000000000000e+04
1.545000000000000000e+04
2.465000000000000000e+04
2.365000000000000000e+04
1.804000000000000000e+04
2.442000000000000000e+04
2.207000000000000000e+04
1.859000000000000000e+04
1.502000000000000000e+04
2.256000000000000000e+04
2.388000000000000000e+04
2.088000000000000000e+04
1.488000000000000000e+04
2.391000000000000000e+04
1.622000000000000000e+04
1.472000000000000000e+04
1.554000000000000000e+04
1.747000000000000000e+04
1.276000000000000000e+04
1.449000000000000000e+04
2.059000000000000000e+04
1.530000000000000000e+04
1.240000000000000000e+04
1.849000000000000000e+04
1.390000000000000000e+04
2.070000000000000000e+04
1.587000000000000000e+04
1.755000000000000000e+04
1.792000000000000000e+04
1.451000000000000000e+04
1.992000000000000000e+04
2.269000000000000000e+04
2.589000000000000000e+04
2.464000000000000000e+04
2.075000000000000000e+04
1.478000000000000000e+04
1.467000000000000000e+04
1.258000000000000000e+04
1.577000000000000000e+04
1.753000000000000000e+04
1.762000000000000000e+04
1.833000000000000000e+04
2.081000000000000000e+04
2.087000000000000000e+04
1.485000000000000000e+04
1.120000000000000000e+04
1.129000000000000000e+04
1.450000000000000000e+04
2.393000000000000000e+04
1.955000000000000000e+04
1.571000000000000000e+04
1.593000000000000000e+04
2.077000000000000000e+04
2.076000000000000000e+04
1.787000000000000000e+04
1.713000000000000000e+04
2.139000000000000000e+04
1.787000000000000000e+04
1.700000000000000000e+04
2.055000000000000000e+04
1.773000000000000000e+04
1.461000000000000000e+04
1.511000000000000000e+04
1.509000000000000000e+04
1.543000000000000000e+04
2.037000000000000000e+04
1.770000000000000000e+04
2.539000000000000000e+04
2.004000000000000000e+04
2.116000000000000000e+04
1.489000000000000000e+04
1.821000000000000000e+04
2.868000000000000000e+04
1.476000000000000000e+04
2.370000000000000000e+04
1.782000000000000000e+04
1.504000000000000000e+04
1.448000000000000000e+04
1.654000000000000000e+04
1.412000000000000000e+04
1.826000000000000000e+04
1.750000000000000000e+04
2.534000000000000000e+04
1.278000000000000000e+04
2.444000000000000000e+04
1.588000000000000000e+04
1.369000000000000000e+04
1.904000000000000000e+04
2.070000000000000000e+04
1.777000000000000000e+04
1.494000000000000000e+04
1.902000000000000000e+04
2.632000000000000000e+04
1.863000000000000000e+04
1.537000000000000000e+04
1.773000000000000000e+04
1.342000000000000000e+04
1.800000000000000000e+04
1.777000000000000000e+04
1.924000000000000000e+04
2.439000000000000000e+04
1.571000000000000000e+04
1.503000000000000000e+04
1.256000000000000000e+04
1.526000000000000000e+04
1.628000000000000000e+04
2.030000000000000000e+04
2.234000000000000000e+04
1.293000000000000000e+04
1.516000000000000000e+04
2.075000000000000000e+04
1.318000000000000000e+04
1.245000000000000000e+04
1.516000000000000000e+04
1.715000000000000000e+04
1.833000000000000000e+04
1.483000000000000000e+04
2.068000000000000000e+04
2.147000000000000000e+04
1.690000000000000000e+04
1.785000000000000000e+04
1.401000000000000000e+04
1.309000000000000000e+04
2.859000000000000000e+04
1.493000000000000000e+04
1.763000000000000000e+04
1.421000000000000000e+04
1.576000000000000000e+04
1.459000000000000000e+04
1.816000000000000000e+04
1.809000000000000000e+04
1.262000000000000000e+04
1.407000000000000000e+04
1.768000000000000000e+04
2.643000000000000000e+04
1.885000000000000000e+04
1.475000000000000000e+04
1.775000000000000000e+04
2.228000000000000000e+04
2.015000000000000000e+04
1.082000000000000000e+04
1.732000000000000000e+04
1.490000000000000000e+04
2.044000000000000000e+04
1.893000000000000000e+04
1.318000000000000000e+04
1.084000000000000000e+04
1.763000000000000000e+04
1.414000000000000000e+04
2.002000000000000000e+04
2.068000000000000000e+04
1.762000000000000000e+04
1.580000000000000000e+04
2.300000000000000000e+04
1.591000000000000000e+04
2.024000000000000000e+04
1.413000000000000000e+04
1.516000000000000000e+04
1.701000000000000000e+04
1.769000000000000000e+04
1.765000000000000000e+04
1.282000000000000000e+04
2.057000000000000000e+04
1.255000000000000000e+04
2.364000000000000000e+04
1.775000000000000000e+04
1.468000000000000000e+04
1.569000000000000000e+04
1.523000000000000000e+04
2.412000000000000000e+04
1.708000000000000000e+04
2.004000000000000000e+04
1.408000000000000000e+04
3.058000000000000000e+04
1.815000000000000000e+04
1.471000000000000000e+04
1.722000000000000000e+04
2.178000000000000000e+04
2.101000000000000000e+04
1.534000000000000000e+04
2.308000000000000000e+04
1.503000000000000000e+04
1.379000000000000000e+04
1.463000000000000000e+04
2.169000000000000000e+04
1.567000000000000000e+04
1.878000000000000000e+04
1.846000000000000000e+04
1.386000000000000000e+04
1.724000000000000000e+04
1.541000000000000000e+04
1.459000000000000000e+04
1.948000000000000000e+04
1.480000000000000000e+04
2.530000000000000000e+04
1.484000000000000000e+04
1.353000000000000000e+04
1.579000000000000000e+04
1.643000000000000000e+04
1.785000000000000000e+04
2.457000000000000000e+04
1.811000000000000000e+04
2.037000000000000000e+04
1.281000000000000000e+04
1.485000000000000000e+04
1.544000000000000000e+04
1.479000000000000000e+04
1.999000000000000000e+04
1.901000000000000000e+04
1.733000000000000000e+04
1.452000000000000000e+04
1.773000000000000000e+04
1.239000000000000000e+04
1.285000000000000000e+04
1.371000000000000000e+04
2.669000000000000000e+04
1.783000000000000000e+04
1.778000000000000000e+04
1.260000000000000000e+04
1.293000000000000000e+04
2.043000000000000000e+04
2.101000000000000000e+04
1.264000000000000000e+04
1.476000000000000000e+04
1.753000000000000000e+04
2.190000000000000000e+04
2.469000000000000000e+04
2.540000000000000000e+04
2.409000000000000000e+04
1.762000000000000000e+04
1.783000000000000000e+04
1.546000000000000000e+04
1.747000000000000000e+04
2.557000000000000000e+04
1.328000000000000000e+04
1.764000000000000000e+04
1.096000000000000000e+04
2.599000000000000000e+04
1.750000000000000000e+04
1.478000000000000000e+04
2.000000000000000000e+04
1.272000000000000000e+04
1.807000000000000000e+04
2.021000000000000000e+04
1.566000000000000000e+04
1.699000000000000000e+04
1.492000000000000000e+04
1.426000000000000000e+04
1.088000000000000000e+04
1.320000000000000000e+04
1.624000000000000000e+04
1.298000000000000000e+04
2.095000000000000000e+04
1.420000000000000000e+04
1.101000000000000000e+04
1.661000000000000000e+04
1.498000000000000000e+04
1.556000000000000000e+04
1.795000000000000000e+04
1.670000000000000000e+04
1.459000000000000000e+04
1.313000000000000000e+04
1.741000000000000000e+04
1.982000000000000000e+04
2.111000000000000000e+04
1.291000000000000000e+04
2.111000000000000000e+04
1.712000000000000000e+04
2.081000000000000000e+04
1.809000000000000000e+04
2.050000000000000000e+04
1.453000000000000000e+04
2.130000000000000000e+04
2.052000000000000000e+04
2.230000000000000000e+04
1.788000000000000000e+04
1.432000000000000000e+04
1.568000000000000000e+04
1.802000000000000000e+04
2.110000000000000000e+04
1.742000000000000000e+04
1.764000000000000000e+04
1.532000000000000000e+04
1.921000000000000000e+04
2.958000000000000000e+04
2.457000000000000000e+04
2.308000000000000000e+04
1.649000000000000000e+04
2.252000000000000000e+04
1.721000000000000000e+04
1.658000000000000000e+04
1.842000000000000000e+04
2.044000000000000000e+04
1.801000000000000000e+04
2.643000000000000000e+04
1.554000000000000000e+04
2.066000000000000000e+04
1.730000000000000000e+04
1.486000000000000000e+04
2.461000000000000000e+04
2.195000000000000000e+04
2.101000000000000000e+04
1.555000000000000000e+04
1.833000000000000000e+04
2.041000000000000000e+04
1.751000000000000000e+04
1.553000000000000000e+04
1.723000000000000000e+04
1.793000000000000000e+04
1.823000000000000000e+04
2.088000000000000000e+04
1.252000000000000000e+04
1.500000000000000000e+04
1.496000000000000000e+04
1.767000000000000000e+04
2.091000000000000000e+04
1.835000000000000000e+04
1.831000000000000000e+04
2.444000000000000000e+04
2.460000000000000000e+04
1.553000000000000000e+04
1.297000000000000000e+04
1.838000000000000000e+04
1.793000000000000000e+04
2.478000000000000000e+04
1.839000000000000000e+04
1.800000000000000000e+04
1.836000000000000000e+04
2.163000000000000000e+04
1.786000000000000000e+04
1.832000000000000000e+04
4.040000000000000000e+04
1.579000000000000000e+04
1.280000000000000000e+04
1.980000000000000000e+04
1.561000000000000000e+04
1.925000000000000000e+04
2.048000000000000000e+04
1.486000000000000000e+04
2.134000000000000000e+04
1.506000000000000000e+04
1.691000000000000000e+04
1.452000000000000000e+04
2.316000000000000000e+04
1.289000000000000000e+04
1.252000000000000000e+04
1.422000000000000000e+04
2.956000000000000000e+04
1.267000000000000000e+04
1.682000000000000000e+04
2.137000000000000000e+04
1.466000000000000000e+04
1.300000000000000000e+04
2.049000000000000000e+04
2.762000000000000000e+04
2.035000000000000000e+04
1.705000000000000000e+04
1.591000000000000000e+04
1.516000000000000000e+04
1.295000000000000000e+04
2.058000000000000000e+04
1.815000000000000000e+04
1.605000000000000000e+04
1.405000000000000000e+04
1.491000000000000000e+04
1.775000000000000000e+04
2.083000000000000000e+04
1.508000000000000000e+04
1.244000000000000000e+04
2.059000000000000000e+04
2.801000000000000000e+04
2.109000000000000000e+04
1.314000000000000000e+04
1.519000000000000000e+04
2.330000000000000000e+04
1.503000000000000000e+04
1.608000000000000000e+04
1.995000000000000000e+04
2.855000000000000000e+04
1.773000000000000000e+04
1.556000000000000000e+04
2.039000000000000000e+04
1.440000000000000000e+04
1.680000000000000000e+04
2.020000000000000000e+04
1.767000000000000000e+04
1.991000000000000000e+04
1.265000000000000000e+04
1.557000000000000000e+04
2.175000000000000000e+04
2.576000000000000000e+04
2.226000000000000000e+04
1.783000000000000000e+04
1.281000000000000000e+04
1.259000000000000000e+04
2.042000000000000000e+04
1.653000000000000000e+04
2.313000000000000000e+04
1.458000000000000000e+04
2.074000000000000000e+04
2.652000000000000000e+04
1.526000000000000000e+04
1.552000000000000000e+04
1.405000000000000000e+04
1.429000000000000000e+04
1.751000000000000000e+04
1.492000000000000000e+04
1.286000000000000000e+04
2.017000000000000000e+04
1.814000000000000000e+04
2.364000000000000000e+04
1.244000000000000000e+04
1.236000000000000000e+04
1.732000000000000000e+04
2.459000000000000000e+04
1.827000000000000000e+04
2.193000000000000000e+04
2.450000000000000000e+04
1.331000000000000000e+04
1.286000000000000000e+04
1.781000000000000000e+04
1.973000000000000000e+04
1.773000000000000000e+04
1.790000000000000000e+04
2.017000000000000000e+04
2.230000000000000000e+04
1.832000000000000000e+04
1.811000000000000000e+04
3.052000000000000000e+04
1.230000000000000000e+04
1.405000000000000000e+04
1.410000000000000000e+04
1.276000000000000000e+04
1.598000000000000000e+04
1.951000000000000000e+04
1.482000000000000000e+04
2.030000000000000000e+04
1.767000000000000000e+04
1.554000000000000000e+04
1.691000000000000000e+04
1.710000000000000000e+04
1.471000000000000000e+04
2.534000000000000000e+04
2.125000000000000000e+04
2.242000000000000000e+04
1.876000000000000000e+04
3.034000000000000000e+04
2.515000000000000000e+04
1.754000000000000000e+04
1.408000000000000000e+04
1.464000000000000000e+04
1.474000000000000000e+04
1.295000000000000000e+04
2.756000000000000000e+04
1.451000000000000000e+04
1.486000000000000000e+04
2.064000000000000000e+04
1.736000000000000000e+04
1.571000000000000000e+04
1.298000000000000000e+04
1.487000000000000000e+04
1.529000000000000000e+04
1.497000000000000000e+04
1.420000000000000000e+04
1.443000000000000000e+04
2.057000000000000000e+04
1.527000000000000000e+04
1.598000000000000000e+04
1.824000000000000000e+04
1.444000000000000000e+04
1.510000000000000000e+04
1.487000000000000000e+04
1.997000000000000000e+04
2.162000000000000000e+04
1.996000000000000000e+04
1.323000000000000000e+04
1.516000000000000000e+04
1.309000000000000000e+04
2.078000000000000000e+04
1.557000000000000000e+04
1.541000000000000000e+04
1.619000000000000000e+04
1.581000000000000000e+04
2.333000000000000000e+04
2.345000000000000000e+04
2.047000000000000000e+04
2.099000000000000000e+04
1.769000000000000000e+04
1.256000000000000000e+04
1.828000000000000000e+04
2.881000000000000000e+04
1.075000000000000000e+04
1.568000000000000000e+04
1.780000000000000000e+04
1.498000000000000000e+04
2.073000000000000000e+04
1.633000000000000000e+04
1.955000000000000000e+04
2.318000000000000000e+04
1.748000000000000000e+04
1.840000000000000000e+04
1.530000000000000000e+04
1.243000000000000000e+04
1.259000000000000000e+04
1.504000000000000000e+04
1.449000000000000000e+04
1.794000000000000000e+04
1.501000000000000000e+04
1.860000000000000000e+04
1.416000000000000000e+04
1.250000000000000000e+04
1.663000000000000000e+04
1.758000000000000000e+04
1.472000000000000000e+04
1.405000000000000000e+04
1.476000000000000000e+04
2.312000000000000000e+04
1.552000000000000000e+04
2.549000000000000000e+04
1.576000000000000000e+04
1.674000000000000000e+04
1.753000000000000000e+04
1.616000000000000000e+04
1.746000000000000000e+04
1.994000000000000000e+04
2.005000000000000000e+04
1.299000000000000000e+04
1.422000000000000000e+04
1.732000000000000000e+04
1.656000000000000000e+04
1.889000000000000000e+04
3.016000000000000000e+04
1.553000000000000000e+04
3.057000000000000000e+04
1.717000000000000000e+04
1.221000000000000000e+04
1.942000000000000000e+04
1.401000000000000000e+04
1.296000000000000000e+04
1.787000000000000000e+04
1.732000000000000000e+04
1.757000000000000000e+04
3.426000000000000000e+04
2.147000000000000000e+04
2.342000000000000000e+04
1.792000000000000000e+04
2.316000000000000000e+04
2.046000000000000000e+04
1.386000000000000000e+04
1.404000000000000000e+04
1.531000000000000000e+04
1.522000000000000000e+04
2.007000000000000000e+04
1.440000000000000000e+04
1.311000000000000000e+04
1.363000000000000000e+04
1.714000000000000000e+04
1.588000000000000000e+04
1.534000000000000000e+04
1.453000000000000000e+04
2.024000000000000000e+04
1.314000000000000000e+04
1.675000000000000000e+04
2.072000000000000000e+04
1.740000000000000000e+04
2.437000000000000000e+04
1.453000000000000000e+04
2.076000000000000000e+04
2.005000000000000000e+04
1.475000000000000000e+04
1.566000000000000000e+04
1.489000000000000000e+04
1.501000000000000000e+04
1.475000000000000000e+04
2.068000000000000000e+04
1.764000000000000000e+04
1.984000000000000000e+04
1.386000000000000000e+04
1.601000000000000000e+04
1.284000000000000000e+04
1.296000000000000000e+04
1.761000000000000000e+04
2.373000000000000000e+04
2.362000000000000000e+04
2.355000000000000000e+04
1.779000000000000000e+04
2.100000000000000000e+04
1.813000000000000000e+04
1.587000000000000000e+04
1.458000000000000000e+04
2.006000000000000000e+04
1.514000000000000000e+04
1.440000000000000000e+04
1.509000000000000000e+04
1.601000000000000000e+04
1.547000000000000000e+04
1.910000000000000000e+04
1.447000000000000000e+04
1.495000000000000000e+04
1.528000000000000000e+04
1.245000000000000000e+04
1.449000000000000000e+04
1.653000000000000000e+04
1.955000000000000000e+04
2.067000000000000000e+04
2.102000000000000000e+04
1.800000000000000000e+04
2.111000000000000000e+04
1.214000000000000000e+04
1.392000000000000000e+04
1.059000000000000000e+04
1.652000000000000000e+04
1.450000000000000000e+04
2.310000000000000000e+04
2.021000000000000000e+04
2.346000000000000000e+04
2.134000000000000000e+04
1.811000000000000000e+04
2.104000000000000000e+04
1.739000000000000000e+04
1.553000000000000000e+04
1.729000000000000000e+04
1.419000000000000000e+04
1.442000000000000000e+04
1.421000000000000000e+04
1.407000000000000000e+04
1.311000000000000000e+04
1.271000000000000000e+04
1.751000000000000000e+04
1.745000000000000000e+04
1.564000000000000000e+04
2.294000000000000000e+04
2.251000000000000000e+04
2.062000000000000000e+04
2.321000000000000000e+04
1.266000000000000000e+04
1.767000000000000000e+04
1.459000000000000000e+04
1.972000000000000000e+04
2.077000000000000000e+04
1.246000000000000000e+04
2.061000000000000000e+04
2.399000000000000000e+04
2.002000000000000000e+04
1.750000000000000000e+04
2.388000000000000000e+04
1.951000000000000000e+04
1.770000000000000000e+04
1.255000000000000000e+04
1.410000000000000000e+04
1.442000000000000000e+04
1.266000000000000000e+04
1.423000000000000000e+04
1.860000000000000000e+04
1.755000000000000000e+04
2.700000000000000000e+04
1.449000000000000000e+04
1.380000000000000000e+04
1.349000000000000000e+04
2.314000000000000000e+04
2.078000000000000000e+04
1.856000000000000000e+04
2.030000000000000000e+04
1.558000000000000000e+04
1.593000000000000000e+04
1.497000000000000000e+04
1.715000000000000000e+04
2.673000000000000000e+04
1.836000000000000000e+04
1.749000000000000000e+04
1.228000000000000000e+04
1.393000000000000000e+04
1.075000000000000000e+04
1.058000000000000000e+04
2.538000000000000000e+04
1.812000000000000000e+04
2.083000000000000000e+04
1.429000000000000000e+04
1.094000000000000000e+04
1.500000000000000000e+04
1.803000000000000000e+04
1.857000000000000000e+04
2.808000000000000000e+04
1.265000000000000000e+04
1.688000000000000000e+04
2.003000000000000000e+04
1.768000000000000000e+04
2.049000000000000000e+04
1.797000000000000000e+04
2.054000000000000000e+04
1.526000000000000000e+04
1.710000000000000000e+04
1.483000000000000000e+04
1.370000000000000000e+04
1.335000000000000000e+04
1.318000000000000000e+04
1.566000000000000000e+04
1.848000000000000000e+04
2.091000000000000000e+04
1.589000000000000000e+04
1.908000000000000000e+04
1.781000000000000000e+04
1.758000000000000000e+04
2.394000000000000000e+04
2.782000000000000000e+04
2.076000000000000000e+04
2.671000000000000000e+04
2.728000000000000000e+04
1.553000000000000000e+04
1.492000000000000000e+04
2.216000000000000000e+04
1.752000000000000000e+04
1.740000000000000000e+04
1.524000000000000000e+04
1.749000000000000000e+04
1.247000000000000000e+04
1.395000000000000000e+04
1.258000000000000000e+04
2.004000000000000000e+04
1.505000000000000000e+04
2.394000000000000000e+04
2.432000000000000000e+04
2.097000000000000000e+04
1.722000000000000000e+04
1.787000000000000000e+04
1.068000000000000000e+04
2.657000000000000000e+04
1.744000000000000000e+04
1.759000000000000000e+04
1.805000000000000000e+04
2.456000000000000000e+04
1.531000000000000000e+04
1.268000000000000000e+04
1.813000000000000000e+04
2.049000000000000000e+04
2.132000000000000000e+04
2.126000000000000000e+04
1.826000000000000000e+04
1.994000000000000000e+04
3.103000000000000000e+04
1.802000000000000000e+04
1.527000000000000000e+04
1.307000000000000000e+04
1.803000000000000000e+04
1.808000000000000000e+04
2.122000000000000000e+04
1.839000000000000000e+04
1.572000000000000000e+04
1.836000000000000000e+04
2.106000000000000000e+04
1.755000000000000000e+04
1.231000000000000000e+04
1.444000000000000000e+04
1.261000000000000000e+04
1.781000000000000000e+04
2.063000000000000000e+04
2.089000000000000000e+04
1.588000000000000000e+04
1.978000000000000000e+04
1.951000000000000000e+04
1.529000000000000000e+04
2.365000000000000000e+04
1.421000000000000000e+04
1.752000000000000000e+04
2.023000000000000000e+04
1.935000000000000000e+04
1.227000000000000000e+04
1.494000000000000000e+04
1.100000000000000000e+04
1.767000000000000000e+04
1.475000000000000000e+04
2.066000000000000000e+04
2.234000000000000000e+04
2.045000000000000000e+04
1.307000000000000000e+04
1.616000000000000000e+04
1.597000000000000000e+04
1.796000000000000000e+04
3.680000000000000000e+04
1.232000000000000000e+04
2.312000000000000000e+04
1.306000000000000000e+04
1.414000000000000000e+04
2.108000000000000000e+04
1.734000000000000000e+04
1.744000000000000000e+04
1.583000000000000000e+04
1.425000000000000000e+04
1.257000000000000000e+04
1.771000000000000000e+04
2.415000000000000000e+04
2.112000000000000000e+04
1.252000000000000000e+04
1.874000000000000000e+04
1.255000000000000000e+04
2.371000000000000000e+04
1.768000000000000000e+04
1.496000000000000000e+04
2.449000000000000000e+04
1.681000000000000000e+04
1.528000000000000000e+04
1.770000000000000000e+04
2.635000000000000000e+04
1.472000000000000000e+04
1.774000000000000000e+04
1.544000000000000000e+04
1.526000000000000000e+04
1.445000000000000000e+04
1.435000000000000000e+04
1.860000000000000000e+04
2.392000000000000000e+04
2.047000000000000000e+04
1.429000000000000000e+04
2.082000000000000000e+04
1.683000000000000000e+04
1.540000000000000000e+04
1.738000000000000000e+04
1.275000000000000000e+04
1.242000000000000000e+04
1.750000000000000000e+04
1.689000000000000000e+04
2.331000000000000000e+04
1.993000000000000000e+04
1.287000000000000000e+04
1.727000000000000000e+04
2.090000000000000000e+04
1.275000000000000000e+04
2.451000000000000000e+04
1.455000000000000000e+04
1.398000000000000000e+04
2.243000000000000000e+04
2.768000000000000000e+04
1.431000000000000000e+04
1.996000000000000000e+04
1.569000000000000000e+04
1.837000000000000000e+04
1.753000000000000000e+04
1.293000000000000000e+04
1.556000000000000000e+04
1.499000000000000000e+04
2.190000000000000000e+04
1.520000000000000000e+04
1.810000000000000000e+04
1.477000000000000000e+04
1.666000000000000000e+04
1.832000000000000000e+04
1.838000000000000000e+04
1.491000000000000000e+04
1.827000000000000000e+04
2.085000000000000000e+04
2.328000000000000000e+04
1.268000000000000000e+04
1.533000000000000000e+04
1.989000000000000000e+04
1.555000000000000000e+04
1.327000000000000000e+04
1.112000000000000000e+04
1.899000000000000000e+04
1.711000000000000000e+04
2.115000000000000000e+04
1.103000000000000000e+04
1.473000000000000000e+04
2.093000000000000000e+04
1.801000000000000000e+04
2.628000000000000000e+04
2.761000000000000000e+04
1.785000000000000000e+04
1.795000000000000000e+04
1.605000000000000000e+04
2.061000000000000000e+04
2.583000000000000000e+04
1.580000000000000000e+04
2.038000000000000000e+04
2.065000000000000000e+04
2.025000000000000000e+04
1.629000000000000000e+04
1.300000000000000000e+04
2.077000000000000000e+04
1.288000000000000000e+04
1.893000000000000000e+04
2.238000000000000000e+04
2.596000000000000000e+04
1.806000000000000000e+04
2.041000000000000000e+04
1.774000000000000000e+04
1.150000000000000000e+04
1.323000000000000000e+04
1.259000000000000000e+04
2.095000000000000000e+04
2.038000000000000000e+04
1.306000000000000000e+04
1.238000000000000000e+04
1.684000000000000000e+04
1.571000000000000000e+04
2.513000000000000000e+04
