931
951
847
1097
860
988
989
944
1028
936
991
964
924
1115
1062
1067
963
984
965
947
949
960
859
918
975
989
882
1043
954
892
1095
926
921
996
1017
951
1005
981
1059
869
1012
870
868
935
899
938
957
845
1082
939
1004
968
1028
904
929
970
1117
970
1065
931
1014
874
927
849
995
979
1040
938
958
947
881
1022
945
926
944
996
915
856
894
991
896
831
1078
915
876
939
954
970
945
829
940
871
952
991
1041
815
952
897
886
943
975
1003
860
949
916
812
898
1015
952
859
928
1014
759
984
901
985
878
887
919
877
1010
1023
938
883
1068
983
936
786
878
832
1007
978
1004
894
1006
1080
1068
1065
1060
864
1101
939
857
1081
941
939
1008
952
913
997
1149
1014
891
918
929
955
946
837
843
960
880
862
839
1023
846
922
977
883
902
883
861
967
910
849
1022
937
1097
1000
821
919
843
1033
838
853
875
926
886
873
934
853
928
846
893
880
957
968
1005
892
988
938
1002
904
899
876
914
965
970
1011
1014
845
895
1022
894
888
969
914
977
963
897
937
892
923
1056
911
955
1016
1160
879
899
853
968
929
860
846
975
862
981
951
867
952
913
843
891
929
930
1046
936
1036
848
959
921
883
853
898
777
976
906
923
956
882
903
939
957
914
944
915
950
931
989
810
781
809
794
991
915
777
901
975
833
905
1047
879
989
1075
877
989
1037
895
921
1007
913
787
984
829
944
976
973
919
962
1002
905
941
1039
916
865
966
895
948
854
997
846
908
961
942
948
931
893
1010
873
889
821
981
807
960
890
903
891
975
966
880
906
859
848
932
905
889
972
859
942
890
893
849
950
862
838
923
1048
989
849
893
925
911
1002
955
886
907
1022
988
978
972
935
886
996
894
933
890
879
955
781
1010
823
988
1032
901
903
926
937
826
973
1011
913
983
905
944
1017
987
968
855
927
941
979
1017
939
936
815
972
952
986
967
947
934
827
898
1024
855
893
954
1005
857
954
920
1038
905
944
804
915
962
952
835
836
917
872
910
925
906
906
898
914
801
943
880
997
858
929
947
979
935
962
935
949
796
907
872
901
893
889
900
990
880
952
860
796
938
1014
974
934
802
899
952
875
970
869
970
785
1036
1010
931
979
1026
880
1006
880
942
1123
906
1011
844
865
871
885
982
883
903
854
1015
958
919
872
853
860
871
889
782
887
1064
894
1009
828
965
795
952
885
920
977
919
955
981
845
967
869
857
854
1165
987
917
913
935
900
966
962
933
821
919
902
835
885
937
859
845
925
859
1007
868
909
953
886
875
994
901
926
872
875
873
928
886
842
843
827
1000
976
894
977
1000
978
991
968
954
924
1011
922
979
901
1030
815
870
905
939
791
736
891
789
863
813
825
947
923
868
824
804
914
813
920
801
901
837
966
866
1030
849
881
897
932
900
966
859
869
1033
910
991
900
920
971
901
896
890
833
889
823
850
916
794
828
886
919
928
886
871
906
853
832
844
901
848
806
903
827
941
855
766
958
900
942
932
1018
844
875
774
931
973
939
842
943
996
940
897
873
977
945
877
1011
956
865
854
855
885
879
876
895
802
894
928
919
915
821
955
903
919
901
1087
808
813
946
936
912
895
898
931
962
798
928
888
1020
859
921
1035
961
883
874
941
964
998
784
875
898
818
885
918
786
981
799
911
924
883
788
886
934
799
883
863
891
932
900
901
940
980
925
1008
877
967
927
887
889
830
947
984
957
907
874
820
893
928
847
919
884
842
917
827
860
889
976
919
833
840
893
882
845
945
868
787
931
921
803
835
905
848
800
879
900
877
880
900
989
800
902
960
954
830
893
913
851
884
897
901
822
974
944
900
915
848
926
897
844
1007
886
914
916
925
819
987
950
868
894
930
929
927
800
936
849
803
883
829
944
974
937
895
836
918
905
865
773
900
927
956
848
927
911
892
923
867
965
887
988
1060
964
887
874
841
816
878
842
861
823
921
940
881
857
889
875
893
834
759
876
848
856
855
879
746
947
812
840
974
939
901
889
859
836
957
871
838
883
904
918
786
870
901
1009
809
942
926
871
979
843
890
816
915
895
912
904
834
887
795
893
896
974
943
915
822
919
808
849
859
966
837
834
808
889
926
923
893
923
870
936
809
907
871
929
953
967
821
829
958
810
929
811
915
925
931
963
909
821
842
851
863
914
898
984
845
825
834
964
826
871
914
939
883
893
902
901
973
873
988
907
978
887
857
917
902
901
846
942
970
875
862
877
819
859
1025
823
856
851
870
885
868
938
904
884
917
920
855
806
883
883
924
924
917
909
869
846
1011
822
994
862
774
1013
843
797
824
891
973
857
905
852
868
898
878
893
966
877
874
911
