1669
1740
1594
1747
1788
1583
1589
1605
1590
1715
1700
1548
1768
1674
1707
1513
1508
1512
1540
1600
1676
1621
1672
1666
1482
1564
1705
1565
1718
1533
1778
1794
1659
1704
1606
1497
1740
1467
1542
1550
1545
1604
1556
1552
1317
1711
1599
1886
1470
1783
1692
1736
1633
1767
1693
1823
1824
1758
1732
1513
1808
1701
1679
1558
1836
1740
1564
1947
1456
1657
1750
1589
1544
1588
1746
1584
1566
1651
1622
1501
1708
1700
1458
1589
1701
1741
1617
1477
1778
1724
1722
1705
1635
1554
1608
1646
1599
1888
1552
1678
1884
1806
1595
1643
1667
1464
1624
1592
1591
1995
1699
1564
1838
1640
1668
1472
1604
1683
1672
1697
1789
1688
1693
1822
1536
1749
1592
1999
1712
1444
1610
1621
1815
1467
1632
1503
1772
1839
1537
1473
1521
1649
1722
1728
1603
1654
1612
1636
1517
1541
1743
1761
1490
1760
1844
1541
1678
1820
1735
1663
1656
1635
1783
1714
1571
1574
1416
1733
1606
1603
1555
1771
1863
1615
1578
1724
1872
1591
1716
1543
1743
1728
1786
1807
1930
1641
1638
1498
1794
1538
1766
1608
1820
1741
1457
1492
1921
1536
1566
1701
1499
1696
1584
1994
1714
1705
1772
1464
1651
1733
1611
1817
1768
1588
1712
1536
1642
1908
1713
1528
1754
1724
1792
1528
1729
1759
1774
1669
1640
1705
1602
1482
1584
1561
1675
1529
1638
1614
1609
1537
1481
1744
1834
1784
1894
1774
1917
1479
1605
1568
1449
1857
1509
1895
1831
1657
1483
1544
1620
1757
1437
1715
1671
1554
1854
1800
1584
1740
1762
1780
1540
1644
1875
1787
1432
1560
1692
1611
1722
1726
1545
1482
1730
1562
1606
1447
1637
1501
1740
1547
1681
1640
1879
1566
1525
1491
1740
1740
1533
1664
1470
1744
1625
1579
1597
1656
2018
1828
1480
1643
1449
1643
1510
1642
1818
1748
1548
1599
1535
1744
1430
1788
1577
1581
1739
1907
1697
1630
1614
1685
1495
1619
1596
1661
1801
1584
1363
1597
1561
1664
1725
1782
1703
1558
1664
1498
1479
1503
1455
1675
1477
1648
1499
1916
1614
1705
1574
1596
1554
1588
1571
1575
1504
1714
1682
1734
1565
1501
1626
1678
1646
1538
1725
1531
1734
1533
1673
1708
1701
1566
1771
1554
1618
1608
1796
1496
1807
1637
1772
1750
1832
1807
1473
1624
1555
1749
1797
1705
1612
1689
1725
1766
1765
1783
1803
1643
1791
1639
1728
1713
1640
1635
1392
1529
1534
1590
1765
1715
1741
1612
1708
1590
1702
1568
1745
1541
1659
1609
1589
1694
1597
1477
1880
1417
1699
1777
1635
1579
1781
1621
1763
1614
1534
1672
1635
1684
1654
1534
1451
1873
1456
1495
1512
1516
1868
1628
1565
1782
1663
1656
1651
1539
1929
1833
1718
1619
1629
1769
1863
1690
1608
1705
1647
1340
1856
1761
1580
1729
1726
1601
1893
1481
1583
1547
1472
1531
1664
1752
1675
1558
1746
1525
1425
1579
1752
1683
1513
1661
1616
1503
1600
1926
1653
1824
1588
1734
1582
1731
1618
1504
1763
1593
1610
1684
1665
1649
1691
1574
1644
1638
1529
1648
1722
1754
1637
1448
1613
1780
1798
1597
1602
1574
1514
1607
1654
1647
1560
1698
1571
1550
1875
1689
1718
1487
1578
1706
1369
1650
1705
1739
1603
1619
1479
1585
1492
1519
1724
1521
1812
1636
1517
1572
1631
1724
1880
1626
1544
1752
1797
1888
1455
1517
1596
1480
1780
1726
1610
1569
1790
1606
1648
1840
1695
1594
1671
1717
1652
1636
1695
1540
1706
1666
1687
1616
1698
1764
1602
1686
1621
1567
1726
1677
1807
1811
1861
1463
1479
1677
1721
1612
1724
1787
1825
1579
1496
1708
1707
1397
1498
1734
1656
1636
1646
1485
1641
1515
1514
1676
1751
1523
1511
1789
1489
1761
1601
1543
1649
1650
1562
1501
1435
1531
1659
1638
1540
1490
1525
1765
1750
1715
1774
1563
1561
1635
1595
1749
1598
1670
1778
1572
1561
1511
1677
1830
1697
1703
1605
1525
1696
1597
1677
1403
1573
1679
1815
1820
1662
1610
1654
1494
1590
1696
1853
1563
1620
1786
1695
1669
1414
1571
1447
1682
1563
1752
1516
1752
1731
1660
1765
1741
1743
1843
1592
1659
1635
1571
1675
1737
1512
1771
1696
1600
1584
1882
1527
1574
1557
1490
1589
1695
1650
1585
1720
1608
1876
1532
1732
1938
1511
1593
1815
1510
1685
1719
1828
1699
1460
1599
1543
1557
1603
1823
1582
1614
1765
1786
1682
1518
1494
1623
1663
1641
1618
1599
1639
1559
1630
1605
1612
1587
1662
1700
1400
1662
1689
1827
1523
1556
1558
1545
1866
1570
1737
1597
1761
1824
1734
1654
1715
1722
1521
1888
1689
1602
1792
1645
1545
1640
1510
1617
1898
1598
1584
1684
1627
1638
1601
1549
1545
1505
1678
1772
1575
1642
1540
1483
1564
1839
1773
1819
1547
1455
1594
1601
1686
1708
1793
1672
1616
1463
1658
1683
1538
1747
1402
1828
1515
1697
1568
1650
1531
1470
1538
1626
1583
1608
1440
1549
1510
1466
1696
1583
1635
1508
1500
1574
1548
1484
1525
1523
1456
1524
1620
1751
1619
1688
1526
1728
1680
1617
1582
1629
1398
1575
1629
1663
1710
1758
1745
1513
1481
1611
1474
1620
1698
1695
1586
1670
1762
1660
1765
1655
1675
1695
1684
1522
1697
1606
1786
1580
1562
1434
1628
1464
1543
1721
1493
1710
1690
1469
1712
1769
1561
1461
1839
1630
1474
1539
1883
1669
1640
1686
1458
1488
1679
1719
1498
1707
1529
1622
1631
1708
1565
1582
1561
1414
1599
1686
1761
1727
1719
1612
1699
1878
1434
1625
1755
1717
1585
1516
1405
1646
1640
1750
1708
1483
1597
1723
1802
1790
1674
1514
1511
1573
1548
1562
1500
1660
1489
1724
1691
1495
1748
1686
1696
1461
1631
1709
1686
1440
1491
1674
1620
1684
1493
1544
1758
1493
1700
1630
1670
1652
1431
1638
1688
1665
1901
1531
1725
1567
1678
1627
1620
1618
1684
1626
1424
1743
1572
1823
1456
1906
1799
1563
1565
1664
1638
1855
1578
1754
1676
1791
1667
1487
1710
1543
1718
1788
1464
1485
1678
1588
1740
1595
1764
1445
1466
1587
1656
1659
1521
1629
1351
1796
1605
1608
1509
1572
1748
1556
1590
1599
1540
1754
1532
1752
1587
1634
1766
1895
1546
1710
1547
1550
1586
1679
1440
1682
1812
1461
1608
1629
1647
1506
1515
1632
1709
1656
1753
1709
1601
1527
1458
1815
1717
1730
1499
1746
1816
1498
1687
1533
1605
1642
1465
1446
1479
1678
1789
1389
1718
1631
1472
1572
1561
1416
1562
1525
1551
1513
1756
1589
1539
1600
1652
1623
1701
1569
1467
1718
1646
1558
1510
1673
1792
1660
1661
1459
1696
1758
1935
1477
1607
1575
1517
1535
1918
1789
1468
1410
1595
1541
1595
1564
1438
1700
1635
1367
1622
1442
1650
1846
1584
1674
1696
1631
1468
1631
1496
1535
1429
1395
1765
1730
1705
1604
1506
1643
1599
1788
1515
1916
1610
1551
1798
1611
1802
1582
1714
1602
1612
1623
1634
1573
1615
1666
1659
1712
1627
1469
1767
1526
1485
1604
1707
1510
1365
1520
1494
1391
1635
1425
1726
1540
1528
1650
1735
1565
1797
1497
1655
1704
1627
1637
1632
1768
1528
1712
1707
1406
1549
1636
1591
1791
1606
1670
1486
1615
1774
1628
1651
1810
1779
1542
1550
1588
1686
1697
1496
1793
1711
1613
1632
1542
1511
1563
1587
1657
1573
1662
1719
1559
1475
1650
1482
1847
1551
1693
1448
1644
1638
1655
1730
1833
1602
1657
1476
1711
1830
1633
1556
1600
1603
1833
1538
1794
1702
1589
1592
1616
1656
1733
1567
1401
1551
1714
1561
1568
1678
1563
1879
1483
1640
1510
1458
1520
1628
1516
1574
1588
1407
1343
1497
1852
1632
1461
1541
1498
1701
1326
1644
1547
1615
1637
1648
1723
1541
1431
1575
1675
1593
1677
1601
1853
1615
1637
1826
1460
1685
1749
1705
1624
1558
1704
1561
1571
1543
1496
1660
1741
1714
1637
1584
1578
1481
1637
1673
1579
1453
1715
1531
1578
1760
1687
1716
1636
1569
1561
1920
1537
1841
1473
1583
1803
1543
1668
1757
1574
1947
1549
1555
1461
1469
1623
1512
1660
1563
1568
1563
1665
1835
1569
1745
1477
1838
1601
1647
1591
1516
1536
1492
1579
1460
1335
1579
1713
1651
1667
1738
1359
1424
1544
1668
1736
1402
1535
1776
1776
1601
1702
1611
1486
1553
1706
1508
1659
1761
1485
1521
1559
1464
1433
1743
1706
1684
1594
1466
1590
1918
1522
1444
1628
1731
1642
1573
1649
1830
1586
1684
1660
1539
1520
1544
1867
1656
1706
1544
1608
1525
1610
1682
1645
1694
1366
1484
1682
1880
1548
1716
1763
1692
1502
1640
1742
1387
1621
1505
1693
1442
1664
1487
1570
1553
1575
1635
1626
1547
1689
1333
1662
1403
1468
1729
1774
1598
1461
1611
1653
1604
1939
1699
1646
1433
1502
1506
1790
1570
1624
1672
1405
1653
1618
1514
1545
1559
1563
1615
1662
1480
1585
1515
1617
1773
1642
1582
1659
1633
1730
1617
1848
1664
1591
1596
1756
1621
1754
1753
1421
1588
1734
1489
1537
1645
1668
1619
1647
1675
1598
1604
1665
1605
1658
1598
1650
1767
1663
1813
1581
1465
1605
1610
1755
1739
1765
1828
1736
1637
1573
1467
1529
1553
1579
1625
1424
1647
1657
1765
1610
1671
1677
1403
1691
1861
1602
1628
1487
1723
1722
1587
1771
1555
1576
1489
1638
1290
1617
1465
1528
1747
1457
1624
1587
1691
1450
1436
1590
1540
1604
1675
1976
1486
1608
1476
1539
1538
1522
1638
1596
1591
1482
1640
1672
1501
1706
1542
1651
1508
1588
1554
1473
1749
1502
1407
1570
1501
1805
1630
1479
1646
1572
1592
1704
1569
1556
1680
1580
1610
1766
1525
1559
1604
1497
1675
1498
1667
1377
1526
1734
1740
1549
1531
1559
1417
1525
1697
1425
1602
1658
1713
1648
1486
1455
1640
1516
1377
1630
1556
1545
1533
1460
1597
1556
1426
1519
1535
1608
1631
1609
1573
1572
1756
1627
1748
1532
1569
1570
1812
1818
1638
1612
1731
1695
1765
1654
1659
1730
1565
1497
1777
1537
1507
1520
1831
1562
1543
1597
1534
1517
1623
1578
1758
1541
1546
1723
1588
1700
1489
1568
1572
1511
1719
1526
1495
1755
1703
1541
1803
1575
1724
1563
1740
1654
1595
1599
1547
1737
1448
1558
1558
1624
1567
1566
1661
1534
1698
1782
1679
1542
1542
1458
1715
1702
1649
1602
1679
1631
1639
1539
1474
1607
1517
1672
1375
1654
1509
1553
1593
1592
1650
1520
1496
1536
1535
1461
1655
1590
1543
1770
1534
1542
1536
1424
1529
1500
1682
1661
1519
1524
1658
1651
1688
1619
1647
1582
1484
1504
1612
1517
1533
1625
1714
1666
1511
1555
1584
1655
1460
1613
1504
1744
1559
1577
1550
1647
1617
1591
1729
1543
1476
1545
1682
1777
1502
1465
1721
1565
1696
1575
1720
1683
1776
1475
1507
1564
1580
1575
1520
1712
1561
1495
1451
1723
1573
1773
1486
1733
1646
1680
1576
1595
1629
1450
1727
1677
1643
1749
1663
1720
1628
1538
1563
1553
1686
1634
1718
1768
1613
1658
1668
1752
1532
1656
1592
1461
1769
1705
1651
1662
1609
1559
1636
1580
1731
1405
1477
1695
1680
1557
1697
1628
1612
1688
1640
1667
1557
1380
1804
1672
1504
1618
1645
1494
1707
1521
1906
1749
1465
1656
1636
1786
1752
1316
1669
1750
1581
1892
1566
1795
1577
1774
1748
1791
1565
1706
1532
1665
1610
1457
1592
1575
1725
1578
1740
1646
1874
1849
1600
1713
1497
1542
1575
1497
1504
1828
1725
1614
1606
1709
1609
1571
1581
1566
1757
1516
1452
1738
1735
1527
1851
1648
1583
1632
1614
1624
1425
1797
1714
1498
1645
1750
1558
1572
1510
1489
1592
1764
1394
1669
1337
1548
1553
1739
1451
1698
1665
1676
1631
1705
1572
1549
1500
1509
1475
1550
1856
1358
1556
1701
1630
1642
1628
1731
1529
1592
1649
1641
1452
1567
1436
1614
1749
1603
1513
1871
1574
1381
1778
1570
1630
1416
1509
1461
1741
1492
1550
1643
1548
1719
1528
1581
1557
1729
1453
1717
1522
1407
1318
1354
1642
1522
1637
1617
1719
1752
1665
1497
1571
1543
1509
1655
1634
1675
1574
1740
1873
1465
1640
1737
1675
1558
1655
1641
1802
1599
1527
1699
1371
1621
1584
1516
1592
1676
1637
1528
1515
1498
1477
1769
1806
1597
1475
1593
1687
1610
1516
1807
1739
1446
1588
1675
1568
1622
1621
1580
1571
1499
1757
1780
1431
1757
1593
1542
1610
1551
1604
1720
1894
1549
1570
1775
1701
1651
1636
1440
1582
1719
1488
1498
1547
1440
1620
1527
1620
1401
1611
1701
1736
1738
1658
1788
1460
1676
1554
1599
1727
1545
1569
1663
1556
1624
1665
1541
1762
1628
1669
1688
1621
1792
1462
1586
1765
1729
1558
1520
1630
1634
1640
1520
1703
1643
1572
1539
1666
1526
1584
1647
1649
1641
1625
1756
1562
1744
1407
1456
1693
1644
1854
1535
1512
1615
1503
1656
1837
1746
1789
1521
1699
1480
1599
1635
1707
1803
1330
1530
1514
1745
1529
1761
1639
1677
1600
1729
1436
1847
1580
1760
1585
1728
1352
1619
1506
1634
1931
1377
1553
1478
1474
1520
1576
1592
1603
1599
1492
1724
1647
1544
1729
1788
1591
1460
1823
1425
1744
1594
1694
1713
1489
1493
1554
1500
1625
1523
1669
1731
1545
1456
1603
1484
1550
1748
1693
1542
1554
1528
1518
1716
1658
1559
1439
1574
1672
1601
1602
1687
1465
1472
1580
1714
1585
1568
1485
1633
1652
1373
1698
1712
1766
1660
1482
1582
1575
1638
1740
1468
1554
1533
1763
1588
1765
1385
1396
1578
1435
1839
1493
1732
1604
1525
1430
1382
1350
1531
1584
1580
1492
1497
1539
1331
1799
1739
1600
1637
1565
1845
1805
1570
1624
1655
1452
1599
1643
1570
1650
1552
1599
1620
1468
1692
1670
1602
1588
1727
1786
1474
1503
1375
1826
1647
1384
1518
1605
1758
1601
1531
1554
1717
1722
1513
1713
1647
1738
1625
1770
1500
1622
1536
1681
1560
1689
1644
1450
1684
1561
1665
1453
1761
1695
1467
1493
1976
1389
1558
1626
1604
1591
1685
1564
1473
1602
1597
1804
1457
1565
1540
1726
1542
1762
1726
1610
1669
1501
1645
1645
1724
1462
1309
1510
1671
1731
1586
1511
1527
1764
1407
1448
1634
1678
1517
1554
1706
1571
1625
1576
1515
1447
1517
1586
1685
1663
1474
1511
1534
1573
1506
1678
1614
1587
1644
1772
1518
1715
1653
1544
1602
1517
1724
1566
1684
1528
1411
1443
1488
1800
1601
1379
1545
1819
1831
1477
1985
1562
1438
1532
1583
1408
1590
1491
1638
1687
1522
1328
1653
1569
1594
1414
1556
1545
1457
1631
1630
1540
1705
1540
1506
1567
1614
1569
1591
1466
1467
1427
1676
1553
1493
1705
1597
1659
1517
1665
1765
1646
1594
1583
1650
1598
1649
1566
1633
1553
1708
1690
1516
1650
1578
1636
1637
1768
1563
1695
1697
1739
1826
1601
1559
1625
1766
1545
1663
1509
1450
1325
1464
1520
1376
1647
1481
1429
1482
1580
1701
1420
1618
1793
1712
1567
1609
1490
1491
1550
1499
1577
1645
1677
1677
1544
1579
1510
1614
1434
1667
1691
1735
1749
1621
1592
1815
1786
1877
1705
1666
1732
1536
1754
1518
1658
1969
1767
1466
1553
1669
1732
1824
1497
1634
1854
1683
1566
1536
1393
1855
1450
1503
1631
1543
1663
1354
1472
1448
1571
1508
1561
1406
1537
1543
1552
1498
1332
1606
1495
1538
1555
1664
1526
1563
1674
1618
1587
1470
1714
1701
1514
1734
1522
1483
1455
1869
1607
1497
1828
1505
1797
1922
1638
1609
1611
1597
1707
1973
1507
1512
1501
1462
1800
1998
1746
1705
1592
1822
1502
1461
1618
1549
1331
1554
1367
1601
1598
1655
1613
1917
1641
1732
1669
1687
1704
1598
1507
1595
1683
1503
1464
1673
1501
1477
1662
1655
1732
1562
1658
1759
1793
1546
1461
1546
1498
1758
1833
1679
1555
1526
1574
1539
1482
1664
1637
1778
1432
1518
1801
1689
1831
1609
1575
1595
1604
1539
1565
1690
1657
1555
1389
1707
1594
1623
1468
1553
1648
1557
1531
1506
1635
1740
1609
1518
1840
1549
1631
1582
1481
1684
1472
1753
1605
1661
1537
1511
1779
1647
1518
1530
1454
1564
1639
1530
1719
1508
1493
1636
1585
1824
1533
1624
1536
1397
1546
1723
1702
1653
1700
1708
1438
1537
1551
1742
1558
1512
1523
1864
1708
1560
1639
1700
1621
1521
1507
1734
1500
1390
1618
1493
1587
1500
1596
1524
1849
1516
1716
1790
1452
1365
1571
1742
1582
1611
1391
1744
1499
1772
1532
1525
1706
1463
1653
1786
1488
1704
1842
1614
1785
1501
1560
1292
1863
1694
1379
1449
1668
1683
1690
1550
1593
1843
1618
1741
1557
1590
1622
1539
1594
1650
1574
1525
1572
1714
1633
1475
1721
1611
1516
1637
1451
1503
1638
1757
1585
1610
1853
1735
1465
1474
1719
1687
1684
1731
1383
1804
1480
1506
1603
1606
1509
1486
1546
1527
1550
1554
1670
1523
1667
1709
1779
1491
1690
1625
1690
1576
1669
1577
1684
1599
1666
1406
1570
1523
1509
1419
1586
1758
1531
1689
1606
1684
1501
1645
1826
1531
1728
1637
1599
1577
1510
1541
1504
1425
1569
1832
1563
1553
1685
1778
1835
1655
1496
1437
1552
1850
1609
1630
1760
1558
1630
1484
1562
1597
1580
1421
1539
1523
1666
1659
1607
1600
1542
1458
1583
1578
1428
1454
1733
1535
1479
1728
1530
1622
1790
1492
1695
1550
1494
1651
1571
1590
1545
1592
1517
1547
1544
1550
1797
1717
1580
1460
1705
1654
1570
1549
1739
1551
1585
1702
1877
1670
1832
1485
1430
1564
1706
1569
1592
1608
1365
1539
1689
1676
1508
1630
1448
1799
1531
1421
1513
1553
1566
1643
1576
1475
1595
1499
1521
1522
1590
1484
1484
1548
1478
1580
1730
1477
1513
1462
1738
1654
1614
1750
1678
1543
1676
1663
1825
1519
1643
1343
1496
1756
1618
1565
1661
1470
1679
1572
1665
1592
1569
1595
1549
1663
1553
1484
1723
1701
1563
1601
1758
1597
1693
1699
1544
1750
1763
1638
1588
1490
1578
1496
1651
1552
1667
1498
1586
1664
1705
1590
1308
1426
1570
1547
1723
1611
1593
1529
1686
1791
1647
1438
1571
1312
1613
1690
1551
1766
1403
1541
1648
1365
1590
1632
1620
1547
1446
1564
1663
1434
1587
1672
1745
1482
1575
1567
1480
1634
1458
1593
1592
1558
1614
1636
1586
1429
1663
1555
1548
1528
1606
1663
1562
1524
1606
1570
1677
1442
1565
1576
1542
1525
1581
1469
1516
1582
1532
1434
1590
1474
1601
1653
1536
1573
1649
1634
1715
1689
1607
1785
1619
1614
1486
1675
1646
1529
1709
1600
1607
1696
1618
1572
1561
1642
1486
1633
1585
1648
1627
1460
1603
1517
1716
1874
1900
1593
1668
1651
1504
1698
1767
1553
1518
1604
1934
1700
1606
1566
1531
1578
1642
1616
1604
1707
1885
1630
1654
1631
1518
1574
1495
1465
1507
1618
1639
1646
1500
1613
1501
1639
1646
1706
1630
1424
1494
1672
1529
1522
1600
1620
1593
1560
1668
1594
1565
1720
1441
1441
1567
1623
1666
1475
1549
1597
1463
1702
1550
1554
1638
1471
1700
1750
1432
1556
1746
1532
1522
1579
1593
2027
1662
1612
1726
1691
1664
1730
1354
1695
1709
1529
1683
1562
1549
1600
1677
1477
1492
1457
1388
1542
1544
1750
1678
1637
1522
1573
1610
1518
1522
1522
1370
1317
1676
1548
1609
1565
1655
1480
1627
1557
1623
1516
1863
1504
1782
1606
1725
1687
1479
1601
1591
1629
1470
1435
1589
1576
1767
1749
1539
1678
1644
1687
1519
1591
1691
1699
1557
1551
1682
1605
1471
1445
1625
1610
1388
1573
1685
1437
1683
1641
1540
1603
1722
1482
1624
1509
1719
1626
1559
1564
1637
1553
1553
1703
1795
1521
1624
1727
1589
1413
1563
1641
1649
1642
1427
1691
1593
1567
1432
1689
1714
1492
1634
1531
1554
1450
1606
1469
1521
1987
1587
1607
1439
1522
1741
1650
1609
1517
1596
1803
1708
1677
1529
1456
1700
1643
1688
1653
1623
1795
1710
1477
1601
1690
1474
1666
1445
1843
1703
1601
1635
1844
1588
1306
1596
1484
1373
1616
1657
1516
1527
1746
1531
1472
1639
1570
1505
1765
1738
1555
1593
1640
1735
1542
1380
1769
1545
1622
1735
1522
1579
1619
1649
1661
1757
1387
1450
1685
1396
1636
1644
1670
1580
1721
1655
1547
1953
1705
1489
1635
1703
1727
1724
1569
1558
1596
1385
1498
1417
1770
1786
1630
1622
1491
1758
1652
1637
1662
1548
1422
1611
1538
1532
1567
1618
1580
1649
1798
1550
1730
1578
1783
1572
1475
1612
1638
1630
1523
1461
1532
1625
1695
1601
1692
1547
1455
1691
1525
1519
1569
1542
1757
1612
1662
1746
1667
1757
1445
1628
1453
1503
1451
1526
1844
1638
1518
1760
1504
1421
1737
1642
1680
1710
1766
1565
1548
1718
1546
1512
1584
1694
1756
1541
1618
1498
1569
1563
1775
1793
1578
1624
1500
1761
1512
1549
1536
1758
1541
1729
1506
1598
1443
1778
1464
1338
1703
1868
1541
1561
1538
1531
1444
1577
1497
1577
1650
1416
1730
1633
1697
1604
1631
1677
1502
1555
1708
1536
1509
1678
1373
1510
1639
1430
1666
1529
1607
1479
1685
1516
1612
1500
1752
1491
1506
1476
1479
1488
1565
1608
1574
1647
1542
1516
1756
1524
1549
1508
1844
1624
1583
1816
1669
1744
1567
1470
1733
1524
1442
1728
1611
1470
1474
1539
1801
1510
1841
1616
1473
1504
1684
1500
1689
1469
1499
1542
1436
1499
1468
1470
1811
1559
1587
1806
1715
1363
1525
1613
1523
1478
1560
1615
1648
1323
1539
1847
1564
1646
1715
1565
1542
1641
1535
1731
1619
1481
1609
1624
1697
1731
1874
1696
1509
1752
1556
1483
1557
1475
1367
1375
1739
1678
1690
1465
1614
1566
1628
1537
1612
1668
1474
1615
1737
1549
1610
1783
1513
1810
1617
1569
1715
1718
1586
1575
1563
1813
1543
1513
1476
1626
1646
1426
1551
1705
1453
1619
1599
1551
1686
1643
1656
1481
1592
1546
1681
1495
1667
1723
1615
1743
1539
1584
1535
1767
1777
1457
1576
1581
1732
1679
1544
1529
1816
1821
1711
1557
1589
1537
1430
1689
1662
1664
1537
1672
1689
1529
1535
1432
1644
1810
1699
1672
1538
1529
1809
1587
1660
1561
1844
1617
1676
1712
1395
1551
1645
1718
1432
1743
1583
1534
1602
1648
1506
1549
1482
1465
1715
1528
1678
1652
1629
1552
1650
1440
1546
1772
1674
1615
1505
1488
1379
1657
1763
1481
1771
1499
1715
1525
1463
1609
1755
1593
1598
1609
1648
1522
1575
1670
1480
1629
1496
1652
1504
1521
1432
1679
1493
1714
1716
1554
1491
1376
1664
1511
1603
1522
1571
1504
1638
1689
1587
1604
1579
1596
1585
1625
1677
1535
1539
1644
1609
1682
1536
1642
1526
1516
1441
1526
1676
1717
1537
1853
1626
1722
1355
1663
1690
1549
1475
1531
1751
1590
1554
1651
1494
1459
1639
1567
1569
1546
1703
1668
1531
1489
1603
1512
1657
1747
1609
1783
1515
1634
1574
1540
1600
1683
1630
1523
1560
1717
1532
1686
1576
1740
1506
1459
1774
1637
1554
1689
1544
1456
1516
1897
1649
1518
1611
1660
1564
1437
1644
1499
1517
1598
1709
1636
1739
1651
1589
1555
1594
1479
1583
1630
1628
1479
1563
1530
1589
1556
1506
1746
1526
1614
1618
1523
1565
1453
1479
1769
1460
1581
1714
1687
1554
1444
1641
1856
1523
1597
1673
1423
1613
1486
1585
1698
1654
1429
1525
1520
1473
1508
1624
1509
1528
1511
1569
1493
1634
1498
1641
1653
1508
1772
1521
1785
1672
1497
1553
1655
1550
1631
1663
1545
1445
1601
1407
1704
1551
1506
1427
1632
1657
1715
1559
1619
1728
1735
1544
1749
1751
1711
1598
1864
1678
1629
1758
1599
1647
1570
1397
1440
1631
1686
1668
1498
1510
1679
1602
1482
1444
1441
1722
1540
1560
1463
1667
1658
1710
1533
1774
1449
1476
1842
1684
1617
1572
1665
1470
1526
1565
1607
1575
1832
1467
1582
1595
1569
1624
1727
1661
1725
1553
1597
1692
1645
1324
1517
1514
1520
1660
1385
1674
1674
1660
1697
1621
1556
1648
1656
1627
1460
1513
1636
1478
1833
1537
1675
1694
1533
1679
1494
1466
1709
1784
1534
1762
1518
1684
1465
1496
1616
1657
1635
1573
1816
1455
1603
1864
1680
1651
1530
1517
1706
1677
1373
1512
1559
1697
1667
1770
1749
1575
1564
1573
1628
1569
1740
1624
1500
1584
1472
1465
1525
1701
1868
1502
1644
1666
1643
1577
1432
1473
1420
1594
1623
1494
1552
1506
1511
1427
1557
1605
1547
1859
1494
1415
1454
1614
1777
1785
1577
1684
1879
1747
1595
1673
1563
1648
1474
1664
1560
1654
1492
1606
1441
1710
1763
1591
1396
1517
1572
1608
1490
1540
1597
1624
1802
1448
1669
1752
1641
1509
1598
1694
1529
1578
1430
1605
1561
1651
1628
1687
1647
1683
1579
1743
1551
1639
1582
1535
1573
1554
1550
1679
1622
1524
1649
1584
1774
1695
1776
1731
1530
1699
1586
1602
1566
1540
1688
1483
1420
1732
1502
1562
1877
1571
1601
1571
1736
1462
1623
1540
1533
1613
1649
1472
1540
1369
1739
1637
1728
1696
1710
1708
1577
1636
1488
1515
1512
1695
1572
1517
1441
1565
1424
1466
1688
1598
1664
1500
1789
1618
1535
1497
1555
1810
1613
1423
1643
1863
1512
1812
1746
1528
1599
1487
1574
1637
1528
1486
1788
1748
1766
1473
1649
1671
1429
1562
1575
1537
1554
1657
1647
1454
1417
1708
1671
1491
1688
1663
1535
1482
1714
1779
1496
1576
1518
1690
1938
1600
1599
1351
1572
1580
1707
1514
1569
1556
1587
1614
1500
1663
1586
1636
1489
1407
1501
1676
1642
1482
1551
1587
1434
1558
1747
1654
1457
1528
1693
1648
1770
1539
1503
1786
1567
1453
1664
1493
1562
1508
1417
1567
1564
1396
1531
1297
1573
1786
1630
1535
1647
1633
1571
1494
1445
1561
1537
1570
1598
1494
1620
1723
1676
1468
1656
1627
1524
1635
1398
1482
1460
1678
1519
1756
1630
1682
1623
1722
1608
1557
1525
1681
1552
1435
1642
1544
1595
1533
1600
1588
1671
1640
1649
1622
1585
1528
1614
1591
1584
1512
1582
1785
1632
1481
1696
1691
1630
1528
1430
1519
1649
1492
1452
1563
1675
1653
1435
1501
1494
1690
1627
1628
1430
1479
1412
1532
1652
1400
1597
1547
1522
1508
1817
1359
1439
1626
1634
1511
1766
1605
1870
1460
1705
1492
1537
1520
1711
1409
1463
1406
1696
1650
1653
1528
1570
1469
1531
1467
1506
1778
1683
1631
1445
1558
1656
1376
1614
1578
1441
1789
1639
1599
1405
1662
1605
1634
1606
1565
1517
1696
1447
1627
1646
1740
1525
1444
1441
1397
1648
1608
1531
1715
1634
1596
1471
1697
1701
1401
1640
1536
1744
1694
1853
1511
1740
1658
1615
1581
1766
1520
1567
1510
1570
1608
1536
1622
1668
1679
1723
1597
1554
1621
1770
1398
1765
1574
1611
1560
1453
1623
1514
1735
1599
1567
1718
1616
1514
1526
1804
1607
1578
1503
1612
1525
1497
1705
1579
1547
1579
1665
1675
1563
1480
1617
1707
1665
1451
1578
1758
1517
1594
1538
1640
1578
1624
1607
1453
1470
1539
1518
1816
1583
1533
1587
1511
1474
1703
1516
1555
1605
1657
1600
1683
1466
1486
1617
1618
1484
1718
1668
1387
1500
1762
1525
1476
1676
1512
1513
1782
1641
1463
1676
1631
1504
1737
1740
1552
1565
1441
1587
1338
1445
1582
1371
1659
1478
1608
1534
1534
1535
1470
1627
1526
1687
1749
1758
1432
1524
1757
1576
1515
1599
1356
1604
1615
1575
1456
1598
1788
1561
1658
1671
1627
1699
1420
1663
1552
1701
1552
1757
1404
1805
1607
1597
1589
1755
1678
1397
1842
1657
1594
1604
1570
1631
1628
1589
1701
1517
1403
1711
1699
1412
1524
1537
1468
1548
1650
1538
1492
1633
1635
1412
1493
1696
1716
1560
1619
1427
1379
1628
1595
1690
1543
1712
1556
1614
1657
1462
1594
1694
1647
1629
1568
1729
1562
1639
1689
1463
1608
1470
1701
1582
1489
1732
1690
1650
1825
1402
1668
1573
1744
1520
1781
1663
1533
1708
1627
1633
1656
1685
1614
1687
1741
1610
1546
1610
1709
1622
1861
1445
1599
1449
1442
1566
1615
1694
1558
1613
1725
1552
1630
1554
1628
1643
1593
1575
1490
1549
1497
1585
1747
1668
1708
1556
1608
1669
1621
1515
1526
1514
1702
1432
1723
1547
1495
1527
1551
1635
1743
1432
1641
1587
1720
1573
1403
1595
1594
1744
1643
1651
1641
1619
1584
1655
1530
1618
1668
1578
1606
1696
1567
1650
1734
1666
1550
1554
1513
1435
1576
1841
1449
1768
1741
1666
1558
1645
1492
1591
1613
1452
1658
1515
1762
1685
1667
1618
1366
1644
1503
1556
1497
1624
1785
1349
1399
1610
1575
1699
1609
1674
1574
1371
1489
1620
1684
1727
1514
1535
1684
1584
1565
1781
1772
1557
1405
1692
1611
1780
1628
1493
1501
1536
1709
1645
1569
1774
1667
1501
1642
1556
1706
1614
1535
1730
1799
1622
1425
1684
1795
1678
1870
1413
1584
1677
1823
1868
1660
1560
1632
1685
1743
1522
1439
1698
1820
1955
1750
1657
1540
1730
1719
1600
1512
1794
1797
1591
1575
1609
1556
1532
1609
1772
1643
1625
1517
1469
1646
1555
1534
1566
1816
1733
1539
1636
1668
1641
1562
1533
1495
1533
1508
1633
1641
1440
1409
1723
1601
1703
1444
1366
1388
1473
1701
1353
1551
1578
1683
1784
1689
1512
1668
1870
1598
1526
1764
1517
1685
1688
1516
1665
1529
1696
1746
1597
1590
1599
1416
1622
1562
1720
1584
1642
1495
1555
1607
1536
1559
1685
1542
1593
1410
1840
1499
1441
1640
1702
1760
1554
1604
1560
1688
1657
1441
1696
1511
1555
1671
1804
1533
1619
1692
1633
1543
1700
1604
1762
1632
1555
1422
1562
1585
1895
1389
1641
1685
1637
1526
1691
1796
1594
1552
1676
1700
1633
1727
1740
1804
1601
1677
1676
1514
1853
1620
1535
1573
1430
1667
1444
1483
1574
1587
1492
1741
1675
1552
1650
1697
1838
1681
1708
1549
1570
1603
1537
1646
1555
1614
1380
1503
1637
1735
1657
1325
1817
1537
1628
1551
1704
1645
1479
1664
1631
1500
1646
1818
1736
1622
1647
1676
1562
1567
1579
1585
1569
1668
1797
1737
1636
1638
1572
1796
1672
1560
1229
1557
1556
1545
1446
1473
1663
1608
1733
1582
1526
1605
1467
1504
1706
1647
1453
1724
1602
1529
1579
1451
1782
1494
1692
1504
1596
1575
1716
1554
1561
1689
1522
1640
1723
1706
1663
1609
1599
1564
1541
1718
1646
1627
1511
1586
1439
1669
1607
1618
1845
1429
1369
1417
1475
1789
1622
1764
1446
1587
1654
1488
1441
1580
1622
1581
1594
1677
1692
1396
1696
1706
1580
1691
1697
1450
1591
1690
1674
1546
1559
1557
1582
1741
1427
1569
1603
1651
1545
1617
1571
1593
1779
1580
1483
1710
1552
1543
1614
1450
1523
1645
1838
1563
1624
1524
1483
1455
1696
1730
1616
1795
1723
1488
1595
1686
1568
1759
1811
1613
1776
1559
1671
1704
1777
1695
1484
1647
1574
1619
1787
1591
1433
1359
1761
1822
1599
1412
1572
1494
1543
1657
1636
1692
1311
1754
1397
1481
1623
1703
1745
1740
1509
1508
1724
1684
1617
1658
1745
1625
1556
1659
1487
1657
1645
1570
1381
1540
1545
1451
1510
1533
1400
1515
1553
1469
1508
1519
1588
1789
1561
1548
1741
1675
1631
1590
1497
1546
1629
1570
1801
1767
1553
1777
1655
1753
1698
1667
1664
1615
1756
1555
1637
1503
1487
1588
1666
1729
1710
1610
1444
1584
1458
1738
1848
1692
1631
1570
1747
1631
1618
1523
1490
1737
1466
1614
1552
1620
1506
1618
1540
1730
1550
1689
1652
1537
1669
1461
1586
1533
1746
1719
1430
1660
1504
1540
1446
1523
1579
1419
1568
1683
1579
1812
1680
1591
1415
1530
1656
1558
1683
1733
1547
1431
1557
1848
1509
1527
1603
1677
1603
1542
1642
1539
1534
1632
1640
1484
1626
1623
1565
1614
1497
1480
1345
1645
1494
1824
1571
1687
1711
1703
1554
1739
1684
1610
1527
1700
1530
1800
1270
1562
1496
1559
1629
1609
1546
1650
1491
1493
1576
1442
1587
1640
1634
1495
1690
1764
1500
1512
1574
1486
1564
1488
1622
1698
1778
1486
1655
1481
1557
1587
1611
1632
1526
1654
1594
1592
1444
1542
1639
1694
1473
1507
1665
1553
1632
1563
1745
1747
1655
1539
1477
1589
1529
1586
1625
1581
1425
1670
1590
1686
1496
1641
1745
1541
1705
1647
1748
1822
1554
1613
1745
1753
2006
1553
1476
1586
1574
1650
1785
1553
1476
1649
1470
1627
1576
1558
1534
1542
1665
1513
1574
1517
1484
1724
1417
1634
1509
1489
1528
1528
1589
1608
1587
1515
1258
1532
1549
1464
1476
1765
1669
1573
1518
1700
1580
1720
1499
1504
1593
1500
1694
1698
1488
1536
1577
1541
1502
1331
1547
1467
1630
1547
1564
1641
1576
1741
1601
1519
1467
1815
1533
1447
1716
1588
1574
1659
1589
1504
1821
1906
1649
1580
1776
1614
1749
1585
1664
1666
1635
1549
1677
1510
1591
1788
1722
1686
1684
1534
1437
1458
1563
1412
1608
1465
1678
1556
1806
1557
1791
1463
1517
1399
1426
1585
1659
1457
1610
1549
1562
1590
1808
1741
1797
1586
1509
1695
1582
1423
1453
1638
1694
1505
1585
1470
1724
1490
1515
1471
1664
1588
1477
1654
1498
1640
1568
1556
1420
1559
1541
1852
1599
1701
1578
1720
1609
1558
1609
1389
1792
1653
1726
1726
1733
1630
1539
1795
1935
1727
1626
1622
1567
1561
1634
1533
1474
1494
1809
1493
1563
1546
1570
1565
1719
1561
1789
1588
1654
1629
1503
1718
1647
1554
1480
1834
1529
1485
1587
1888
1565
1663
1558
1448
1579
1593
1468
1597
1772
1432
1484
1483
1709
1772
1803
1477
1585
1591
1657
1582
1598
1780
1611
1658
1764
1665
1796
1582
1457
1545
1499
1552
1615
1699
1512
1446
1550
1641
1634
1551
1672
1664
1524
1490
1623
1604
1643
1583
1402
1719
1653
1665
1620
1714
1683
1649
1579
1561
1453
1493
1560
1764
1521
1703
1556
1592
1577
1694
1602
1415
1505
1565
1599
1507
1482
1685
1519
1520
1568
1617
1378
1447
1415
1561
1592
1937
1629
1518
1718
1633
1505
1426
1402
1629
1489
1704
1707
1537
1558
1443
1377
1596
1741
1614
1727
1685
1588
1517
1506
1796
1557
1507
1605
1441
1552
1536
1755
1639
1465
1511
1502
1523
1640
1578
1605
1660
1663
1758
1643
1750
1435
1476
1490
1295
1631
1510
1521
1858
1698
1670
1662
1473
1572
1771
1524
1535
1636
1574
1697
1367
1690
1500
1576
1613
1725
1404
1584
1521
1613
1691
1586
1528
1533
1545
1520
1591
1809
1486
1746
1658
1764
1448
1645
1543
1620
1607
1489
1660
1556
1704
1571
1574
1590
1543
1629
1527
1681
1419
1432
1615
1498
1466
1647
1710
1576
1677
1462
1536
1653
1594
1519
1604
1568
1545
1612
1619
1542
1659
1425
1530
1650
1441
1628
1452
1642
1578
1669
1768
1855
1662
1624
1648
1512
1619
1511
1715
1509
1720
1554
1540
1494
1632
1499
1582
1720
1446
1755
1674
1562
1476
1608
1591
1506
1379
1458
1693
1704
1537
1614
1692
1556
1586
1775
1335
1863
1654
1829
1618
1559
1532
1578
1557
1589
1476
1471
1497
1659
1596
1490
1697
1529
1630
1779
1639
1476
1710
1694
1542
1699
1739
1523
1470
1579
1636
1630
1566
1483
1655
1604
1668
1728
1732
1435
1390
1521
1515
1677
1605
1469
1710
1791
1701
1570
1570
1469
1700
1389
1551
1521
1470
1620
1653
1659
1615
1671
1517
1539
1516
1587
1680
1575
1654
1484
1548
1585
1520
1556
1722
1630
1631
1536
1544
1410
1586
1778
1599
1595
1569
1485
1811
1493
1664
1739
1575
1778
1615
1820
1780
1442
1608
1644
1651
1582
1507
1542
1795
1948
1725
1598
1538
1659
1566
1667
1600
1498
1673
1739
1580
1595
1397
1699
1585
1560
1532
1503
1626
1494
1584
1659
1528
1521
1676
1504
1489
1399
1665
1868
1727
1717
1489
1885
1507
1566
1475
1475
1713
1533
1491
1594
1664
1845
1523
1572
1664
1660
1575
1553
1550
1451
1492
1496
1376
1729
1780
1590
1752
1565
1749
1522
1536
1488
1531
1537
1589
1761
1518
1531
1781
1730
1634
1730
1478
1623
1438
1586
1434
1675
1583
1475
1760
1593
1539
1652
1597
1683
1603
1733
1646
1405
1773
1617
1546
1423
1537
1578
1553
1540
1576
1517
1769
1606
1613
1560
1495
1631
1549
1529
1541
1730
1458
1871
1587
1689
1804
1580
1734
1611
1532
1679
1642
1640
1628
1643
1640
1644
1660
1343
1725
1725
1958
1506
1659
1472
1620
1499
1722
1579
1383
1671
1500
1659
1525
1569
1478
1518
1429
1436
1822
1681
1525
1585
1593
1578
1527
1605
1656
1754
1547
1573
1642
1626
1527
1675
1563
1570
1486
1473
1457
1418
1578
1632
1627
1573
1648
1601
1459
1633
1679
1645
1495
1595
1690
1641
1765
1719
1532
1622
1493
1565
1574
1576
1496
1632
1649
1651
1566
1639
1519
1605
1636
1630
1608
1564
1574
1578
1445
1547
1632
1706
1814
1583
1467
1586
1623
1642
1504
1644
1611
1500
1398
1649
1446
1551
1520
1491
1660
1700
1430
1680
1609
1673
1526
1749
1589
1567
1395
1456
1715
1480
1610
1801
1585
1558
1539
1602
1672
1549
1496
1667
1656
1656
1603
1379
1582
1630
1704
1471
1533
1680
1558
1623
1494
1562
1615
1434
1488
1603
1835
1480
1444
1421
1644
1519
1523
1568
1600
1648
1789
1619
1748
1596
1483
1672
1547
1523
1801
1597
1396
1529
1543
1504
1678
1752
1356
1684
1668
1588
1546
1691
1504
1634
1481
1544
1782
1521
1587
1629
1585
1559
1528
1653
1610
1725
1682
1652
1457
1718
1462
1762
1512
1594
1491
1796
1674
1731
1596
1505
1630
1588
1576
1531
1585
1635
1531
1688
1696
1444
1583
1406
1645
1434
1693
1503
1401
1593
1763
1565
1542
1596
1530
1697
1459
1649
1641
1570
1589
1517
1660
1613
1688
1448
1480
1626
1559
1670
1501
1395
1543
1604
1484
1673
1439
1585
1656
1454
1595
1510
1573
1470
1653
1586
1421
1530
1628
1566
1683
1597
1433
1544
1430
1457
1668
1513
1697
1566
1519
1604
1606
1577
1654
1637
1663
1578
1607
1762
1453
1527
1732
1587
1777
1623
1596
1498
1530
1507
1517
1646
1674
1568
1430
1500
1560
1758
1847
1562
1669
1396
1556
1630
1633
1720
1500
1535
1787
1754
1629
1620
1660
1733
1519
1770
1582
1637
1610
1612
1521
1616
1557
1479
1666
1677
1716
1797
1519
1782
1755
1709
1655
1636
1669
1429
1649
1514
1611
1551
1639
1524
1599
1434
1579
1633
1589
1598
1391
1582
1673
1402
1454
1605
1588
1372
1481
1648
1590
1360
1753
1605
1632
1569
1743
1559
1624
1618
1590
1838
1850
1490
1514
1457
1814
1449
1555
1557
1572
1704
1616
1641
1523
1486
1763
1690
1855
1446
1565
1683
1630
1631
1722
1744
1624
1675
1864
1532
1568
1544
1693
1551
1692
1408
1598
1775
1450
1746
1537
1489
1440
1428
1508
1727
1615
1734
1435
1593
1490
1830
1807
1574
1397
1601
1841
1514
1744
1600
1508
1649
1692
1594
1666
1663
1876
1488
1743
1703
1791
1544
1479
1740
1480
1593
1666
1568
1532
1620
1600
1673
1714
1643
1576
1536
1851
1597
1549
1432
1604
1482
1607
1642
1532
1488
1501
1466
1698
1832
1618
1778
1561
1610
1461
1555
1570
1632
1557
1574
1749
1835
1488
1550
1727
1451
1544
1651
1624
1517
1533
1623
1450
1427
1529
1662
1532
1508
1759
1374
1698
1517
1434
1686
1521
1631
1670
1615
1486
1720
1564
1657
1484
1702
1733
1497
1663
1447
1679
1634
1515
1681
1616
1635
1690
1708
1656
1808
1627
1672
1733
1654
1577
1727
1885
1711
1669
1532
1576
1568
1528
1839
1591
1427
1636
1458
1453
1478
1541
1609
1634
1642
1568
1603
1637
1732
1596
1601
1710
1671
1477
1609
1724
1672
1636
1750
1670
1518
1629
1547
1622
1534
1474
1656
1487
1520
1560
1634
1452
1393
1619
1648
1511
1623
1438
1666
1701
1564
1706
1491
1472
1611
1723
1466
1522
1408
1552
1426
1535
1769
1574
1675
1493
1524
1684
1619
1763
1906
1509
1656
1854
1739
1477
1672
1458
1675
1737
1424
1695
1473
1711
1647
1763
1620
1403
1465
1674
1549
1402
1549
1657
1584
1666
1568
1557
1622
1569
1426
1557
1550
1598
1584
1783
1758
1659
1613
1736
1721
1600
1699
1585
1745
1482
1585
1477
1602
1723
1611
1520
1467
1654
1481
1267
1428
1694
1477
1778
1473
1346
1787
1632
1638
1755
1659
1614
1381
1637
1513
1681
1525
1758
1618
1585
1552
1671
1713
1654
1739
1611
1542
1666
1709
1430
1627
1720
1651
1566
1639
1461
1523
1524
1599
1518
1601
1850
1602
1555
1512
1527
1712
1539
1541
1628
1538
1540
1548
1776
1482
1853
1462
1696
1571
1759
1609
1437
1490
1674
1670
1617
1513
1685
1686
1603
1483
1580
1564
1691
1555
1627
1600
1641
1646
1670
1664
1709
1630
1613
1674
1781
1716
1393
1640
1529
1506
1469
1597
1521
1563
1525
1598
1736
1645
1540
1445
1451
1723
1569
1772
1710
1596
1560
1666
1749
1610
1739
1404
1563
1628
1508
1577
1706
1502
1597
1524
1618
1645
1571
1532
1729
1529
1489
1766
1480
1652
1533
1559
1533
1518
1710
1509
1669
1566
1621
1591
1675
1393
1610
1607
1721
1683
1584
1614
1401
1495
1579
1423
1525
1405
1667
1466
1546
1525
1631
1557
1508
1510
1604
1458
1604
1699
1452
1641
1616
1571
1396
1747
1561
1531
1657
1551
1718
1534
1668
1465
1497
1606
1600
1574
1691
1637
1635
1745
1515
1634
1580
1522
1660
1579
1509
1379
1647
1442
1659
1713
1536
1799
1598
1644
1439
1645
1513
1568
1487
1545
1727
1662
1700
1608
1633
1416
1664
1662
1556
1543
1662
1549
1496
1686
1818
1499
1696
1468
1633
1570
1734
1685
1808
1517
1774
1416
1605
1580
1666
1593
1633
1422
1681
1631
1530
1559
1511
1745
1686
1425
1512
1501
1510
1299
1587
1699
1593
1599
1626
1556
1653
1543
1805
1572
1638
1587
1384
1627
1671
1531
1782
1634
1524
1680
1762
1572
1533
1769
1587
1502
1529
1682
1662
1651
1577
1622
1595
1590
1813
1717
1641
1759
1522
1629
1674
1387
1442
1593
1452
1781
1844
1480
1632
1325
1693
1548
1638
1603
1476
1652
1555
1584
1610
1638
1779
1667
1708
1787
1753
1757
1787
1643
1580
1480
1606
1491
1567
1627
1542
1774
1702
1428
1479
1651
1557
1628
1730
1610
1682
1469
1760
1503
1537
1613
1544
1674
1503
1607
1644
1625
1481
1687
1646
1761
1516
1505
1614
1625
1475
1905
1570
1488
1482
1386
1815
1540
1554
1618
1467
1548
1597
1649
1637
1735
1447
1509
1765
1621
1742
1574
1665
1476
1610
1649
1705
1711
1511
1543
1577
1928
1512
1310
1597
1736
1630
1715
1660
1569
1413
1576
1440
1446
1639
1498
1473
1550
1669
1494
1546
1469
1547
1746
1525
1683
1714
1570
1568
1754
1837
1776
1545
1625
1704
1742
1489
1779
1702
1532
1732
1742
1539
1572
1521
1549
1505
1362
1608
1599
1674
1511
1383
1515
1584
1519
1556
1534
1629
1546
1548
1458
1682
1586
1636
1508
1799
1580
1437
1752
1624
1417
1622
1622
1714
1616
1535
1526
1689
1377
1434
1700
1477
1587
1558
1643
1708
1524
1518
1660
1524
1521
1752
1617
1652
1593
1522
1567
1502
1684
1571
1782
1514
1648
1848
1463
1682
1569
1657
1624
1684
1793
1813
1639
1547
1585
1571
1508
1618
1563
1666
1659
1612
1486
1719
1939
1683
1562
1437
1496
1583
1954
1534
1462
1658
1691
1766
1539
1676
1628
1437
1582
1679
1567
1555
1457
1606
1838
1609
1749
1473
1652
1662
1562
1523
1657
1611
1434
1797
1566
1602
1606
1711
1751
1623
1540
1573
1616
1692
1543
1545
1616
1654
1541
1746
1484
1551
1530
1638
1521
1753
1663
1717
1601
1683
1676
1682
1742
1471
1528
1506
1581
1601
1587
1656
1412
1617
1544
1616
1771
1461
1673
1547
1471
1552
1497
1606
1643
1665
1500
1590
1690
1607
1502
1855
1371
1479
1529
1620
1502
1441
1574
1691
1676
1514
1397
1630
1535
1673
1661
1652
1549
1586
1577
1516
1702
1690
1487
1459
1659
1588
1502
1595
1761
1585
1611
1553
1442
1485
1726
1651
1647
1406
1489
1463
1576
1542
1530
1628
1702
1663
1477
1666
1690
1485
1414
1606
1634
1530
1755
1701
1620
1693
1540
1661
1439
1577
1478
1378
1589
1639
1532
1643
1736
1732
1567
1634
1530
1376
1554
1657
1706
1503
1592
1647
1648
1783
1565
1565
1629
1622
1617
1470
1579
1515
1476
1455
1641
1675
1720
1523
1382
1666
1543
1658
1659
1627
1640
1772
1648
1380
1449
1800
1521
1396
1558
1757
1531
1515
1615
1675
1500
1502
1620
1532
1420
1653
1498
1577
1502
1488
1540
1486
1647
1734
1609
1689
1634
1657
1448
1569
1478
1395
1784
1637
1680
1579
1746
1442
1524
1557
1508
1635
1695
1777
1591
1597
1565
1591
1557
1721
1484
1500
1674
1627
1544
1550
1484
1522
1472
1578
1640
1660
1573
1516
1495
1570
1775
1610
1829
1576
1545
1521
1529
1583
1684
1602
1436
1660
1458
1446
1472
1785
1743
1591
1781
1633
1516
1538
1564
1619
1798
1530
1640
1702
1458
1491
1615
1550
1620
1467
1552
1725
1384
1672
1737
1516
1751
1534
1618
1632
1763
1884
1453
1656
1715
1568
1465
1656
1339
1437
1558
1687
1586
1770
1669
1455
1605
1402
1680
1567
1497
1497
1324
1566
1451
1701
1593
1775
1727
1746
1340
1519
1484
1631
1829
1663
1372
1599
1515
1531
1551
1699
1664
1517
1562
1551
1653
1529
1563
1658
1601
1754
1507
1720
1629
1599
1518
1837
1634
1559
1504
1709
1567
1626
1556
1598
1641
1457
1695
1668
1687
1554
1449
1574
1521
1635
1630
1489
1598
1621
1736
1679
1643
1670
1623
1762
1612
1569
1655
1526
1581
1631
1615
1489
1589
1615
1582
1550
1576
1905
1610
1494
1522
1523
1533
1641
1612
1558
1568
1692
1451
1552
1396
1464
1663
1672
1559
1551
1508
1561
1466
1531
1439
1685
1685
1602
1652
1867
1660
1843
1696
1384
1509
1768
1610
1473
1566
1549
1609
1645
1460
1561
1571
1499
1652
1387
1542
1679
1467
1548
1720
1439
1487
1656
1734
1649
1559
1402
1598
1367
1632
1480
1642
1513
1614
1492
1376
1520
1551
1491
1661
1583
1574
1627
1628
1669
1705
1760
1680
1657
1502
1658
1503
1725
1500
1607
1434
1355
1424
1565
1718
1530
1551
1432
1658
1697
1481
1511
1585
1627
1658
1520
1772
1709
1870
1441
1567
1404
1585
1562
1440
1843
1550
1710
1709
1477
1474
1494
1649
1491
1671
1534
1658
1649
1589
1541
1503
1738
1707
1615
1859
1521
1648
1571
1943
1607
1676
1521
1626
1636
1553
1627
1572
1733
1618
1684
1536
1668
1519
1540
1760
1379
1609
1817
1704
1755
1473
1676
1641
1524
1665
1475
1566
1733
1561
1495
1646
1591
1477
1736
1540
1481
1819
1519
1646
1477
1612
1398
1735
1349
1529
1587
1495
1604
1652
1624
1708
1646
1741
1610
1478
1507
1382
1735
1583
1496
1604
1442
1616
1519
1523
1448
1505
1660
1574
1520
1538
1711
1662
1574
1442
1743
1520
1582
1648
1646
1506
1468
1547
1765
1569
1701
1684
1740
1520
1513
1480
1588
1724
1589
1532
1550
1564
1567
1490
1486
1527
1564
1579
1559
1639
1513
1663
1596
1800
1483
1397
1579
1564
1501
1752
1489
1685
1675
1668
1923
1438
1975
1664
1658
1540
1527
1625
1466
1580
1581
1705
1501
1458
1729
1731
1622
1426
1479
1861
1569
1559
1700
1759
1996
1783
1663
1516
1845
1594
1691
1725
1470
1480
1520
1615
1625
1607
1543
1672
1540
1490
1706
1497
1598
1433
1678
1515
1757
1395
1561
1681
1581
1622
1610
1595
1552
1613
1694
1704
1498
1780
1612
1464
1607
1640
1548
1614
1605
1638
1617
1667
1582
1556
1511
1547
1730
1751
1605
1625
1452
1576
1453
1632
1592
1725
1506
1689
1531
1494
1589
1572
1492
1540
1492
1488
1858
1534
1730
1633
1612
1615
1732
1365
1772
1819
1549
1534
1500
1519
1434
1661
1461
1627
1650
1466
1775
1774
1486
1718
1564
1700
1647
1678
1645
1490
1741
1665
1547
1714
1625
1551
1584
1499
1618
1802
1791
1638
1402
1623
1657
1546
1637
1544
1641
1589
1586
1666
1720
1534
1711
1605
1601
1742
1554
1388
1667
1498
1462
1516
1748
1610
1655
1513
1637
1706
1493
1578
1453
1766
1762
1677
1742
1708
1633
1858
1450
1640
1682
1453
1664
1499
1649
1490
1688
1803
1739
1497
1595
1570
1537
1680
1509
1822
1455
1534
1574
1740
1631
1501
1721
1369
1470
1710
1482
1494
1558
1635
1518
1662
1789
1507
1505
1539
1766
1638
1742
1514
1435
1674
1497
1644
1829
1703
1389
1482
1617
1492
1389
1431
1735
1544
1634
1492
1513
1538
1476
1528
1528
1462
1809
1536
1568
1491
1394
1482
1624
1690
1519
1644
1497
1556
1512
1439
1641
1602
1686
1642
1463
1563
1527
1399
1445
1717
1341
1539
1578
1580
1569
1496
1443
1554
1725
1704
1687
1551
1821
1560
1494
1415
1826
1484
1625
1526
1672
1451
1681
1566
1752
1628
1548
1543
1635
1580
1607
1540
1711
1686
1573
1641
1419
1656
1580
1714
1668
1565
1569
1657
1595
1770
1545
1458
1694
1783
1470
1551
1705
1577
1621
1628
1659
1500
1574
1483
1590
1579
1646
1456
1561
1772
1562
1553
1732
1502
1561
1459
1724
1585
1687
1451
1825
1566
1668
1669
1342
1558
1615
1514
1565
1797
1449
1505
1704
1197
1689
1612
1754
1526
1694
1621
1533
1660
1661
1558
1682
1410
1556
1652
1444
1583
1981
1518
1713
1701
1519
1712
1560
1636
1581
1696
1667
1409
1645
1575
1765
1587
1711
1584
1511
1613
1624
1503
1497
1767
1784
1623
1677
1507
1568
1651
1643
1735
1658
1459
1575
1540
1667
1454
1525
1782
1648
1732
1554
1608
1483
1655
1438
1600
1669
1655
1638
1558
1754
1500
1457
1911
1483
1584
1694
1542
1670
1509
1557
1532
1554
1612
1693
1626
1688
1513
1648
1887
1716
1879
1458
1594
1550
1692
1514
1506
1637
1839
1644
1627
1477
1546
1586
1712
1658
1495
1581
1437
1737
1732
1503
1770
1578
1495
1729
1627
1502
1559
1642
1336
1540
1542
1646
1622
1546
1426
1642
1680
1468
1595
1566
1453
1728
1675
1479
1663
1494
1589
1593
1681
1675
1543
1559
1558
1488
1706
1556
1448
1595
1428
1661
1606
1709
1691
1705
1591
1484
1589
1741
1668
1655
1629
1638
1555
1671
1483
1629
1489
1610
1784
1599
1451
1620
1727
1538
1626
1657
1463
1560
1522
1673
1632
1698
1708
1553
1542
1538
1826
1835
1578
1451
1570
1756
1682
1474
1665
1671
1500
1584
1742
1552
1608
1543
1662
1412
1477
1507
1609
1583
1626
1487
1669
1673
1734
1576
1729
1515
1530
1658
1735
1469
1504
1680
1540
1437
1571
1578
1616
1318
1405
1632
1538
1520
1498
1552
1606
1715
1575
1717
1672
1742
1361
1415
1644
1846
1711
1651
1689
1618
1606
1622
1485
1377
1636
1544
1574
1542
1692
1560
1355
1616
1742
1657
1712
1686
1613
1480
1534
1594
1542
1694
1443
1650
1600
1513
1525
1536
1717
1663
1693
1522
1556
1435
1459
1644
1464
1660
1680
1734
1602
1607
1723
1503
1644
1752
1495
1610
1521
1616
1541
1560
1481
1471
1599
1541
1480
1569
1525
1369
1409
1599
1714
1420
1565
1586
1698
1694
1567
1663
1650
1577
1408
1635
1737
1464
1679
1649
1540
1566
1574
1703
1749
1574
1523
1597
1651
1705
1541
1613
1616
1698
1665
1860
1590
1536
1631
1657
1618
1558
1459
1676
1680
1641
1674
1608
1741
1609
1426
1617
1629
1510
1465
1613
1656
1419
1676
1603
1777
1569
1470
1793
1509
1653
1562
1714
1804
1703
1481
1315
1616
1571
1660
1421
1670
1513
1488
1612
1713
1521
1717
1553
1577
1556
1756
1731
1622
1697
1631
1712
1545
1492
1625
1622
1754
1609
1940
1650
1563
1625
1566
1569
1490
1610
1597
1375
1618
1723
1720
1575
1630
1552
1723
1506
1556
1835
1705
1716
1603
1790
1529
1623
1492
1709
1649
1519
1525
1471
1737
1563
1684
1765
1484
1581
1577
1561
1600
1673
1716
1414
1598
1452
1274
1541
1448
1355
1562
1598
1545
1726
1501
1566
1288
1336
1550
1644
1717
1558
1510
1459
1476
1579
1713
1479
1875
1728
1453
1560
1515
1673
1508
1494
1703
1444
1597
1548
1421
1630
1656
1653
1372
1626
1549
1543
1739
1588
1585
1467
1462
1584
1298
1680
1698
1605
1434
1457
1623
1663
1656
1483
1445
1559
1642
1665
1604
1575
1748
1436
1644
1669
1891
1532
1516
1588
1788
1615
1555
1691
1400
1590
1519
1426
1836
1567
1719
1737
1630
1750
1695
1709
1628
1436
1665
1778
1580
1474
1534
1665
1577
1486
1616
1533
1746
1730
1319
1629
1561
1657
1775
1738
1797
1650
1756
1555
1855
1580
1777
1771
1637
1461
1497
1688
1527
1574
1582
1577
1566
1645
1587
1617
1423
1641
1662
1622
1766
1557
1518
1676
1564
1450
1594
1509
1712
1523
1674
1479
1787
1644
1278
1624
1586
1633
1706
1408
1499
1737
1500
1570
1581
1560
1796
1751
1545
1560
1447
1587
1522
1523
1742
1563
1698
1493
1658
1736
1335
1452
1309
1479
1733
1597
1789
1588
1603
1448
1841
1779
1440
1698
1595
1653
1512
1646
1460
1475
1587
1576
1583
1453
1476
1540
1671
1789
1718
1632
1574
1677
1683
1647
1435
1474
1533
1549
1547
1695
1564
1603
1460
1617
1646
1556
1606
1615
1702
1443
1500
1578
1687
1482
1407
1487
1574
1704
1469
1672
1534
1493
1782
1613
1564
1552
1565
1539
1626
1796
1748
1630
1523
1428
1613
1660
1681
1790
1617
1583
1590
1577
1469
1491
1603
1758
1646
1465
1854
1654
1549
1721
1587
1514
1752
1615
1623
1562
1483
1630
1618
1574
1551
1557
1549
1640
1502
1549
1662
1517
1620
1644
1563
1541
1517
1466
1412
1663
1495
1497
1703
1763
1615
1646
1655
1860
1759
1605
1815
1641
1629
1574
1422
1602
1768
1637
1629
1656
1791
1598
1749
1826
1526
1576
1614
1621
1675
1557
1546
1563
1655
1562
1614
1526
1719
1597
1512
1530
1564
1555
1444
1669
1533
1555
1612
1689
1550
1602
1562
1483
1619
1808
1479
1719
1709
1643
1579
1334
1746
1574
1450
1687
1517
1515
1759
1592
1655
1534
1395
1586
1526
1770
1395
1736
1605
1520
1601
1754
1708
1647
1645
1385
1413
1545
1678
1416
1539
1601
1869
1456
1708
1588
1634
1449
1483
1547
1459
1717
1618
1768
1548
1652
1644
1460
1526
1507
1523
1748
1695
1692
1543
1444
1528
1654
1458
1390
1571
1645
1633
1725
1668
1549
1771
1483
1772
1564
1767
1691
1557
1510
1592
1566
1493
1595
1641
1652
1490
1697
1693
1524
1410
1597
1360
1514
1657
1577
1656
1820
1467
1751
1561
1648
1628
1548
1493
1608
1580
1569
1546
1547
1743
1781
1699
1771
1702
1808
1616
1318
1639
1707
1617
1408
1632
1720
1487
1534
1637
1648
1748
1685
1571
1555
1831
1653
1738
1483
1505
1543
1601
1453
1675
1609
1472
1646
1686
1572
1620
1546
1671
1482
1592
1684
1584
1565
1466
1610
1718
1687
1803
1431
1322
1450
1621
1678
1504
1553
1592
1500
1571
1538
1591
1561
1600
1573
1672
1607
1609
1484
1700
1531
1796
1597
1398
1709
1453
1522
1581
1543
1488
1802
1701
1663
1637
1444
1827
1802
1632
1531
1438
1795
1620
1732
1572
1597
1588
1578
1611
1451
1674
1712
1553
1648
1479
1655
1678
1611
1580
1666
1689
1522
1696
1564
1688
1708
1633
1675
1533
1650
1507
1462
1582
1404
1567
1747
1589
1647
1500
1764
1670
1452
1447
1684
1579
1609
1485
1546
1809
1769
1575
1671
1635
1468
1822
1792
1701
1774
1536
1593
1563
1601
1478
1572
1496
1628
1633
1593
1546
1455
1827
1526
1520
1625
1513
1579
1450
1707
1520
1596
1629
1736
1716
1444
1626
1600
1545
1555
1722
1441
1531
1782
1561
1880
1522
1563
1681
1614
1539
1732
1613
1668
1526
1401
1561
1465
1526
1650
1580
1585
1682
1676
1492
1568
1755
1520
1665
1599
1476
1599
1544
1470
1796
1561
1559
1649
1764
1674
1589
1654
1552
1720
1533
1576
1503
1503
1528
1547
1622
1614
1558
1651
1532
1499
1439
1780
1756
1646
1627
1633
1755
1684
1573
1577
1616
1570
1553
1599
1563
1517
1511
1653
1540
1545
1606
1575
1792
1620
1514
1683
1712
1826
1492
1829
1527
1739
1632
1503
1738
1410
1327
1730
1514
1569
1551
1969
1596
1587
1667
1701
1426
1610
1701
1844
1718
1465
1626
1607
1719
1555
1561
1509
1544
1628
1600
1618
1804
1553
1665
1451
1597
1484
1405
1373
1516
1451
1479
1820
1559
1638
1549
1706
1662
1646
1786
1500
1604
1605
1653
1603
1620
1462
1753
1746
1733
1759
1582
1847
1509
1557
1768
1598
1485
1713
1508
1718
1539
1484
1565
1640
1634
1571
1550
1471
1599
1581
1584
1641
1451
1905
1553
1406
1361
1536
1774
1599
1463
1698
1705
1439
1622
1423
1556
1462
1615
1649
1567
1717
1619
1545
1710
1637
1524
1637
1595
1730
1578
1501
1697
1856
1628
1616
1722
1624
1572
1577
1448
1727
1614
1793
1676
1501
1659
1808
1621
1629
1507
1619
1547
1514
1688
1591
1628
1881
1802
1678
1451
1556
1652
1246
1661
1670
1621
1613
1637
1584
1591
1576
1545
1702
1512
1620
1661
1589
1696
1673
1772
1637
1643
1481
1571
1643
1577
1590
1813
1631
1598
1585
1507
1577
1481
1600
1575
1842
1739
1663
1518
1674
1638
1666
1398
1532
1612
1778
1668
1580
1697
1497
1522
1665
1583
1573
1605
1491
1542
1600
1619
1766
1445
1563
1676
1634
1621
1659
1647
1415
1609
1615
1522
1530
1398
1397
1471
1479
1302
1525
1578
1552
1494
1738
1713
1556
1642
1604
1669
1640
1689
1536
1358
1715
1417
1571
1772
1562
1708
1531
1660
1787
1579
1733
1592
1717
1723
1548
1629
1630
1506
1496
1665
1504
1639
1692
1541
1641
1554
1621
1508
1696
1542
1748
1543
1634
1561
1526
1523
1632
1572
1609
1576
1606
1604
1655
1531
1619
1506
1490
1774
1387
1560
1523
1714
1512
1502
1671
1485
1452
1429
1616
1816
1569
1585
1489
1708
1649
1630
1618
1575
1589
1464
1681
1688
1463
1634
1752
1628
1812
1559
1506
1435
1846
1494
1546
1641
1667
1769
1540
1538
1860
1506
1672
1548
1584
1575
1637
1532
1669
1606
1867
1628
1636
1746
1561
1577
1569
1410
1486
1483
1582
1567
1716
1682
1382
1482
1531
1806
1636
1620
1591
1556
1388
1660
1638
1563
1421
1754
1527
1924
1501
1639
1620
1588
1620
1779
1595
1492
1536
1663
1652
1581
1615
1599
1625
1786
1462
1363
1460
1668
1394
1712
1554
1775
1516
1447
1676
1760
1605
1643
1602
1557
1749
1744
1637
1484
1508
1450
1448
1662
1600
1570
1675
1529
1594
1493
1415
1786
1574
1895
1552
1538
1749
1622
1636
1570
1523
1552
1699
1520
1747
1637
1614
1499
1629
1515
1724
1460
1526
1527
1662
1602
1543
1662
1382
1612
1536
1691
1613
1598
1583
1722
1717
1658
1588
1562
1710
1719
1723
1596
1571
1548
1671
1682
1640
1526
1696
1536
1680
1559
1578
1522
1658
1582
1641
1549
1382
1569
1755
1600
1527
1521
1475
1468
1507
1437
1432
1578
1700
1565
1589
1524
1492
1545
1692
1543
1390
1667
1499
1246
1462
1441
1369
1523
1578
1665
1713
1271
1504
1691
1544
1723
