0.151
0.162
0.107
0.160
0.194
0.246
0.191
0.228
0.154
0.185
0.114
0.178
0.209
0.184
0.133
0.122
0.159
0.078
0.159
0.166
0.213
0.142
0.091
0.113
0.113
0.180
0.138
0.150
0.127
0.166
0.230
0.110
0.127
0.159
0.140
0.149
0.194
0.183
0.193
0.178
0.154
0.130
0.178
0.111
0.095
0.147
0.189
0.176
0.072
0.133
0.236
0.152
0.174
0.149
0.126
0.194
0.171
0.144
0.140
0.203
0.175
0.200
0.113
0.120
0.115
0.202
0.146
0.143
0.198
0.128
0.185
0.210
0.076
0.133
0.250
0.134
0.147
0.158
0.163
0.127
0.195
0.122
0.145
0.166
0.212
0.263
0.227
0.178
0.175
0.114
0.156
0.198
0.156
0.118
0.114
0.152
0.126
0.120
0.171
0.158
0.160
0.172
0.151
0.218
0.146
0.138
0.180
0.144
0.130
0.162
0.157
0.124
0.133
0.191
0.081
0.105
0.120
0.151
0.189
0.180
0.125
0.132
0.147
0.160
0.164
0.196
0.137
0.141
0.150
0.144
0.145
0.112
0.112
0.206
0.141
0.173
0.170
0.200
0.177
0.166
0.115
0.119
0.216
0.123
0.234
0.158
0.167
0.122
0.277
0.189
0.123
0.170
0.113
0.159
0.198
0.134
0.207
0.162
0.153
0.124
0.220
0.109
0.133
0.114
0.163
0.161
0.218
0.246
0.149
0.105
0.090
0.191
0.158
0.154
0.124
0.176
0.238
0.172
0.160
0.134
0.205
0.215
0.196
0.140
0.157
0.115
0.211
0.154
0.070
0.221
0.181
0.132
0.172
0.152
0.159
0.131
0.199
0.141
0.152
0.206
0.098
0.146
0.255
0.170
0.163
0.132
0.216
0.137
0.209
0.163
0.237
0.203
0.167
0.133
0.207
0.127
0.173
0.089
0.122
0.084
0.126
0.163
0.205
0.090
0.181
0.180
0.151
0.140
0.207
0.244
0.172
0.164
0.112
0.113
0.114
0.142
0.189
0.182
0.191
0.184
0.132
0.145
0.151
0.150
0.118
0.214
0.174
0.196
0.115
0.216
0.156
0.150
0.168
0.245
0.185
0.106
0.122
0.150
0.114
0.197
0.197
0.125
0.162
0.168
0.151
0.128
0.163
0.160
0.182
0.160
0.191
0.229
0.155
0.158
0.210
0.133
0.143
0.146
0.127
0.133
0.196
0.099
0.199
0.185
0.209
0.109
0.161
0.149
0.176
0.160
0.207
0.140
0.206
0.216
0.104
0.169
0.180
0.176
0.248
0.159
0.152
0.154
0.221
0.171
0.091
0.184
0.185
0.152
0.195
0.124
0.153
0.162
0.202
0.137
0.108
0.235
0.176
0.185
0.157
0.183
0.156
0.194
0.160
0.170
0.130
0.128
0.114
0.157
0.130
0.194
0.153
0.198
0.175
0.131
0.142
0.092
0.157
0.163
0.151
0.152
0.148
0.187
0.214
0.206
0.179
0.156
0.187
0.224
0.127
0.206
0.172
0.137
0.181
0.098
0.133
0.161
0.127
0.162
0.155
0.144
0.166
0.185
0.081
0.137
0.134
0.135
0.159
0.138
0.171
0.145
0.189
0.207
0.162
0.198
0.163
0.167
0.135
0.151
0.148
0.128
0.146
0.105
0.144
0.246
0.155
0.216
0.173
0.088
0.241
0.173
0.200
0.127
0.160
0.139
0.157
0.178
0.173
0.167
0.239
0.200
0.135
0.109
0.155
0.146
0.112
0.164
0.154
0.190
0.079
0.219
0.157
0.199
0.147
0.238
0.065
0.110
0.156
0.122
0.153
0.095
0.113
0.122
0.178
0.107
0.230
0.118
0.193
0.141
0.189
0.138
0.221
0.137
0.140
0.089
0.118
0.222
0.177
0.231
0.144
0.149
0.114
0.217
0.145
0.051
0.101
0.176
0.205
0.122
0.189
0.101
0.179
0.116
0.121
0.097
0.156
0.211
0.224
0.133
0.149
0.264
0.166
0.177
0.278
0.191
0.179
0.135
0.122
0.194
0.179
0.147
0.178
0.184
0.170
0.141
0.251
0.177
0.149
0.181
0.134
0.150
0.206
0.187
0.120
0.101
0.174
0.148
0.145
0.155
0.187
0.191
0.134
0.139
0.092
0.166
0.137
0.095
0.124
0.177
0.132
0.170
0.180
0.166
0.104
0.273
0.189
0.111
0.193
0.228
0.114
0.133
0.154
0.168
0.220
0.144
0.182
0.206
0.138
0.126
0.182
0.228
0.152
0.226
0.069
0.172
0.199
0.205
0.186
0.100
0.182
0.218
0.182
0.129
0.123
0.144
0.161
0.184
0.106
0.168
0.128
0.215
0.125
0.184
0.213
0.155
0.145
0.248
0.071
0.173
0.124
0.125
0.211
0.165
0.205
0.204
0.175
0.120
0.086
0.188
0.212
0.205
0.176
0.151
0.081
0.167
0.184
0.185
0.158
0.145
0.216
0.125
0.172
0.119
0.130
0.109
0.164
0.102
0.173
0.121
0.204
0.171
0.150
0.152
0.140
0.114
0.117
0.149
0.239
0.134
0.135
0.193
0.192
0.170
0.160
0.202
0.249
0.105
0.187
0.134
0.133
0.190
0.165
0.151
0.172
0.182
0.157
0.109
0.167
0.116
0.189
0.099
0.135
0.137
0.157
0.147
0.163
0.117
0.149
0.212
0.126
0.125
0.151
0.147
0.137
0.180
0.145
0.103
0.161
0.096
0.180
0.140
0.196
0.218
0.133
0.141
0.156
0.155
0.141
0.168
0.084
0.141
0.214
0.164
0.200
0.182
0.148
0.176
0.187
0.168
0.200
0.160
0.210
0.164
0.220
0.231
0.166
0.248
0.198
0.163
0.138
0.148
0.180
0.168
0.179
0.237
0.169
0.208
0.110
0.111
0.175
0.186
0.227
0.207
0.146
0.102
0.179
0.164
0.187
0.115
0.188
0.151
0.180
0.187
0.140
0.161
0.133
0.257
0.150
0.100
0.200
0.125
0.125
0.137
0.177
0.103
0.164
0.102
0.179
0.128
0.165
0.123
0.212
0.104
0.123
0.103
0.150
0.154
0.182
0.131
0.162
0.136
0.138
0.255
0.170
0.211
0.148
0.151
0.190
0.132
0.124
0.124
0.117
0.156
0.133
0.144
0.178
0.109
0.062
0.148
0.064
0.145
0.200
0.279
0.105
0.275
0.203
0.185
0.154
0.116
0.154
0.086
0.141
0.188
0.141
0.252
0.137
0.213
0.168
0.108
0.204
0.124
0.237
0.169
0.163
0.183
0.189
0.155
0.160
0.155
0.129
0.230
0.089
0.114
0.209
0.195
0.142
0.146
0.165
0.088
0.145
0.217
0.172
0.147
0.102
0.128
0.116
0.164
0.182
0.194
0.193
0.187
0.234
0.126
0.273
0.142
0.135
0.195
0.203
0.123
0.199
0.159
0.149
0.142
0.125
0.111
0.086
0.156
0.164
0.157
0.180
0.062
0.113
0.154
0.185
0.209
0.161
0.124
0.087
0.089
0.150
0.160
0.125
0.106
0.135
0.180
0.170
0.205
0.206
0.214
0.139
0.197
0.137
0.109
0.206
0.170
0.094
0.104
0.169
0.167
0.205
0.193
0.097
0.143
0.185
0.175
0.197
0.114
0.167
0.239
0.145
0.183
0.139
0.120
0.193
0.098
0.096
0.176
0.187
0.170
0.170
0.129
0.168
0.122
0.119
0.159
0.136
0.145
0.200
0.140
0.159
0.157
0.104
0.152
0.194
0.118
0.202
0.252
0.125
0.125
0.163
0.100
0.195
0.157
0.132
0.152
0.180
0.185
0.247
0.203
0.166
0.193
0.244
0.175
0.169
0.144
0.214
0.235
0.156
0.137
0.202
0.175
0.201
0.159
0.115
0.122
0.156
0.180
0.244
0.164
0.173
0.112
0.163
0.154
0.145
0.104
0.148
0.087
0.141
0.177
0.188
0.166
0.064
0.126
0.125
0.166
0.180
0.097
0.131
0.178
0.171
0.184
0.242
0.124
0.127
0.170
0.156
0.117
0.162
0.156
0.127
0.167
0.194
0.227
0.173
0.103
0.165
0.201
0.164
0.188
0.138
0.150
0.177
0.196
0.194
0.219
0.129
0.201
0.181
0.137
0.223
0.200
0.175
0.182
0.187
0.229
0.086
0.196
0.159
0.160
0.108
0.141
0.142
0.243
0.112
0.159
0.140
0.111
0.247
0.119
0.140
0.189
0.116
0.148
0.145
0.154
0.103
0.181
0.210
0.203
0.234
0.141
0.176
0.160
0.166
0.125
0.121
0.227
0.174
0.160
0.122
0.130
0.093
0.099
0.150
0.143
0.138
0.139
0.204
0.124
0.172
0.158
0.200
0.226
0.244
0.151
0.149
0.211
0.170
0.184
0.150
0.112
0.145
0.153
0.142
0.107
0.180
0.129
0.107
0.126
0.197
0.110
0.140
0.228
0.119
0.166
0.168
0.170
0.213
0.099
0.175
0.182
0.119
0.114
0.192
0.162
0.144
0.154
0.156
0.178
0.195
0.211
0.207
0.152
0.139
0.170
0.137
0.104
0.143
0.167
0.225
0.119
0.110
0.120
0.156
0.125
0.168
0.171
0.190
0.180
0.127
0.111
0.147
0.176
0.135
0.214
0.154
0.072
0.146
0.119
0.113
0.122
0.093
0.141
0.158
0.063
0.155
0.136
0.150
0.158
0.237
0.085
0.169
0.204
0.112
0.100
0.145
0.221
0.128
0.210
0.113
0.160
0.130
0.184
0.131
0.201
0.117
0.181
0.133
0.152
0.159
0.139
0.086
0.166
0.089
0.219
0.127
0.173
0.131
0.159
0.110
0.199
0.136
0.175
0.155
0.121
0.245
0.242
0.158
0.178
0.236
0.203
0.242
0.182
0.142
0.188
0.192
0.190
0.154
0.205
0.141
0.180
0.133
0.186
0.093
0.083
0.070
0.121
0.148
0.173
0.159
0.170
0.185
0.179
0.150
0.137
0.190
0.081
0.165
0.168
0.171
0.145
0.162
0.192
0.194
0.272
0.223
0.172
0.157
0.173
0.128
0.172
0.107
0.173
0.115
0.125
0.218
0.184
0.125
0.095
0.182
0.212
0.127
0.211
0.158
0.188
0.212
0.134
0.136
0.152
0.172
0.187
0.115
0.222
0.233
0.149
0.160
0.075
0.126
0.230
0.208
0.144
0.135
0.179
0.119
0.236
0.189
0.178
0.091
0.166
0.115
0.186
0.191
0.197
0.108
0.088
0.118
0.189
0.175
0.249
0.155
0.078
0.229
0.111
0.139
0.155
0.148
0.226
0.148
0.170
0.193
0.172
0.189
0.230
0.199
0.126
0.143
0.115
0.220
0.107
0.106
0.149
0.211
0.169
0.148
0.204
0.159
0.162
0.098
0.179
0.268
0.135
0.139
0.187
0.140
0.133
0.170
0.164
0.165
0.173
0.166
0.088
0.149
0.107
0.207
0.187
0.198
0.198
0.178
0.179
0.198
0.249
0.168
0.144
0.205
0.133
0.150
0.119
0.061
0.085
0.089
0.092
0.113
0.194
0.216
0.135
0.180
0.236
0.094
0.143
0.136
0.165
0.153
0.154
0.062
0.098
0.128
0.165
0.164
0.183
0.148
0.105
0.126
0.127
0.135
0.202
0.259
0.189
0.151
0.121
0.103
0.179
0.142
0.206
0.169
0.121
0.148
0.144
0.168
0.198
0.084
0.186
0.118
0.195
0.230
0.119
0.152
0.170
0.148
0.160
0.153
0.128
0.111
0.211
0.157
0.165
0.202
0.149
0.096
0.178
0.168
0.147
0.175
0.192
0.143
0.241
0.148
0.153
0.136
0.134
0.127
0.115
0.114
0.214
0.159
0.129
0.201
0.182
0.142
0.216
0.090
0.183
0.168
0.145
0.111
0.187
0.148
0.182
0.119
0.117
0.230
0.117
0.197
0.150
0.197
0.174
0.103
0.142
0.133
0.164
0.104
0.161
0.140
0.126
0.215
0.093
0.208
0.188
0.160
0.178
0.240
0.186
0.109
0.226
0.235
0.190
0.147
0.248
0.080
0.181
0.179
0.118
0.160
0.243
0.121
0.181
0.145
0.196
0.131
0.136
0.124
0.184
0.126
0.159
0.142
0.166
0.099
0.187
0.249
0.138
0.179
0.165
0.157
0.098
0.145
0.157
0.201
0.148
0.105
0.163
0.150
0.115
0.181
0.159
0.142
0.167
0.073
0.195
0.120
0.155
0.163
0.180
0.256
0.126
0.183
0.172
0.106
0.238
0.178
0.174
0.182
0.155
0.165
0.163
0.154
0.167
0.133
0.230
0.167
0.118
0.143
0.161
0.213
0.158
0.154
0.170
0.144
0.099
0.126
0.138
0.177
0.096
0.166
0.142
0.123
0.130
0.109
0.157
0.108
0.160
0.224
0.163
0.097
0.147
0.239
0.273
0.225
0.150
0.203
0.211
0.104
0.094
0.190
0.125
0.129
0.196
0.177
0.150
0.160
0.163
0.128
0.181
0.136
0.118
0.183
0.126
0.266
0.213
0.133
0.153
0.125
0.086
0.247
0.181
0.169
0.180
0.215
0.152
0.260
0.101
0.102
0.186
0.194
0.184
0.141
0.160
0.114
0.125
0.190
0.123
0.167
0.078
0.157
0.203
0.118
0.162
0.191
0.097
0.214
0.137
0.215
0.145
0.219
0.173
0.127
0.166
0.140
0.228
0.192
0.153
0.125
0.124
0.195
0.287
0.141
0.272
0.112
0.216
0.182
0.253
0.168
0.141
0.153
0.133
0.155
0.111
0.196
0.126
0.170
0.120
0.172
0.202
0.093
0.126
0.181
0.169
0.232
0.173
0.145
0.150
0.173
0.124
0.132
0.158
0.140
0.204
0.152
0.150
0.199
0.182
0.148
0.129
0.062
0.099
0.143
0.126
0.108
0.256
0.162
0.235
0.114
0.182
0.241
0.124
0.082
0.143
0.124
0.140
0.196
0.179
0.198
0.127
0.173
0.156
0.158
0.178
0.153
0.165
0.185
0.143
0.243
0.166
0.148
0.141
0.113
0.140
0.157
0.183
0.205
0.189
0.197
0.137
0.123
0.092
0.156
0.140
0.179
0.206
0.150
0.203
0.126
0.111
0.254
0.127
0.158
0.167
0.269
0.191
0.124
0.149
0.108
0.185
0.180
0.154
0.153
0.166
0.161
0.213
0.178
0.152
0.157
0.105
0.186
0.159
0.123
0.131
0.191
0.156
0.117
0.159
0.111
0.221
0.128
0.134
0.131
0.243
0.169
0.158
0.132
0.161
0.142
0.160
0.149
0.104
0.132
0.164
0.156
0.121
0.125
0.129
0.143
0.118
0.121
0.139
0.138
0.122
0.131
0.125
0.165
0.172
0.105
0.172
0.151
0.177
0.193
0.241
0.166
0.097
0.117
0.100
0.159
0.157
0.219
0.212
0.184
0.141
0.132
0.171
0.074
0.230
0.128
0.079
0.153
0.147
0.203
0.171
0.173
0.173
0.160
0.239
0.109
0.055
0.099
0.093
0.092
0.180
0.157
0.176
0.151
0.140
0.090
0.196
0.169
0.149
0.153
0.126
0.202
0.136
0.161
0.171
0.071
0.108
0.156
0.199
0.124
0.159
0.140
0.158
0.077
0.164
0.179
0.149
0.140
0.161
0.158
0.165
0.137
0.180
0.125
0.174
0.109
0.191
0.139
0.186
0.215
0.123
0.176
0.179
0.166
0.205
0.177
0.170
0.129
0.119
0.225
0.130
0.119
0.209
0.164
0.123
0.188
0.164
0.130
0.104
0.268
0.086
0.091
0.143
0.164
0.183
0.112
0.106
0.171
0.252
0.165
0.165
0.150
0.165
0.154
0.099
0.190
0.223
0.109
0.127
0.218
0.167
0.148
0.114
0.091
0.149
0.176
0.165
0.133
0.117
0.146
0.185
0.150
0.093
0.140
0.134
0.270
0.093
0.177
0.166
0.138
0.156
0.112
0.184
0.162
0.151
0.107
0.159
0.153
0.203
0.184
0.061
0.083
0.161
0.203
0.150
0.086
0.228
0.126
0.219
0.158
0.158
0.172
0.159
0.183
0.219
0.155
0.165
0.109
0.110
0.110
0.114
0.170
0.151
0.124
0.168
0.121
0.140
0.096
0.247
0.148
0.226
0.146
0.133
0.192
0.116
0.086
0.123
0.140
0.151
0.168
0.097
0.151
0.129
0.216
0.157
0.158
0.157
0.157
0.164
0.195
0.185
0.178
0.162
0.312
0.196
0.172
0.212
0.226
0.083
0.140
0.080
0.195
0.157
0.221
0.162
0.195
0.198
0.165
0.207
0.199
0.134
0.083
0.152
0.140
0.177
0.170
0.205
0.164
0.237
0.111
0.145
0.192
0.195
0.129
0.173
0.104
0.151
0.217
0.128
0.102
0.151
0.188
0.166
0.145
0.223
0.188
0.115
0.211
0.184
0.116
0.111
0.205
0.181
0.241
0.158
0.167
0.107
0.155
0.190
0.229
0.200
0.127
0.140
0.162
0.151
0.161
0.213
0.200
0.132
0.155
0.178
0.121
0.107
0.131
0.204
0.187
0.194
0.163
0.209
0.172
0.128
0.127
0.179
0.250
0.237
0.154
0.151
0.146
0.151
0.175
0.193
0.117
0.145
0.191
0.203
0.171
0.145
0.128
0.145
0.122
0.155
0.201
0.172
0.114
0.117
0.154
0.116
0.107
0.201
0.235
0.145
0.189
0.212
0.104
0.181
0.119
0.235
0.165
0.190
0.141
0.110
0.167
0.162
0.117
0.187
0.185
0.108
0.164
0.166
0.106
0.135
0.197
0.268
0.178
0.166
0.147
0.166
0.146
0.161
0.145
0.215
0.151
0.181
0.205
0.115
0.166
0.201
0.156
0.206
0.142
0.167
0.229
0.099
0.148
0.177
0.139
0.198
0.111
0.203
0.172
0.167
0.173
0.134
0.158
0.112
0.095
0.135
0.141
0.085
0.197
0.110
0.153
0.168
0.141
0.155
0.111
0.209
0.218
0.130
0.202
0.135
0.143
0.173
0.168
0.138
0.303
0.196
0.092
0.182
0.174
0.163
0.193
0.144
0.115
0.142
0.102
0.244
0.077
0.178
0.129
0.171
0.139
0.095
0.130
0.127
0.181
0.171
0.088
0.177
0.160
0.203
0.106
0.270
0.227
0.163
0.135
0.168
0.214
0.175
0.153
0.160
0.137
0.172
0.238
0.159
0.166
0.193
0.139
0.157
0.172
0.241
0.132
0.089
0.163
0.204
0.174
0.160
0.211
0.168
0.162
0.184
0.178
0.178
0.113
0.189
0.145
0.158
0.151
0.099
0.169
0.242
0.215
0.160
0.187
0.135
0.100
0.199
0.167
0.193
0.084
0.152
0.140
0.173
0.123
0.124
0.194
0.148
0.161
0.160
0.154
0.073
0.071
0.135
0.178
0.156
0.172
0.214
0.183
0.134
0.153
0.124
0.165
0.145
0.211
0.099
0.136
0.187
0.128
0.106
0.168
0.098
0.111
0.147
0.138
0.136
0.220
0.206
0.159
0.126
0.183
0.185
0.135
0.156
0.109
0.134
0.142
0.127
0.110
0.148
0.118
0.187
0.140
0.129
0.127
0.121
0.164
0.232
0.172
0.215
0.186
0.117
0.094
0.156
0.151
0.218
0.109
0.139
0.109
0.232
0.158
0.172
0.112
0.151
0.161
0.092
0.181
0.191
0.185
0.167
0.196
0.141
0.116
0.184
0.199
0.228
0.181
0.135
0.187
0.137
0.134
0.153
0.139
0.183
0.162
0.133
0.142
0.124
0.142
0.103
0.165
0.083
0.148
0.139
0.085
0.141
0.188
0.235
0.165
0.170
0.169
0.152
0.090
0.095
0.152
0.127
0.094
0.124
0.169
0.156
0.213
0.142
0.147
0.183
0.118
0.206
0.130
0.190
0.122
0.094
0.190
0.097
0.110
0.146
0.082
0.188
0.221
0.147
0.145
0.166
0.121
0.170
0.131
0.125
0.108
0.136
0.172
0.176
0.149
0.194
0.171
0.214
0.138
0.196
0.133
0.237
0.167
0.089
0.200
0.181
0.170
0.127
0.208
0.188
0.220
0.182
0.165
0.210
0.212
0.139
0.234
0.174
0.142
0.122
0.134
0.115
0.176
0.167
0.128
0.133
0.120
0.092
0.177
0.115
0.096
0.270
0.146
0.121
0.163
0.197
0.176
0.157
0.190
0.118
0.114
0.186
0.137
0.124
0.056
0.175
0.186
0.124
0.121
0.171
0.214
0.154
0.212
0.157
0.122
0.098
0.138
0.151
0.167
0.143
0.141
0.267
0.146
0.198
0.180
0.221
0.103
0.158
0.165
0.185
0.065
0.134
0.159
0.181
0.187
0.142
0.158
0.153
0.214
0.175
0.168
0.106
0.069
0.142
0.154
0.140
0.142
0.089
0.119
0.167
0.181
0.161
0.203
0.205
0.223
0.155
0.108
0.227
0.201
0.150
0.201
0.120
0.162
0.151
0.127
0.119
0.232
0.160
0.235
0.110
0.208
0.256
0.118
0.140
0.135
0.193
0.223
0.140
0.198
0.211
0.142
0.217
0.169
0.187
0.128
0.078
0.118
0.168
0.137
0.175
0.128
0.122
0.230
0.138
0.208
0.205
0.141
0.101
0.127
0.217
0.181
0.137
0.201
0.148
0.186
0.149
0.138
0.121
0.276
0.107
0.136
0.134
0.103
0.194
0.218
0.224
0.149
0.188
0.103
0.207
0.151
0.138
0.092
0.169
0.152
0.168
0.093
0.110
0.185
0.131
0.116
0.118
0.158
0.080
0.157
0.105
0.168
0.184
0.171
0.111
0.237
0.135
0.174
0.143
0.207
0.219
0.055
0.128
0.208
0.141
0.089
0.152
0.228
0.119
0.121
0.106
0.125
0.209
0.202
0.175
0.238
0.205
0.168
0.160
0.097
0.164
0.148
0.179
0.137
0.138
0.167
0.158
0.087
0.160
0.146
0.159
0.121
0.105
0.185
0.141
0.162
0.106
0.143
0.196
0.130
0.178
0.190
0.158
0.173
0.112
0.143
0.184
0.132
0.180
0.146
0.150
0.137
0.197
0.194
0.114
0.134
0.127
0.209
0.185
0.180
0.096
0.150
0.159
0.133
0.197
0.153
0.092
0.140
0.203
0.212
0.174
0.113
0.124
0.237
0.153
0.170
0.194
0.126
0.145
0.174
0.101
0.157
0.204
0.143
0.150
0.139
0.156
0.116
0.101
0.134
0.207
0.158
0.220
0.093
0.173
0.210
0.149
0.188
0.144
0.127
0.096
0.124
0.162
0.233
0.157
0.134
0.160
0.103
0.101
0.238
0.222
0.235
0.229
0.256
0.190
0.222
0.175
0.111
0.136
0.095
0.147
0.148
0.181
0.159
0.252
0.119
0.187
0.168
0.167
0.257
0.186
0.106
0.153
0.144
0.145
0.153
0.218
0.213
0.125
0.076
0.153
0.216
0.211
0.180
0.127
0.150
0.169
0.205
0.122
0.155
0.085
0.078
0.169
0.129
0.213
0.077
0.220
0.139
0.167
0.166
0.128
0.230
0.155
0.190
0.204
0.217
0.147
0.159
0.138
0.184
0.179
0.174
0.198
0.174
0.159
0.180
0.161
0.134
0.114
0.190
0.131
0.134
0.147
0.134
0.193
0.198
0.154
0.127
0.132
0.206
0.159
0.157
0.196
0.092
0.183
0.172
0.113
0.165
0.208
0.121
0.206
0.133
0.168
0.142
0.118
0.165
0.171
0.100
0.191
0.102
0.172
0.075
0.197
0.135
0.109
0.179
0.100
0.146
0.095
0.175
0.172
0.194
0.139
0.106
0.184
0.260
0.140
0.184
0.141
0.163
0.233
0.118
0.119
0.117
0.197
0.197
0.224
0.222
0.157
0.185
0.153
0.175
0.163
0.152
0.150
0.155
0.056
0.199
0.119
0.109
0.142
0.124
0.152
0.229
0.095
0.104
0.156
0.138
0.141
0.096
0.158
0.101
0.194
0.192
0.188
0.157
0.183
0.185
0.141
0.145
0.053
0.092
0.160
0.161
0.183
0.162
0.100
0.218
0.149
0.118
0.154
0.127
0.186
0.177
0.245
0.156
0.213
0.169
0.157
0.129
0.133
0.090
0.164
0.107
0.132
0.147
0.156
0.126
0.110
0.152
0.125
0.095
0.110
0.142
0.172
0.125
0.234
0.233
0.189
0.073
0.181
0.080
0.148
0.132
0.148
0.159
0.094
0.148
0.230
0.132
0.159
0.123
0.142
0.152
0.164
0.118
0.205
0.177
0.131
0.151
0.091
0.190
0.204
0.135
0.166
0.195
0.177
0.111
0.222
0.165
0.136
0.074
0.251
0.173
0.147
0.188
0.160
0.159
0.107
0.154
0.153
0.217
0.172
0.214
0.254
0.176
0.131
0.170
0.127
0.194
0.118
0.197
0.133
0.143
0.156
0.168
0.204
0.137
0.175
0.166
0.156
0.145
0.165
0.230
0.102
0.197
0.104
0.170
0.163
0.160
0.126
0.144
0.096
0.212
0.122
0.120
0.142
0.197
0.189
0.181
0.212
0.198
0.120
0.166
0.171
0.151
0.155
0.099
0.153
0.138
0.139
0.130
0.116
0.183
0.190
0.194
0.152
0.242
0.257
0.198
0.126
0.121
0.115
0.236
0.164
0.115
0.234
0.169
0.113
0.168
0.166
0.115
0.128
0.144
0.123
0.157
0.170
0.164
0.201
0.127
0.174
0.129
0.130
0.163
0.134
0.191
0.127
0.169
0.141
0.136
0.179
0.096
0.179
0.128
0.105
0.148
0.215
0.220
0.222
0.077
0.125
0.127
0.088
0.174
0.192
0.136
0.180
0.204
0.118
0.162
0.127
0.132
0.164
0.164
0.211
0.266
0.164
0.174
0.136
0.200
0.106
0.178
0.232
0.240
0.149
0.193
0.066
0.146
0.102
0.154
0.158
0.140
0.130
0.152
0.181
0.246
0.114
0.233
0.096
0.163
0.117
0.213
0.141
0.126
0.128
0.150
0.088
0.126
0.177
0.185
0.117
0.094
0.126
0.126
0.106
0.209
0.138
0.149
0.101
0.107
0.251
0.171
0.112
0.148
0.137
0.255
0.148
0.206
0.163
0.139
0.196
0.145
0.185
0.116
0.136
0.151
0.108
0.117
0.148
0.127
0.174
0.101
0.153
0.128
0.131
0.149
0.155
0.217
0.198
0.131
0.115
0.200
0.159
0.235
0.213
0.122
0.123
0.081
0.159
0.127
0.150
0.161
0.103
0.088
0.142
0.179
0.157
0.179
0.189
0.105
0.143
0.119
0.161
0.136
0.163
0.150
0.157
0.172
0.131
0.127
0.091
0.135
0.181
0.167
0.198
0.208
0.205
0.125
0.147
0.169
0.244
0.110
0.142
0.219
0.155
0.146
0.147
0.158
0.200
0.170
0.165
0.183
0.217
0.163
0.119
0.158
0.171
0.149
0.166
0.239
0.133
0.168
0.151
0.239
0.102
0.135
0.225
0.107
0.204
0.148
0.226
0.114
0.185
0.178
0.174
0.170
0.141
0.220
0.173
0.205
0.222
0.108
0.095
0.162
0.175
0.149
0.139
0.178
0.219
0.119
0.161
0.166
0.192
0.192
0.151
0.078
0.203
0.118
0.143
0.139
0.080
0.163
0.138
0.203
0.202
0.125
0.179
0.280
0.181
0.112
0.121
0.191
0.190
0.136
0.178
0.081
0.105
0.136
0.194
0.209
0.107
0.220
0.091
0.131
0.126
0.135
0.134
0.155
0.175
0.201
0.189
0.084
0.220
0.119
0.203
0.160
0.145
0.130
0.211
0.141
0.117
0.226
0.118
0.157
0.114
0.109
0.139
0.212
0.078
0.059
0.149
0.115
0.188
0.132
0.115
0.200
0.141
0.149
0.174
0.159
0.186
0.185
0.200
0.123
0.128
0.178
0.145
0.179
0.178
0.133
0.181
0.189
0.207
0.150
0.330
0.188
0.136
0.181
0.111
0.156
0.133
0.138
0.116
0.128
0.278
0.131
0.139
0.148
0.210
0.161
0.089
0.118
0.171
0.139
0.141
0.109
0.125
0.209
0.129
0.158
0.126
0.164
0.218
0.139
0.176
0.137
0.195
0.127
0.181
0.140
0.221
0.175
0.110
0.221
0.167
0.199
0.152
0.137
0.102
0.219
0.189
0.152
0.190
0.145
0.180
0.218
0.142
0.153
0.146
0.149
0.239
0.262
0.128
0.116
0.133
0.121
0.185
0.213
0.132
0.185
0.145
0.233
0.161
0.141
0.155
0.140
0.136
0.144
0.157
0.149
0.246
0.180
0.170
0.158
0.112
0.183
0.147
0.181
0.228
0.159
0.165
0.204
0.179
0.150
0.177
0.175
0.176
0.150
0.169
0.131
0.189
0.132
0.209
0.173
0.292
0.155
0.203
0.183
0.132
0.169
0.183
0.154
0.118
0.144
0.216
0.188
0.096
0.144
0.125
0.142
0.174
0.142
0.079
0.154
0.156
0.202
0.119
0.180
0.106
0.072
0.129
0.171
0.138
0.165
0.139
0.142
0.194
0.217
0.140
0.145
0.145
0.116
0.127
0.078
0.132
0.155
0.083
0.184
0.181
0.111
0.143
0.159
0.115
0.151
0.181
0.262
0.178
0.172
0.127
0.201
0.154
0.185
0.203
0.180
0.108
0.132
0.111
0.111
0.137
0.136
0.164
0.156
0.078
0.180
0.181
0.117
0.170
0.185
0.176
0.153
0.081
0.107
0.145
0.104
0.138
0.174
0.207
0.155
0.165
0.180
0.084
0.093
0.140
0.237
0.080
0.095
0.167
0.138
0.148
0.135
0.226
0.157
0.234
0.109
0.129
0.086
0.179
0.126
0.214
0.151
0.147
0.197
0.130
0.202
0.127
0.242
0.140
0.140
0.218
0.163
0.181
0.122
0.241
0.166
0.131
0.187
0.215
0.103
0.070
0.167
0.112
0.213
0.178
0.130
0.169
0.111
0.126
0.115
0.185
0.264
0.205
0.221
0.246
0.171
0.165
0.177
0.197
0.156
0.167
0.213
0.226
0.089
0.165
0.202
0.162
0.118
0.162
0.164
0.130
0.097
0.199
0.179
0.289
0.202
0.188
0.174
0.179
0.178
0.159
0.191
0.189
0.192
0.136
0.104
0.307
0.171
0.264
0.241
0.131
0.162
0.154
0.237
0.125
0.069
0.067
0.181
0.130
0.094
0.149
0.166
0.161
0.135
0.099
0.109
0.132
0.126
0.121
0.165
0.167
0.159
0.208
0.221
0.080
0.176
0.141
0.147
0.175
0.164
0.221
0.133
0.174
0.144
0.163
0.226
0.128
0.156
0.198
0.242
0.135
0.152
0.196
0.176
0.112
0.220
0.181
0.204
0.110
0.106
0.171
0.137
0.157
0.191
0.200
0.204
0.200
0.138
0.081
0.088
0.192
0.152
0.179
0.205
0.133
0.250
0.124
0.144
0.188
0.187
0.133
0.172
0.127
0.173
0.183
0.126
0.212
0.088
0.197
0.213
0.135
0.269
0.189
0.222
0.132
0.242
0.188
0.073
0.131
0.129
0.119
0.145
0.177
0.104
0.165
0.205
0.187
0.165
0.156
0.136
0.169
0.208
0.169
0.196
0.164
0.118
0.170
0.132
0.151
0.098
0.135
0.195
0.108
0.154
0.174
0.183
0.144
0.179
0.165
0.140
0.066
0.094
0.142
0.231
0.152
0.144
0.129
0.227
0.198
0.172
0.174
0.155
0.198
0.153
0.131
0.177
0.107
0.199
0.135
0.159
0.123
0.132
0.178
0.125
0.253
0.136
0.154
0.162
0.113
0.136
0.180
0.140
0.192
0.157
0.177
0.145
0.187
0.121
0.201
0.133
0.157
0.157
0.150
0.120
0.134
0.204
0.115
0.167
0.205
0.135
0.187
0.125
0.191
0.145
0.166
0.101
0.140
0.140
0.167
0.162
0.106
0.107
0.129
0.102
0.180
0.142
0.221
0.233
0.129
0.164
0.217
0.148
0.201
0.127
0.195
0.128
0.171
0.184
0.124
0.212
0.144
0.096
0.120
0.097
0.181
0.170
0.137
0.211
0.132
0.097
0.122
0.153
0.122
0.081
0.187
0.231
0.135
0.173
0.201
0.141
0.151
0.215
0.194
0.155
0.165
0.135
0.148
0.167
0.180
0.143
0.189
0.135
0.140
0.209
0.128
0.181
0.109
0.123
0.133
0.124
0.212
0.126
0.169
0.141
0.166
0.160
0.140
0.106
0.159
0.147
0.156
0.211
0.239
0.196
0.197
0.160
0.136
0.121
0.144
0.181
0.111
0.147
0.186
0.151
0.156
0.079
0.124
0.235
0.123
0.213
0.252
0.169
0.170
0.210
0.137
0.195
0.161
0.183
0.175
0.149
0.106
0.165
0.154
0.171
0.169
0.179
0.231
0.130
0.174
0.116
0.186
0.199
0.204
0.137
0.151
0.190
0.135
0.194
0.182
0.215
0.158
0.129
0.182
0.188
0.114
0.201
0.257
0.142
0.187
0.143
0.195
0.112
0.210
0.125
0.187
0.117
0.117
0.114
0.174
0.143
0.086
0.153
0.190
0.268
0.111
0.143
0.145
0.178
0.185
0.099
0.202
0.183
0.140
0.174
0.173
0.132
0.154
0.147
0.143
0.136
0.142
0.205
0.199
0.205
0.123
0.127
0.163
0.163
0.150
0.097
0.120
0.181
0.205
0.130
0.124
0.204
0.190
0.230
0.217
0.126
0.154
0.122
0.126
0.140
0.181
0.131
0.107
0.174
0.201
0.137
0.113
0.157
0.172
0.097
0.172
0.177
0.188
0.171
0.143
0.136
0.108
0.228
0.101
0.172
0.156
0.206
0.134
0.178
0.098
0.115
0.236
0.194
0.155
0.134
0.118
0.113
0.138
0.167
0.150
0.102
0.185
0.098
0.170
0.157
0.115
0.235
0.177
0.193
0.119
0.150
0.141
0.145
0.072
0.125
0.203
0.187
0.179
0.176
0.139
0.084
0.149
0.167
0.084
0.221
0.215
0.130
0.185
0.150
0.235
0.175
0.143
0.112
0.195
0.202
0.122
0.130
0.162
0.156
0.151
0.171
0.168
0.138
0.186
0.149
0.123
0.167
0.114
0.216
0.195
0.135
0.152
0.178
0.116
0.210
0.239
0.154
0.168
0.210
0.256
0.220
0.179
0.141
0.172
0.167
0.133
0.111
0.132
0.092
0.147
0.179
0.135
0.189
0.168
0.239
0.172
0.101
0.199
0.123
0.171
0.227
0.065
0.117
0.076
0.155
0.111
0.154
0.231
0.116
0.161
0.162
0.182
0.131
0.168
0.142
0.136
0.183
0.160
0.162
0.136
0.165
0.148
0.113
0.066
0.140
0.171
0.161
0.184
0.181
0.164
0.152
0.142
0.202
0.190
0.133
0.199
0.165
0.150
0.104
0.124
0.277
0.128
0.239
0.182
0.124
0.135
0.168
0.207
0.147
0.151
0.141
0.130
0.155
0.144
0.209
0.125
0.125
0.219
0.112
0.106
0.137
0.117
0.201
0.187
0.271
0.241
0.165
0.123
0.211
0.164
0.175
0.177
0.138
0.125
0.174
0.150
0.172
0.190
0.235
0.142
0.131
0.107
0.135
0.138
0.198
0.185
0.167
0.124
0.221
0.148
0.233
0.181
0.225
0.178
0.180
0.146
0.111
0.220
0.100
0.130
0.216
0.204
0.211
0.179
0.302
0.175
0.123
0.102
0.191
0.160
0.192
0.125
0.146
0.170
0.074
0.133
0.112
0.133
0.150
0.186
0.107
0.136
0.096
0.146
0.106
0.171
0.127
0.117
0.101
0.145
0.158
0.195
0.151
0.219
0.175
0.161
0.195
0.209
0.133
0.184
0.172
0.076
0.206
0.240
0.189
0.106
0.111
0.144
0.117
0.133
0.142
0.189
0.135
0.109
0.127
0.163
0.163
0.152
0.095
0.150
0.070
0.143
0.250
0.172
0.163
0.131
0.084
0.195
0.143
0.123
0.185
0.187
0.233
0.151
0.106
0.111
0.133
0.189
0.173
0.201
0.182
0.196
0.189
0.147
0.155
0.127
0.234
0.209
0.085
0.110
0.140
0.234
0.157
0.148
0.145
0.209
0.161
0.115
0.167
0.165
0.177
0.106
0.189
0.085
0.200
0.161
0.183
0.128
0.166
0.140
0.146
0.105
0.151
0.156
0.192
0.166
0.186
0.122
0.139
0.104
0.087
0.087
0.174
0.146
0.149
0.185
0.199
0.173
0.171
0.249
0.126
0.194
0.152
0.167
0.127
0.131
0.199
0.180
0.200
0.126
0.178
0.257
0.133
0.250
0.270
0.148
0.137
0.145
0.103
0.171
0.129
0.106
0.181
0.118
0.157
0.203
0.193
0.185
0.167
0.108
0.140
0.170
0.096
0.156
0.201
0.166
0.201
0.140
0.136
0.153
0.111
0.143
0.144
0.142
0.160
0.158
0.106
0.120
0.106
0.079
0.140
0.125
0.198
0.142
0.209
0.183
0.217
0.110
0.127
0.120
0.160
0.228
0.201
0.135
0.104
0.120
0.158
0.156
0.206
0.318
0.147
0.119
0.174
0.197
0.104
0.147
0.211
0.221
0.163
0.150
0.200
0.094
0.111
0.150
0.183
0.143
0.260
0.191
0.196
0.126
0.214
0.109
0.211
0.189
0.137
0.155
0.151
0.097
0.171
0.175
0.130
0.246
0.118
0.129
0.121
0.171
0.192
0.103
0.144
0.126
0.159
0.127
0.145
0.189
0.121
0.117
0.145
0.238
0.163
0.141
0.091
0.125
0.144
0.135
0.201
0.179
0.222
0.152
0.183
0.077
0.181
0.168
0.111
0.197
0.124
0.162
0.156
0.153
0.167
0.169
0.174
0.142
0.186
0.123
0.128
0.188
0.158
0.102
0.141
0.172
0.216
0.160
0.163
0.132
0.162
0.136
0.128
0.067
0.177
0.165
0.315
0.093
0.217
0.155
0.206
0.108
0.155
0.153
0.102
0.123
0.231
0.125
0.141
0.120
0.140
0.186
0.178
0.124
0.158
0.069
0.199
0.194
0.177
0.151
0.153
0.158
0.106
0.151
0.143
0.150
0.181
0.129
0.148
0.110
0.124
0.208
0.152
0.122
0.181
0.215
0.117
0.156
0.180
0.113
0.146
0.173
0.088
0.154
0.123
0.172
0.203
0.251
0.074
0.247
0.125
0.202
0.199
0.135
0.141
0.178
0.191
0.163
0.140
0.118
0.223
0.096
0.117
0.197
0.096
0.147
0.149
0.142
0.183
0.191
0.140
0.111
0.177
0.109
0.153
0.251
0.120
0.140
0.102
0.171
0.224
0.195
0.160
0.151
0.112
0.133
0.162
0.193
0.115
0.101
0.178
0.119
0.131
0.167
0.197
0.188
0.105
0.089
0.077
0.122
0.308
0.183
0.085
0.181
0.189
0.208
0.185
0.139
0.167
0.111
0.191
0.235
0.143
0.163
0.152
0.134
0.149
0.116
0.129
0.235
0.199
0.148
0.130
0.141
0.182
0.173
0.187
0.140
0.166
0.125
0.195
0.154
0.139
0.169
0.116
0.165
0.149
0.147
0.203
0.214
0.245
0.210
0.195
0.137
0.175
0.221
0.171
0.126
0.204
0.191
0.151
0.107
0.185
0.177
0.182
0.194
0.242
0.125
0.210
0.212
0.185
0.152
0.171
0.249
0.172
0.184
0.061
0.219
0.112
0.116
0.227
0.134
0.072
0.140
0.103
0.152
0.110
0.104
0.094
0.121
0.227
0.280
0.168
0.118
0.194
0.189
0.151
0.119
0.107
0.121
0.156
0.162
0.153
0.123
0.163
0.147
0.144
0.187
0.181
0.231
0.187
0.160
0.173
0.188
0.157
0.204
0.142
0.142
0.126
0.172
0.146
0.150
0.158
0.204
0.265
0.116
0.185
0.156
0.181
0.117
0.165
0.100
0.142
0.116
0.102
0.193
0.089
0.141
0.157
0.153
0.153
0.213
0.195
0.180
0.100
0.132
0.209
0.142
0.213
0.206
0.140
0.138
0.220
0.103
0.173
0.131
0.134
0.136
0.153
0.152
0.106
0.176
0.136
0.141
0.176
0.159
0.162
0.110
0.167
0.154
0.257
0.121
0.134
0.134
0.171
0.127
0.175
0.124
0.189
0.136
0.181
0.120
0.159
0.200
0.139
0.072
0.082
0.184
0.216
0.208
0.172
0.119
0.227
0.138
0.126
0.183
0.134
0.174
0.196
0.188
0.162
0.114
0.174
0.183
0.132
0.106
0.127
0.121
0.227
0.168
0.307
0.130
0.121
0.127
0.095
0.156
0.231
0.173
0.250
0.107
0.114
0.126
0.231
0.110
0.159
0.202
0.116
0.235
0.132
0.142
0.169
0.158
0.218
0.141
0.170
0.167
0.250
0.140
0.090
0.086
0.181
0.159
0.110
0.169
0.162
0.233
0.154
0.148
0.181
0.140
0.167
0.185
0.153
0.172
0.185
0.111
0.161
0.181
0.143
0.171
0.196
0.143
0.188
0.231
0.185
0.140
0.218
0.161
0.086
0.252
0.152
0.212
0.192
0.098
0.166
0.171
0.117
0.118
0.088
0.184
0.169
0.126
0.147
0.155
0.088
0.090
0.193
0.104
0.193
0.090
0.103
0.135
0.278
0.194
0.163
0.210
0.184
0.091
0.120
0.132
0.175
0.226
0.205
0.188
0.204
0.112
0.137
0.132
0.125
0.177
0.134
0.165
0.162
0.186
0.132
0.212
0.118
0.282
0.169
0.184
0.162
0.199
0.189
0.187
0.157
0.197
0.118
0.169
0.092
0.138
0.173
0.187
0.100
0.150
0.112
0.140
0.166
0.137
0.216
0.201
0.161
0.178
0.210
0.093
0.117
0.151
0.071
0.148
0.083
0.095
0.170
0.116
0.179
0.165
0.204
0.153
0.141
0.137
0.101
0.165
0.172
0.164
0.250
0.171
0.143
0.161
0.171
0.203
0.153
0.158
0.205
0.146
0.143
0.208
0.176
0.130
0.117
0.135
0.150
0.090
0.149
0.240
0.183
0.173
0.227
0.179
0.150
0.180
0.181
0.199
0.214
0.150
0.161
0.163
0.140
0.133
0.133
0.104
0.081
0.107
0.155
0.127
0.171
0.164
0.135
0.148
0.201
0.136
0.164
0.141
0.109
0.159
0.133
0.149
0.234
0.097
0.157
0.190
0.125
0.211
0.156
0.144
0.145
0.176
0.156
0.221
0.138
0.234
0.154
0.189
0.190
0.081
0.105
0.089
0.123
0.105
0.129
0.121
0.171
0.103
0.134
0.253
0.154
0.160
0.114
0.140
0.140
0.181
0.119
0.183
0.094
0.188
0.113
0.151
0.142
0.190
0.145
0.112
0.075
0.223
0.189
0.212
0.123
0.125
0.172
0.183
0.219
0.185
0.098
0.237
0.153
0.111
0.180
0.148
0.105
0.271
0.227
0.102
0.171
0.098
0.111
0.174
0.172
0.219
0.170
0.149
0.155
0.188
0.104
0.200
0.199
0.125
0.206
0.180
0.110
0.204
0.146
0.174
0.227
0.105
0.194
0.125
0.172
0.153
0.129
0.146
0.190
0.138
0.156
0.140
0.203
0.109
0.185
0.092
0.141
0.157
0.153
0.145
0.141
0.246
0.200
0.219
0.189
0.120
0.167
0.156
0.203
0.153
0.252
0.179
0.095
0.207
0.179
0.167
0.141
0.145
0.161
0.171
0.150
0.173
0.179
0.144
0.211
0.251
0.142
0.163
0.178
0.151
0.202
0.163
0.156
0.134
0.213
0.185
0.135
0.134
0.203
0.144
0.125
0.134
0.106
0.133
0.125
0.159
0.132
0.114
0.131
0.223
0.184
0.150
0.222
0.184
0.090
0.194
0.196
0.217
0.184
0.171
0.167
0.132
0.200
0.171
0.212
0.203
0.169
0.202
0.230
0.214
0.121
0.150
0.176
0.185
0.151
0.169
0.261
0.208
0.146
0.179
0.152
0.225
0.119
0.158
0.198
0.184
0.180
0.159
0.096
0.171
0.135
0.157
0.115
0.165
0.095
0.211
0.248
0.139
0.159
0.119
0.139
0.240
0.189
0.150
0.140
0.089
0.103
0.106
0.175
0.187
0.168
0.114
0.168
0.179
0.203
0.190
0.131
0.197
0.165
0.214
0.163
0.197
0.176
0.156
0.146
0.162
0.276
0.143
0.219
0.195
0.159
0.181
0.119
0.193
0.180
0.189
0.128
0.157
0.184
0.237
0.165
0.157
0.237
0.104
0.184
0.123
0.169
0.170
0.174
0.174
0.137
0.166
0.157
0.178
0.127
0.162
0.265
0.158
0.099
0.132
0.181
0.202
0.198
0.196
0.173
0.230
0.156
0.192
0.157
0.221
0.148
0.158
0.098
0.275
0.184
0.196
0.115
0.156
0.143
0.203
0.136
0.094
0.186
0.120
0.154
0.186
0.161
0.133
0.133
0.261
0.224
0.170
0.166
0.163
0.068
0.158
0.155
0.121
0.110
0.156
0.195
0.109
0.122
0.148
0.173
0.243
0.144
0.141
0.151
0.168
0.235
0.232
0.185
0.124
0.110
0.050
0.086
0.124
0.102
0.173
0.107
0.163
0.146
0.107
0.180
0.155
0.171
0.193
0.166
0.139
0.213
0.066
0.126
0.186
0.100
0.180
0.114
0.107
0.215
0.161
0.162
0.119
0.089
0.186
0.176
0.161
0.147
0.139
0.115
0.151
0.153
0.173
0.106
0.168
0.127
0.150
0.149
0.146
0.131
0.227
0.111
0.150
0.128
0.137
0.149
0.169
0.222
0.175
0.169
0.135
0.170
0.121
0.154
0.096
0.231
0.124
0.130
0.190
0.172
0.182
0.175
0.081
0.159
0.165
0.200
0.197
0.172
0.106
0.135
0.170
0.130
0.151
0.158
0.167
0.145
0.107
0.195
0.176
0.175
0.161
0.128
0.174
0.106
0.149
0.144
0.224
0.108
0.290
0.173
0.170
0.177
0.097
0.130
0.172
0.139
0.138
0.137
0.171
0.144
0.119
0.159
0.091
0.160
0.255
0.129
0.123
0.126
0.088
0.118
0.136
0.136
0.122
0.105
0.142
0.203
0.131
0.152
0.155
0.168
0.167
0.099
0.167
0.190
0.128
0.117
0.170
0.165
0.206
0.176
0.225
0.181
0.210
0.081
0.136
0.143
0.212
0.261
0.109
0.300
0.134
0.127
0.196
0.191
0.121
0.147
0.159
0.190
0.176
0.171
0.125
0.088
0.158
0.077
0.120
0.094
0.138
0.156
0.172
0.141
0.109
0.207
0.158
0.100
0.115
0.233
0.159
0.130
0.175
0.141
0.133
0.130
0.131
0.097
0.187
0.173
0.195
0.184
0.134
0.183
0.130
0.140
0.160
0.261
0.168
0.155
0.181
0.108
0.198
0.128
0.166
0.124
0.223
0.090
0.128
0.188
0.217
0.131
0.204
0.133
0.123
0.148
0.135
0.139
0.187
0.123
0.180
0.108
0.105
0.123
0.200
0.150
0.148
0.108
0.108
0.146
0.127
0.088
0.101
0.153
0.172
0.162
0.178
0.157
0.101
0.240
0.135
0.149
0.245
0.205
0.216
0.175
0.100
0.152
0.157
0.265
0.181
0.201
0.142
0.267
0.148
0.165
0.135
0.156
0.187
0.122
0.132
0.153
0.164
0.138
0.152
0.171
0.105
0.223
0.109
0.180
0.095
0.145
0.140
0.162
0.145
0.159
0.220
0.125
0.103
0.137
0.134
0.152
0.205
0.196
0.163
0.160
0.213
0.146
0.109
0.142
0.159
0.180
0.095
0.184
0.181
0.215
0.247
0.186
0.131
0.103
0.129
0.216
0.177
0.148
0.186
0.148
0.187
0.157
0.192
0.163
0.144
0.090
0.169
0.264
0.108
0.137
0.096
0.216
0.221
0.152
0.174
0.152
0.191
0.061
0.155
0.141
0.087
0.228
0.132
0.176
0.168
0.171
0.196
0.110
0.153
0.136
0.159
0.204
0.158
0.157
0.169
0.142
0.162
0.145
0.203
0.109
0.180
0.144
0.131
0.128
0.136
0.276
0.163
0.149
0.118
0.132
0.126
0.164
0.195
0.088
0.261
0.168
0.149
0.114
0.120
0.173
0.124
0.152
0.157
0.143
0.134
0.181
0.114
0.086
0.150
0.146
0.193
0.183
0.188
0.250
0.133
0.180
0.111
0.159
0.119
0.247
0.161
0.243
0.172
0.235
0.183
0.169
0.111
0.131
0.195
0.132
0.172
0.161
0.242
0.197
0.123
0.142
0.213
0.163
0.182
0.110
0.125
0.182
0.166
0.123
0.141
0.209
0.204
0.172
0.178
0.128
0.117
0.119
0.243
0.205
0.165
0.165
0.210
0.167
0.122
0.143
0.206
0.185
0.127
0.162
0.153
0.164
0.067
0.178
0.137
0.194
0.185
0.185
0.152
0.184
0.163
0.144
0.128
0.185
0.139
0.189
0.126
0.146
0.255
0.156
0.154
0.113
0.134
0.164
0.095
0.233
0.171
0.142
0.086
0.168
0.065
0.125
0.227
0.120
0.213
0.136
0.105
0.159
0.220
0.164
0.164
0.199
0.166
0.180
0.232
0.145
0.188
0.104
0.178
0.184
0.186
0.145
0.216
0.153
0.126
0.199
0.194
0.134
0.210
0.209
0.104
0.183
0.133
0.176
0.205
0.160
0.087
0.218
0.221
0.171
0.163
0.118
0.183
0.073
0.118
0.150
0.130
0.118
0.169
0.158
0.196
0.146
0.189
0.136
0.170
0.112
0.131
0.130
0.126
0.148
0.147
0.045
0.113
0.111
0.141
0.152
0.167
0.166
0.123
0.233
0.176
0.130
0.165
0.148
0.120
0.222
0.099
0.204
0.157
0.150
0.110
0.196
0.197
0.116
0.149
0.177
0.173
0.230
0.143
0.174
0.099
0.174
0.076
0.150
0.206
0.194
0.208
0.127
0.175
0.151
0.113
0.199
0.187
0.192
0.203
0.193
0.162
0.089
0.200
0.134
0.152
0.160
0.187
0.123
0.113
0.192
0.153
0.154
0.171
0.164
0.135
0.144
0.158
0.147
0.133
0.157
0.061
0.185
0.146
0.183
0.081
0.085
0.209
0.294
0.085
0.125
0.115
0.210
0.167
0.154
0.185
0.131
0.146
0.152
0.173
0.200
0.133
0.219
0.186
0.133
0.135
0.196
0.133
0.141
0.164
0.142
0.125
0.176
0.094
0.114
0.182
0.250
0.140
0.175
0.177
0.189
0.108
0.241
0.147
0.127
0.202
0.191
0.218
0.147
0.219
0.204
0.118
0.097
0.205
0.223
0.139
0.134
0.227
0.152
0.199
0.132
0.151
0.117
0.206
0.131
0.188
0.110
0.067
0.162
0.244
0.147
0.203
0.147
0.203
0.211
0.114
0.184
0.177
0.119
0.141
0.123
0.072
0.153
0.266
0.197
0.137
0.186
0.146
0.153
0.203
0.170
0.218
0.209
0.225
0.122
0.187
0.218
0.176
0.083
0.156
0.161
0.224
0.099
0.179
0.179
0.202
0.084
0.150
0.147
0.108
0.138
0.149
0.177
0.215
0.141
0.116
0.126
0.148
0.165
0.164
0.188
0.248
0.158
0.080
0.139
0.079
0.172
0.132
0.193
0.119
0.274
0.165
0.156
0.137
0.244
0.173
0.131
0.103
0.157
0.099
0.212
0.159
0.174
0.174
0.117
0.149
0.123
0.193
0.155
0.173
0.132
0.187
0.150
0.173
0.124
0.178
0.165
0.095
0.241
0.140
0.182
0.096
0.150
0.111
0.112
0.212
0.201
0.149
0.115
0.207
0.161
0.164
0.136
0.190
0.084
0.146
0.203
0.165
0.132
0.155
0.162
0.219
0.156
0.176
0.223
0.141
0.170
0.188
0.132
0.157
0.200
0.181
0.126
0.126
0.111
0.121
0.186
0.189
0.140
0.177
0.230
0.158
0.158
0.097
0.150
0.157
0.212
0.079
0.144
0.108
0.182
0.108
0.140
0.169
0.243
0.124
0.195
0.166
0.106
0.067
0.229
0.226
0.113
0.171
0.140
0.150
0.165
0.179
0.096
0.152
0.121
0.126
0.182
0.141
0.257
0.220
0.143
0.186
0.134
0.109
0.152
0.159
0.169
0.237
0.130
0.148
0.162
0.149
0.131
0.093
0.257
0.208
0.162
0.135
0.135
0.131
0.144
0.209
0.131
0.154
0.125
0.171
0.137
0.214
0.183
0.079
0.141
0.187
0.205
0.154
0.162
0.235
0.160
0.156
0.136
0.157
0.165
0.159
0.265
0.136
0.102
0.151
0.172
0.160
0.196
0.186
0.124
0.180
0.152
0.220
0.173
0.132
0.270
0.156
0.201
0.151
0.136
0.172
0.301
0.153
0.129
0.162
0.102
0.177
0.112
0.150
0.169
0.106
0.155
0.150
0.181
0.141
0.107
0.147
0.107
0.110
0.224
0.141
0.144
0.172
0.198
0.150
0.226
0.173
0.195
0.192
0.135
0.152
0.142
0.129
0.124
0.179
0.122
0.158
0.172
0.107
0.216
0.100
0.166
0.202
0.116
0.085
0.230
0.218
0.138
0.141
0.140
0.085
0.280
0.154
0.175
0.184
0.176
0.183
0.129
0.162
0.151
0.131
0.272
0.155
0.217
0.142
0.178
0.207
0.210
0.128
0.169
0.180
0.158
0.151
0.164
0.103
0.160
0.077
0.152
0.093
0.164
0.120
0.151
0.119
0.142
0.124
0.152
0.181
0.184
0.076
0.169
0.144
0.151
0.163
0.220
0.104
0.187
0.137
0.101
0.135
0.179
0.117
0.212
0.115
0.136
0.141
0.187
0.149
0.216
0.107
0.205
0.096
0.095
0.118
0.152
0.073
0.168
0.163
0.217
0.158
0.165
0.089
0.154
0.100
0.146
0.173
0.230
0.182
0.109
0.282
0.251
0.176
0.140
0.190
0.113
0.170
0.120
0.173
0.192
0.168
0.209
0.110
0.136
0.127
0.157
0.115
0.137
0.138
0.157
0.201
0.117
0.099
0.106
0.218
0.199
0.149
0.198
0.296
0.172
0.153
0.158
0.152
0.110
0.162
0.075
0.112
0.088
0.165
0.126
0.095
0.138
0.131
0.164
0.087
0.155
0.147
0.126
0.071
0.226
0.141
0.162
0.166
0.245
0.153
0.151
0.174
0.211
0.103
0.151
0.153
0.150
0.124
0.118
0.146
0.171
0.164
0.127
0.120
0.121
0.276
0.145
0.112
0.147
0.120
0.181
0.160
0.162
0.232
0.168
0.140
0.177
0.136
0.235
0.139
0.111
0.204
0.151
0.238
0.152
0.133
0.153
0.171
0.124
0.214
0.191
0.121
0.183
0.108
0.168
0.197
0.158
0.161
0.155
0.150
0.172
0.149
0.101
0.106
0.175
0.211
0.095
0.239
0.243
0.191
0.122
0.116
0.106
0.205
0.207
0.235
0.209
0.088
0.143
0.175
0.126
0.169
0.136
0.196
0.234
0.097
0.095
0.187
0.216
0.130
0.153
0.192
0.097
0.144
0.091
0.164
0.155
0.134
0.192
0.140
0.203
0.191
0.148
0.232
0.123
0.096
0.111
0.109
0.146
0.149
0.190
0.178
0.160
0.184
0.126
0.195
0.210
0.131
0.157
0.218
0.185
0.213
0.103
0.074
0.136
0.199
0.222
0.155
0.126
0.275
0.110
0.177
0.181
0.203
0.135
0.144
0.181
0.191
0.121
0.154
0.100
0.140
0.196
0.110
0.159
0.171
0.124
0.135
0.162
0.104
0.243
0.194
0.113
0.117
0.185
0.088
0.195
0.222
0.157
0.186
0.274
0.154
0.252
0.104
0.058
0.114
0.153
0.123
0.163
0.158
0.210
0.144
0.173
0.198
0.110
0.126
0.114
0.227
0.271
0.106
0.170
0.168
0.146
0.124
0.157
0.168
0.145
0.150
0.164
0.255
0.208
0.164
0.146
0.168
0.118
0.157
0.233
0.151
0.101
0.194
0.195
0.249
0.154
0.192
0.166
0.215
0.150
0.151
0.156
0.171
0.150
0.104
0.159
0.144
0.175
0.182
0.126
0.188
0.153
0.120
0.173
0.219
0.109
0.224
0.121
0.158
0.184
0.148
0.155
0.092
0.131
0.132
0.178
0.182
0.213
0.172
0.166
0.125
0.164
0.105
0.170
0.168
0.165
0.185
0.171
0.165
0.157
0.121
0.185
0.200
0.156
0.152
0.086
0.210
0.167
0.127
0.151
0.149
0.239
0.197
0.235
0.254
0.172
0.154
0.141
0.186
0.145
0.147
0.151
0.084
0.189
0.195
0.142
0.157
0.117
0.131
0.093
0.145
0.191
0.202
0.213
0.124
0.111
0.174
0.136
0.096
0.099
0.117
0.141
0.158
0.134
0.150
0.163
0.089
0.137
0.135
0.185
0.095
0.156
0.202
0.180
0.197
0.166
0.192
0.131
0.194
0.146
0.086
0.237
0.126
0.178
0.300
0.199
0.149
0.149
0.199
0.103
0.153
0.128
0.196
0.138
0.195
0.204
0.151
0.135
0.105
0.144
0.124
0.182
0.210
0.134
0.196
0.121
0.161
0.094
0.161
0.155
0.142
0.146
0.162
0.144
0.124
0.248
0.149
0.125
0.152
0.201
0.145
0.155
0.155
0.161
0.147
0.118
0.231
0.227
0.167
0.179
0.138
0.188
0.154
0.163
0.162
0.108
0.198
0.150
0.191
0.152
0.130
0.164
0.172
0.190
0.155
0.141
0.251
0.115
0.130
0.105
0.215
0.179
0.219
0.136
0.150
0.165
0.203
0.154
0.169
0.151
0.185
0.163
0.130
0.156
0.163
0.212
0.133
0.159
0.305
0.196
0.106
0.186
0.150
0.251
0.196
0.121
0.126
0.187
0.232
0.162
0.186
0.120
0.127
0.181
0.117
0.119
0.214
0.175
0.134
0.170
0.128
0.136
0.146
0.160
0.064
0.176
0.147
0.142
0.161
0.240
0.111
0.147
0.135
0.104
0.095
0.192
0.104
0.131
0.258
0.114
0.108
0.132
0.155
0.067
0.187
0.116
0.149
0.181
0.142
0.084
0.149
0.189
0.173
0.177
0.222
0.141
0.180
0.125
0.217
0.140
0.094
0.250
0.187
0.192
0.115
0.199
0.147
0.174
0.178
0.094
0.185
0.105
0.122
0.168
0.142
0.163
0.149
0.161
0.213
0.218
0.134
0.102
0.162
0.209
0.210
0.197
0.190
0.166
0.147
0.139
0.097
0.167
0.184
0.120
0.183
0.129
0.179
0.138
0.152
0.128
0.155
0.208
0.201
0.193
0.213
0.190
0.163
0.116
0.175
0.174
0.133
0.145
0.113
0.067
0.096
0.183
0.158
0.140
0.151
0.174
0.232
0.212
0.172
0.105
0.164
0.127
0.206
0.201
0.127
0.158
0.252
0.133
0.206
0.155
0.149
0.127
0.170
0.148
0.183
0.187
0.185
0.237
0.130
0.158
0.161
0.163
0.145
0.184
0.114
0.196
0.078
0.194
0.155
0.160
0.123
0.125
0.103
0.189
0.163
0.129
0.075
0.194
0.162
0.181
0.292
0.219
0.131
0.120
0.089
0.212
0.155
0.175
0.276
0.221
0.229
0.284
0.192
0.212
0.130
0.183
0.162
0.130
0.208
0.125
0.159
0.149
0.138
0.130
0.090
0.184
0.224
0.154
0.096
0.168
0.079
0.116
0.159
0.110
0.145
0.148
0.232
0.173
0.149
0.212
0.153
0.181
0.197
0.165
0.125
0.146
0.092
0.159
0.152
0.098
0.182
0.188
0.189
0.134
0.169
0.114
0.198
0.122
0.101
0.113
0.229
0.173
0.203
0.165
0.192
0.161
0.143
0.074
0.124
0.175
0.178
0.104
0.160
0.236
0.093
0.191
0.174
0.131
0.138
0.173
0.217
0.110
0.226
0.158
0.229
0.146
0.130
0.192
0.183
0.132
0.178
0.166
0.155
0.170
0.167
0.158
0.167
0.149
0.197
0.159
0.185
0.100
0.110
0.190
0.138
0.163
0.126
0.244
0.221
0.144
0.101
0.171
0.145
0.127
0.218
0.213
0.154
0.150
0.163
0.234
0.247
0.127
0.236
0.125
0.130
0.154
0.178
0.165
0.128
0.166
0.231
0.199
0.147
0.091
0.196
0.199
0.114
0.111
0.114
0.205
0.192
0.224
0.151
0.132
0.184
0.180
0.116
0.107
0.166
0.132
0.241
0.160
0.107
0.172
0.132
0.119
0.174
0.100
0.237
0.142
0.159
0.125
0.197
0.150
0.151
0.142
0.149
0.172
0.145
0.194
0.213
0.169
0.191
0.143
0.208
0.243
0.108
0.121
0.138
0.266
0.151
0.136
0.168
0.128
0.155
0.164
0.110
0.135
0.141
0.185
0.210
0.143
0.187
0.139
0.143
0.123
0.230
0.209
0.178
0.130
0.110
0.170
0.147
0.147
0.186
0.158
0.149
0.132
0.149
0.120
0.124
0.123
0.196
0.256
0.159
0.167
0.139
0.162
0.237
0.181
0.227
0.239
0.123
0.146
0.174
0.137
0.110
0.101
0.199
0.132
0.149
0.127
0.162
0.142
0.149
0.139
0.164
0.088
0.121
0.217
0.116
0.120
0.177
0.159
0.144
0.149
0.151
0.192
0.149
0.189
0.102
0.120
0.200
0.217
0.182
0.155
0.144
0.230
0.166
0.158
0.156
0.141
0.199
0.173
0.217
0.219
0.167
0.192
0.145
0.227
0.155
0.153
0.122
0.154
0.150
0.170
0.125
0.055
0.167
0.180
0.209
0.175
0.183
0.152
0.119
0.148
0.108
0.137
0.160
0.162
0.159
0.182
0.242
0.177
0.102
0.109
0.168
0.211
0.198
0.133
0.145
0.122
0.149
0.132
0.163
0.185
0.283
0.153
0.217
0.156
0.109
0.145
0.167
0.082
0.135
0.237
0.143
0.192
0.149
0.256
0.200
0.163
0.129
0.212
0.164
0.063
0.092
0.142
0.110
0.162
0.252
0.151
0.118
0.157
0.087
0.124
0.225
0.136
0.209
0.177
0.125
0.185
0.189
0.102
0.158
0.151
0.111
0.197
0.113
0.170
0.086
0.105
0.191
0.177
0.145
0.169
0.165
0.151
0.149
0.197
0.169
0.113
0.167
0.183
0.129
0.179
0.188
0.176
0.123
0.191
0.234
0.090
0.165
0.151
0.241
0.135
0.228
0.159
0.232
0.140
0.146
0.158
0.191
0.242
0.141
0.134
0.188
0.155
0.195
0.183
0.169
0.197
0.127
0.149
0.142
0.210
0.136
0.147
0.125
0.141
0.180
0.125
0.186
0.120
0.134
0.116
0.108
0.175
0.151
0.230
0.153
0.125
0.173
0.148
0.169
0.184
0.191
0.167
0.171
0.189
0.190
0.165
0.131
0.126
0.212
0.147
0.179
0.150
0.089
0.125
0.168
0.169
0.085
0.161
0.164
0.177
0.211
0.135
0.138
0.134
0.155
0.184
0.140
0.212
0.124
0.135
0.100
0.187
0.157
0.239
0.147
0.236
0.170
0.169
0.156
0.137
0.167
0.170
0.199
0.168
0.162
0.177
0.154
0.099
0.127
0.142
0.094
0.142
0.126
0.146
0.100
0.163
0.196
0.155
0.087
0.198
0.135
0.120
0.121
0.167
0.072
0.176
0.153
0.172
0.079
0.109
0.152
0.137
0.119
0.143
0.185
0.157
0.186
0.196
0.165
0.265
0.134
0.166
0.149
0.183
0.128
0.119
0.173
0.243
0.177
0.129
0.206
0.119
0.193
0.131
0.130
0.163
0.194
0.162
0.111
0.189
0.140
0.196
0.088
0.177
0.092
0.156
0.131
0.123
0.121
0.194
0.123
0.142
0.131
0.142
0.152
0.174
0.122
0.129
0.165
0.150
0.131
0.114
0.154
0.202
0.126
0.173
0.165
0.164
0.130
0.167
0.164
0.135
0.262
0.269
0.220
0.119
0.125
0.172
0.144
0.138
0.144
0.188
0.135
0.144
0.147
0.153
0.150
0.115
0.185
0.197
0.136
0.222
0.187
0.129
0.248
0.212
0.064
0.147
0.158
0.107
0.171
0.143
0.172
0.157
0.160
0.175
0.115
0.138
0.120
0.178
0.137
0.132
0.127
0.106
0.129
0.135
0.143
0.134
0.178
0.190
0.181
0.091
0.133
0.155
0.125
0.157
0.197
0.138
0.218
0.146
0.270
0.145
0.111
0.146
0.131
0.144
0.145
0.200
0.126
0.106
0.094
0.126
0.173
0.139
0.071
0.151
0.211
0.205
0.071
0.180
0.121
0.166
0.112
0.151
0.165
0.149
0.207
0.188
0.135
0.213
0.120
0.148
0.223
0.175
0.162
0.157
0.141
0.173
0.198
0.154
0.131
0.127
0.199
0.051
0.168
0.205
0.089
0.144
0.223
0.138
0.135
0.169
0.064
0.119
0.128
0.159
0.188
0.178
0.226
0.146
0.132
0.257
0.169
0.214
0.140
0.138
0.157
0.181
0.164
0.126
0.156
0.223
0.136
0.223
0.138
0.213
0.186
0.206
0.190
0.211
0.161
0.127
0.143
0.087
0.179
0.145
0.174
0.196
0.119
0.151
0.172
0.199
0.127
0.102
0.083
0.143
0.212
0.221
0.109
0.178
0.126
0.177
0.219
0.182
0.187
0.153
0.169
0.144
0.221
0.223
0.199
0.126
0.185
0.162
0.157
0.167
0.119
0.142
0.181
0.137
0.134
0.140
0.181
0.157
0.179
0.173
0.205
0.191
0.177
0.175
0.196
0.149
0.131
0.155
0.170
0.126
0.149
0.156
0.145
0.127
0.260
0.184
0.160
0.131
0.098
0.209
0.134
0.098
0.139
0.127
0.166
0.192
0.118
0.180
0.130
0.136
0.203
0.166
0.246
0.175
0.207
0.123
0.188
0.197
0.146
0.114
0.116
0.159
0.198
0.076
0.189
0.214
0.139
0.181
0.198
0.114
0.122
0.211
0.171
0.169
0.088
0.219
0.181
0.120
0.124
0.142
0.088
0.147
0.132
0.175
0.236
0.170
0.180
0.153
0.244
0.109
0.172
0.190
0.123
0.183
0.212
0.149
0.211
0.260
0.151
0.133
0.226
0.147
0.160
0.150
0.190
0.188
0.125
0.165
0.152
0.199
0.063
0.202
0.136
0.109
0.200
0.179
0.161
0.129
0.127
0.073
0.118
0.149
0.112
0.185
0.098
0.212
0.234
0.280
0.188
0.188
0.127
0.162
0.145
0.109
0.230
0.208
0.164
0.152
0.237
0.132
0.112
0.182
0.135
0.093
0.181
0.218
0.139
0.238
0.177
0.186
0.273
0.124
0.119
0.157
0.120
0.134
0.170
0.155
0.121
0.208
0.125
0.111
0.193
0.205
0.112
0.200
0.169
0.184
0.158
0.258
0.079
0.086
0.133
0.170
0.143
0.187
0.095
0.193
0.286
0.165
0.111
0.083
0.145
0.181
0.131
0.186
0.187
0.213
0.120
0.205
0.110
0.206
0.145
0.090
0.124
0.189
0.150
0.222
0.162
0.189
0.119
0.139
0.166
0.198
0.252
0.167
0.154
0.177
0.163
0.196
0.150
0.144
0.156
0.131
0.120
0.075
0.137
0.140
0.165
0.186
0.134
0.130
0.097
0.180
0.152
0.234
0.123
0.167
0.107
0.130
0.195
0.213
0.198
0.151
0.105
0.144
0.161
0.179
0.164
0.193
0.172
0.230
0.149
0.242
0.154
0.143
0.182
0.162
0.148
0.141
0.158
0.218
0.182
0.227
0.130
0.167
0.168
0.097
0.132
0.159
0.185
0.134
0.154
0.163
0.222
0.185
0.088
0.140
0.219
0.138
0.184
0.133
0.129
0.123
0.119
0.165
0.206
0.102
0.150
0.119
0.219
0.139
0.153
0.119
0.170
0.197
0.133
0.118
0.183
0.110
0.143
0.120
0.200
0.165
0.164
0.156
0.190
0.194
0.168
0.186
0.193
0.085
0.132
0.213
0.167
0.130
0.132
0.094
0.152
0.161
0.227
0.174
0.124
0.088
0.092
0.156
0.251
0.236
0.151
0.099
0.202
0.173
0.109
0.106
0.145
0.198
0.182
0.206
0.146
0.193
0.196
0.155
0.187
0.178
0.172
0.183
0.139
0.200
0.127
0.188
0.172
0.125
0.122
0.096
0.130
0.106
0.240
0.199
0.174
0.229
0.132
0.153
0.178
0.221
0.142
0.150
0.165
0.180
0.081
0.161
0.207
0.133
0.170
0.114
0.111
0.119
0.164
0.205
0.185
0.215
0.127
0.123
0.124
0.188
0.141
0.144
0.138
0.188
0.136
0.194
0.094
0.122
0.174
0.136
0.145
0.258
0.113
0.154
0.203
0.192
0.190
0.164
0.183
0.212
0.130
0.195
0.208
0.168
0.199
0.175
0.149
0.164
0.134
0.211
0.185
0.155
0.172
0.146
0.219
0.159
0.171
0.141
0.157
0.076
0.201
0.161
0.183
0.210
0.122
0.094
0.117
0.156
0.172
0.141
0.231
0.148
0.187
0.213
0.190
0.149
0.170
0.168
0.186
0.129
0.182
0.180
0.159
0.205
0.225
0.212
0.204
0.128
0.140
0.142
0.134
0.153
0.190
0.133
0.147
0.132
0.132
0.215
0.193
0.207
0.120
0.129
0.158
0.140
0.185
0.120
0.107
0.129
0.141
0.112
0.146
0.151
0.150
0.177
0.163
0.307
0.146
0.177
0.166
0.146
0.194
0.117
0.125
0.149
0.082
0.142
0.079
0.140
0.212
0.152
0.126
0.160
0.188
0.172
0.132
0.198
0.182
0.184
0.221
0.198
0.087
0.113
0.278
0.193
0.130
0.131
0.197
0.136
0.217
0.155
0.261
0.127
0.118
0.150
0.115
0.132
0.146
0.165
0.198
0.144
0.135
0.170
0.148
0.087
0.188
0.150
0.147
0.122
0.141
0.136
0.136
0.141
0.221
0.158
0.193
0.163
0.155
0.139
0.220
0.228
0.165
0.171
0.159
0.086
0.241
0.150
0.187
0.109
0.131
0.185
0.216
0.144
0.139
0.171
0.178
0.106
0.119
0.119
0.105
0.199
0.172
0.173
0.173
0.147
0.096
0.140
0.188
0.157
0.224
0.137
0.192
0.212
0.198
0.156
0.191
0.140
0.174
0.087
0.163
0.122
0.212
0.119
0.133
0.172
0.250
0.228
0.147
0.211
0.114
0.140
0.129
0.171
0.139
0.204
0.145
0.215
0.162
0.213
0.106
0.153
0.242
0.158
0.200
0.182
0.183
0.161
0.128
0.166
0.144
0.163
0.170
0.184
0.180
0.133
0.141
0.215
0.178
0.085
0.164
0.175
0.202
0.160
0.156
0.177
0.145
0.168
0.197
0.165
0.193
0.125
0.197
0.145
0.119
0.162
0.212
0.162
0.168
0.129
0.176
0.112
0.204
0.087
0.123
0.147
0.213
0.182
0.162
0.171
0.210
0.208
0.166
0.133
0.147
0.087
0.171
0.188
0.165
0.148
0.115
0.200
0.180
0.152
0.158
0.124
0.251
0.136
0.170
0.108
0.183
0.089
0.138
0.104
0.179
0.159
0.150
0.156
0.252
0.120
0.166
0.177
0.165
0.198
0.167
0.188
0.177
0.139
0.132
0.213
0.198
0.199
0.178
0.124
0.127
0.099
0.141
0.102
0.146
0.173
0.176
0.181
0.107
0.164
0.113
0.058
0.161
0.137
0.186
0.124
0.235
0.193
0.131
0.198
0.182
0.142
0.204
0.168
0.114
0.161
0.241
0.234
0.222
0.211
0.259
0.099
0.207
0.109
0.134
0.106
0.131
0.209
0.143
0.151
0.127
0.148
0.182
0.164
0.181
0.182
0.216
0.129
0.182
0.114
0.216
0.189
0.120
0.174
0.168
0.164
0.165
0.182
0.132
0.128
0.097
0.190
0.197
0.218
0.188
0.085
0.150
0.169
0.126
0.217
0.185
0.144
0.137
0.160
0.233
0.163
0.145
0.211
0.168
0.129
0.139
0.175
0.179
0.109
0.151
0.180
0.157
0.154
0.181
0.255
0.175
0.172
0.181
0.126
0.205
0.215
0.124
0.185
0.152
0.120
0.141
0.154
0.139
0.108
0.144
0.152
0.180
0.159
0.152
0.162
0.167
0.160
0.069
0.186
0.180
0.113
0.166
0.166
0.110
0.177
0.090
0.150
0.129
0.157
0.132
0.170
0.186
0.161
0.197
0.091
0.181
0.155
0.146
0.177
0.158
0.180
0.144
0.103
0.149
0.150
0.162
0.143
0.218
0.215
0.162
0.111
0.208
0.152
0.114
0.243
0.237
0.101
0.181
0.178
0.213
0.110
0.187
0.163
0.247
0.152
0.157
0.173
0.110
0.109
0.213
0.216
0.199
0.182
0.191
0.138
0.141
0.127
0.145
0.161
0.094
0.137
0.092
0.178
0.167
0.131
0.137
0.218
0.122
0.190
0.200
0.113
0.156
0.175
0.202
0.171
0.168
0.115
0.164
0.140
0.189
0.146
0.079
0.176
0.214
0.117
0.100
0.167
0.195
0.203
0.118
0.143
0.102
0.146
0.196
0.083
0.083
0.134
0.177
0.121
0.107
0.118
0.167
0.135
0.169
0.107
0.154
0.143
0.207
0.080
0.127
0.090
0.150
0.247
0.268
0.241
0.112
0.135
0.270
0.131
0.203
0.147
0.134
0.226
0.095
0.139
0.111
0.126
0.140
0.150
0.128
0.220
0.148
0.149
0.274
0.146
0.292
0.267
0.149
0.112
0.188
0.201
0.096
0.195
0.178
0.121
0.203
0.112
0.074
0.150
0.192
0.128
0.141
0.152
0.146
0.144
0.172
0.185
0.170
0.139
0.218
0.107
0.149
0.180
0.168
0.153
0.119
0.116
0.161
0.209
0.183
0.137
0.165
0.098
0.189
0.230
0.241
0.097
0.157
0.164
0.104
0.157
0.090
0.173
0.092
0.091
0.261
0.180
0.103
0.115
0.111
0.134
0.223
0.138
0.202
0.178
0.162
0.127
0.182
0.166
0.159
0.187
0.175
0.190
0.109
0.211
0.214
0.167
0.134
0.201
0.140
0.141
0.213
0.191
0.142
0.119
0.206
0.085
0.103
0.188
0.153
0.109
0.227
0.141
0.234
0.151
0.184
0.099
0.078
0.275
0.145
0.193
0.083
0.161
0.171
0.116
0.179
0.161
0.101
0.130
0.227
0.187
0.171
0.167
0.159
0.163
0.106
0.165
0.149
0.145
0.184
0.188
0.233
0.125
0.139
0.177
0.214
0.085
0.129
0.208
0.120
0.200
0.208
0.150
0.077
0.138
0.192
0.137
0.227
0.169
0.106
0.156
0.139
0.127
0.168
0.121
0.217
0.146
0.096
0.204
0.235
0.266
0.166
0.185
0.135
0.153
0.131
0.100
0.111
0.174
0.172
0.246
0.169
0.139
0.203
0.139
0.131
0.151
0.083
0.187
0.198
0.175
0.198
0.157
0.194
0.046
0.157
0.183
0.163
0.158
0.110
0.148
0.163
0.215
0.148
0.125
0.118
0.177
0.144
0.214
0.165
0.121
0.228
0.114
0.261
0.176
0.193
0.182
0.149
0.118
0.158
0.188
0.123
0.149
0.167
0.128
0.201
0.230
0.118
0.206
0.103
0.190
0.153
0.132
0.195
0.152
0.178
0.137
0.196
0.094
0.169
0.123
0.121
0.118
0.154
0.186
0.117
0.130
0.192
0.184
0.101
0.191
0.238
0.112
0.185
0.079
0.147
0.123
0.176
0.177
0.128
0.118
0.164
0.139
0.248
0.217
0.178
0.103
0.170
0.124
0.064
0.164
0.072
0.203
0.140
0.250
0.093
0.195
0.193
0.149
0.142
0.152
0.145
0.155
0.235
0.182
0.098
0.183
0.148
0.259
0.085
0.111
0.235
0.172
0.137
0.177
0.203
0.147
0.155
0.185
0.156
0.222
0.145
0.123
0.065
0.139
0.220
0.176
0.172
0.080
0.171
0.108
0.129
0.306
0.147
0.223
0.156
0.175
0.138
0.170
0.128
0.119
0.158
0.101
0.203
0.147
0.192
0.193
0.155
0.184
0.105
0.093
0.199
0.163
0.133
0.165
0.204
0.164
0.166
0.149
0.174
0.142
0.132
0.179
0.205
0.125
0.202
0.141
0.175
0.234
0.161
0.173
0.252
0.144
0.186
0.089
0.168
0.111
0.138
0.211
0.161
0.133
0.171
0.177
0.269
0.149
0.167
0.207
0.215
0.195
0.159
0.227
0.234
0.060
0.158
0.111
0.149
0.151
0.167
0.186
0.157
0.208
0.118
0.223
0.101
0.167
0.178
0.135
0.103
0.146
0.149
0.109
0.126
0.217
0.173
0.178
0.217
0.118
0.242
0.134
0.179
0.201
0.142
0.207
0.189
0.225
0.168
0.172
0.153
0.144
0.151
0.184
0.135
0.150
0.150
0.181
0.239
0.232
0.117
0.202
0.216
0.134
0.162
0.231
0.214
0.167
0.198
0.157
0.183
0.198
0.153
0.193
0.164
0.140
0.168
0.163
0.136
0.112
0.261
0.202
0.174
0.205
0.103
0.261
0.155
0.155
0.162
0.105
0.099
0.108
0.111
0.136
0.198
0.208
0.182
0.158
0.189
0.162
0.134
0.141
0.166
0.244
0.156
0.124
0.192
0.161
0.211
0.177
0.071
0.160
0.202
0.180
0.192
0.127
0.117
0.131
0.285
0.264
0.137
0.113
0.223
0.164
0.174
0.157
0.148
0.123
0.133
0.189
0.171
0.189
0.114
0.149
0.180
0.094
0.147
0.092
0.212
0.195
0.230
0.224
0.204
0.177
0.173
0.081
0.157
0.134
0.225
0.134
0.211
0.105
0.219
0.184
0.173
0.229
0.151
0.149
0.177
0.174
0.150
0.220
0.244
0.154
0.114
0.180
0.109
0.227
0.174
0.140
0.125
0.186
0.069
0.135
0.174
0.193
0.205
0.165
0.130
0.104
0.111
0.177
0.177
0.119
0.167
0.136
0.259
0.133
0.112
0.177
0.161
0.175
0.162
0.181
0.120
0.087
0.180
0.218
0.223
0.193
0.152
0.145
0.148
0.184
0.149
0.165
0.173
0.055
0.161
0.136
0.107
0.076
0.114
0.165
0.102
0.164
0.323
0.208
0.226
0.231
0.193
0.116
0.208
0.217
0.217
0.160
0.145
0.125
0.218
0.117
0.152
0.102
0.121
0.171
0.182
0.151
0.219
0.147
0.143
0.094
0.241
0.084
0.215
0.205
0.170
0.147
0.132
0.134
0.191
0.190
0.162
0.174
0.150
0.199
0.134
0.138
0.173
0.126
0.084
0.168
0.127
0.199
0.188
0.162
0.189
0.157
0.221
0.123
0.200
0.220
0.195
0.172
0.178
0.165
0.189
0.154
0.103
0.120
0.116
0.163
0.184
0.097
0.158
0.171
0.123
0.128
0.191
0.142
0.120
0.144
0.135
0.178
0.164
0.166
0.153
0.208
0.165
0.129
0.192
0.079
0.135
0.194
0.158
0.137
0.142
0.226
0.226
0.164
0.105
0.145
0.185
0.165
0.163
0.096
0.154
0.150
0.131
0.150
0.163
0.065
0.159
0.181
0.146
0.117
0.156
0.080
0.268
0.206
0.116
0.201
0.081
0.164
0.128
0.173
0.188
0.163
0.138
0.227
0.241
0.172
0.173
0.181
0.188
0.174
0.117
0.109
0.199
0.222
0.186
0.214
0.118
0.240
0.139
0.137
0.188
0.119
0.095
0.153
0.199
0.142
0.153
0.200
0.156
0.164
0.159
0.159
0.264
0.188
0.127
0.143
0.151
0.163
0.069
0.206
0.174
0.150
0.171
0.218
0.158
0.133
0.113
0.160
0.133
0.204
0.142
0.090
0.131
0.129
0.150
0.220
0.137
0.168
0.187
0.145
0.143
0.173
0.176
0.246
0.110
0.099
0.227
0.103
0.170
0.166
0.117
0.156
0.170
0.179
0.135
0.180
0.139
0.130
0.156
0.132
0.081
0.104
0.130
0.100
0.144
0.104
0.135
0.153
0.159
0.126
0.239
0.187
0.197
0.143
0.077
0.165
0.155
0.219
0.190
0.198
0.203
0.206
0.094
0.306
0.225
0.162
0.222
0.123
0.133
0.120
0.128
0.099
0.151
0.138
0.213
0.138
0.103
0.189
0.119
0.148
0.103
0.147
0.106
0.174
0.205
0.217
0.094
0.193
0.174
0.145
0.145
0.142
0.118
0.131
0.152
0.178
0.125
0.142
0.100
0.184
0.229
0.201
0.167
0.118
0.173
0.125
0.189
0.142
0.213
0.190
0.206
0.157
0.205
0.204
0.127
0.107
0.154
0.138
0.191
0.084
0.193
0.108
0.314
0.151
0.094
0.163
0.126
0.057
0.170
0.180
0.150
0.130
0.123
0.099
0.220
0.235
0.153
0.165
0.149
0.118
0.161
0.208
0.097
0.100
0.235
0.131
0.156
0.055
0.178
0.194
0.117
0.138
0.180
0.174
0.175
0.154
0.143
0.084
0.131
0.204
0.205
0.108
0.106
0.138
0.098
0.164
0.160
0.133
0.155
0.191
0.169
0.204
0.118
0.204
0.130
0.152
0.187
0.107
0.094
0.256
0.127
0.171
0.114
0.109
0.171
0.208
0.153
0.138
0.262
0.170
0.187
0.205
0.193
0.087
0.316
0.193
0.110
0.185
0.196
0.096
0.150
0.133
0.138
0.133
0.131
0.183
0.191
0.161
0.086
0.205
0.097
0.182
0.183
0.209
0.208
0.109
0.147
0.148
0.133
0.175
0.149
0.108
0.105
0.103
0.107
0.106
0.054
0.137
0.175
0.181
0.120
0.151
0.147
0.134
0.064
0.093
0.214
0.146
0.162
0.105
0.163
0.174
0.150
0.170
0.172
0.155
0.201
0.128
0.118
0.190
0.172
0.202
0.139
0.143
0.142
0.243
0.190
0.192
0.162
0.214
0.142
0.093
0.203
0.115
0.127
0.129
0.104
0.143
0.076
0.120
0.133
0.163
0.210
0.220
0.123
0.167
0.209
0.167
0.208
0.122
0.147
0.191
0.170
0.115
0.145
0.241
0.254
0.197
0.162
0.121
0.177
0.190
0.157
0.193
0.156
0.131
0.199
0.141
0.173
0.208
0.186
0.184
0.118
0.164
0.163
0.173
0.138
0.166
0.147
0.193
0.306
0.143
0.183
0.103
0.059
0.097
0.182
0.122
0.177
0.162
0.169
0.228
0.158
0.226
0.140
0.138
0.168
0.134
0.121
0.159
0.134
0.183
0.124
0.135
0.172
0.150
0.145
0.147
0.153
0.149
0.129
0.130
0.175
0.164
0.075
0.120
0.261
0.161
0.076
0.090
0.115
0.160
0.164
0.126
0.158
0.225
0.099
0.174
0.201
0.137
0.150
0.165
0.164
0.159
0.133
0.172
0.200
0.131
0.246
0.091
0.096
0.161
0.159
0.138
0.202
0.134
0.081
0.108
0.135
0.167
0.214
0.141
0.211
0.057
0.242
0.167
0.158
0.167
0.178
0.124
0.215
0.163
0.208
0.140
0.167
0.110
0.107
0.096
0.094
0.134
0.196
0.252
0.164
0.158
0.149
0.179
0.182
0.119
0.183
0.154
0.202
0.081
0.154
0.175
0.203
0.150
0.218
0.146
0.172
0.168
0.231
0.124
0.159
0.135
0.164
0.164
0.200
0.142
0.213
0.121
0.109
0.193
0.196
0.207
0.133
0.225
0.160
0.191
0.156
0.212
0.149
0.181
0.116
0.158
0.133
0.197
0.212
0.136
0.153
0.157
0.197
0.079
0.102
0.149
0.069
0.114
0.140
0.165
0.153
0.145
0.149
0.210
0.157
0.297
0.159
0.173
0.221
0.123
0.151
0.230
0.088
0.083
0.187
0.136
0.227
0.220
0.095
0.120
0.135
0.174
0.154
0.159
0.213
0.167
0.205
0.183
0.129
0.134
0.089
0.128
0.121
0.091
0.141
0.118
0.154
0.190
0.091
0.148
0.111
0.233
0.159
0.100
0.176
0.116
0.198
0.158
0.157
0.140
0.157
0.134
0.105
0.065
0.166
0.093
0.116
0.122
0.183
0.172
0.139
0.174
0.176
0.161
0.213
0.086
0.179
0.269
0.180
0.142
0.191
0.197
0.215
0.103
0.246
0.072
0.162
0.151
0.093
0.114
0.134
0.120
0.089
0.129
0.171
0.126
0.183
0.171
0.152
0.131
0.128
0.179
0.138
0.104
0.145
0.127
0.101
0.154
0.088
0.089
0.149
0.205
0.113
0.175
0.110
0.175
0.147
0.177
0.126
0.144
0.172
0.175
0.156
0.115
0.261
0.177
0.095
0.149
0.125
0.126
0.143
0.206
0.105
0.145
0.184
0.233
0.180
0.236
0.184
0.107
0.136
0.088
0.199
0.146
0.121
0.166
0.175
0.183
0.171
0.235
0.110
0.172
0.182
0.140
0.111
0.151
0.161
0.154
0.158
0.146
0.108
0.217
0.117
0.142
0.152
0.194
0.125
0.093
0.140
0.173
0.173
0.126
0.116
0.184
0.164
0.124
0.112
0.195
0.173
0.133
0.134
0.069
0.176
0.167
0.177
0.172
0.153
0.173
0.227
0.098
0.168
0.134
0.147
0.211
0.216
0.147
0.163
0.133
0.113
0.091
0.162
0.155
0.190
0.120
0.140
0.132
0.163
0.129
0.125
0.187
0.133
0.203
0.135
0.111
0.151
0.140
0.192
0.100
0.117
0.152
0.168
0.136
0.090
0.087
0.132
0.101
0.131
0.203
0.124
0.077
0.107
0.199
0.176
0.156
0.113
0.157
0.146
0.166
0.130
0.161
0.172
0.154
0.279
0.125
0.172
0.162
0.174
0.183
0.154
0.103
0.102
0.149
0.189
0.217
0.113
0.232
0.151
0.175
0.201
0.121
0.173
0.154
0.106
0.188
0.123
0.107
0.225
0.159
0.166
0.142
0.181
0.151
0.185
0.193
0.198
0.139
0.151
0.159
0.139
0.127
0.172
0.136
0.148
0.132
0.273
0.205
0.073
0.121
0.254
0.130
0.200
0.194
0.208
0.145
0.172
0.156
0.171
0.119
0.192
0.196
0.150
0.132
0.126
0.269
0.133
0.215
0.157
0.116
0.118
0.140
0.170
0.201
0.262
0.223
0.175
0.120
0.147
0.151
0.119
0.178
0.231
0.117
0.106
0.104
0.115
0.114
0.158
0.153
0.132
0.146
0.159
0.151
0.184
0.144
0.156
0.168
0.218
0.143
0.119
0.188
0.171
0.212
0.225
0.107
0.081
0.178
0.185
0.168
0.166
0.172
0.151
0.089
0.204
0.195
0.078
0.110
0.173
0.115
0.176
0.093
0.264
0.203
0.164
0.127
0.184
0.128
0.179
0.102
0.093
0.126
0.174
0.104
0.189
0.244
0.112
0.190
0.134
0.102
0.217
0.113
0.227
0.118
0.119
0.208
0.110
0.181
0.173
0.116
0.164
0.144
0.080
0.146
0.146
0.225
0.185
0.244
0.149
0.216
0.141
0.178
0.114
0.143
0.082
0.211
0.173
0.168
0.149
0.102
0.116
0.174
0.120
0.187
0.146
0.163
0.131
0.126
0.155
0.147
0.149
0.189
0.179
0.263
0.155
0.175
0.097
0.199
0.153
