0.267
0.210
0.194
0.213
0.203
0.202
0.230
0.162
0.235
0.270
0.207
0.216
0.159
0.241
0.229
0.213
0.191
0.263
0.204
0.206
0.227
0.193
0.174
0.209
0.195
0.234
0.252
0.255
0.209
0.228
0.182
0.218
0.201
0.233
0.176
0.212
0.249
0.196
0.226
0.181
0.264
0.160
0.226
0.236
0.246
0.182
0.174
0.251
0.262
0.220
0.179
0.200
0.230
0.149
0.177
0.155
0.233
0.234
0.196
0.264
0.143
0.154
0.184
0.266
0.204
0.152
0.223
0.174
0.208
0.260
0.231
0.230
0.245
0.162
0.245
0.205
0.261
0.156
0.185
0.123
0.217
0.246
0.228
0.138
0.229
0.171
0.168
0.190
0.193
0.253
0.168
0.196
0.236
0.209
0.139
0.291
0.247
0.209
0.204
0.221
0.197
0.251
0.239
0.213
0.196
0.121
0.179
0.214
0.219
0.213
0.209
0.184
0.260
0.181
0.270
0.235
0.218
0.184
0.202
0.184
0.218
0.223
0.202
0.204
0.215
0.234
0.232
0.173
0.208
0.232
0.237
0.210
0.141
0.203
0.196
0.209
0.237
0.234
0.119
0.204
0.129
0.314
0.206
0.240
0.214
0.197
0.228
0.224
0.210
0.236
0.157
0.191
0.325
0.233
0.157
0.205
0.163
0.208
0.178
0.230
0.194
0.247
0.141
0.170
0.173
0.175
0.145
0.155
0.151
0.195
0.241
0.218
0.228
0.200
0.189
0.188
0.243
0.166
0.220
0.196
0.192
0.182
0.165
0.155
0.262
0.166
0.236
0.233
0.315
0.145
0.158
0.225
0.140
0.277
0.155
0.182
0.256
0.140
0.205
0.228
0.184
0.201
0.260
0.171
0.231
0.184
0.194
0.198
0.199
0.177
0.149
0.206
0.179
0.148
0.263
0.178
0.188
0.216
0.181
0.189
0.240
0.207
0.116
0.157
0.173
0.198
0.184
0.290
0.248
0.218
0.141
0.190
0.170
0.305
0.241
0.216
0.240
0.203
0.227
0.214
0.118
0.245
0.193
0.233
0.183
0.192
0.185
0.200
0.212
0.232
0.273
0.224
0.158
0.218
0.252
0.160
0.330
0.195
0.197
0.283
0.242
0.233
0.180
0.177
0.250
0.182
0.190
0.246
0.140
0.217
0.141
0.118
0.213
0.182
0.180
0.145
0.198
0.276
0.155
0.202
0.146
0.257
0.240
0.198
0.113
0.224
0.155
0.196
0.246
0.203
0.138
0.265
0.180
0.217
0.163
0.238
0.171
0.210
0.210
0.238
0.151
0.175
0.236
0.233
0.249
0.198
0.271
0.167
0.203
0.190
0.173
0.161
0.232
0.280
0.153
0.225
0.287
0.158
0.203
0.251
0.214
0.218
0.192
0.167
0.168
0.199
0.249
0.264
0.136
0.141
0.210
0.205
0.256
0.177
0.234
0.211
0.124
0.177
0.238
0.193
0.150
0.204
0.219
0.182
0.174
0.216
0.155
0.147
0.163
0.128
0.204
0.204
0.148
0.226
0.190
0.206
0.198
0.156
0.255
0.195
0.193
0.182
0.210
0.210
0.267
0.167
0.224
0.235
0.289
0.236
0.184
0.230
0.184
0.220
0.204
0.253
0.247
0.234
0.206
0.239
0.186
0.258
0.180
0.211
0.195
0.223
0.197
0.191
0.215
0.196
0.258
0.252
0.257
0.234
0.181
0.181
0.201
0.186
0.261
0.236
0.229
0.221
0.229
0.242
0.237
0.201
0.293
0.203
0.196
0.218
0.202
0.202
0.199
0.181
0.155
0.243
0.177
0.217
0.184
0.174
0.166
0.204
0.210
0.346
0.200
0.197
0.200
0.184
0.215
0.228
0.290
0.209
0.195
0.217
0.227
0.265
0.231
0.196
0.220
0.270
0.221
0.202
0.179
0.205
0.213
0.199
0.203
0.204
0.238
0.232
0.229
0.216
0.202
0.202
0.199
0.212
0.274
0.166
0.225
0.211
0.139
0.195
0.202
0.187
0.172
0.228
0.257
0.261
0.253
0.156
0.160
0.132
0.173
0.150
0.179
0.172
0.206
0.218
0.222
0.170
0.268
0.271
0.231
0.221
0.245
0.225
0.205
0.197
0.209
0.201
0.242
0.202
0.186
0.189
0.232
0.219
0.266
0.192
0.157
0.252
0.178
0.218
0.213
0.220
0.211
0.264
0.210
0.205
0.240
0.210
0.153
0.209
0.184
0.198
0.159
0.205
0.182
0.180
0.218
0.202
0.192
0.193
0.205
0.239
0.203
0.207
0.181
0.191
0.248
0.130
0.173
0.256
0.225
0.166
0.205
0.211
0.125
0.151
0.179
0.143
0.208
0.162
0.240
0.198
0.198
0.209
0.184
0.162
0.226
0.174
0.179
0.214
0.217
0.247
0.256
0.239
0.224
0.197
0.209
0.201
0.197
0.168
0.186
0.171
0.233
0.199
0.202
0.274
0.227
0.232
0.216
0.160
0.280
0.215
0.153
0.173
0.272
0.181
0.173
0.148
0.194
0.207
0.164
0.248
0.181
0.260
0.129
0.174
0.238
0.169
0.161
0.169
0.092
0.122
0.206
0.203
0.242
0.277
0.227
0.215
0.150
0.182
0.183
0.179
0.197
0.124
0.187
0.180
0.188
0.218
0.217
0.198
0.200
0.226
0.176
0.204
0.252
0.131
0.201
0.169
0.246
0.300
0.268
0.222
0.190
0.259
0.186
0.168
0.164
0.186
0.285
0.189
0.201
0.199
0.183
0.157
0.201
0.315
0.147
0.278
0.158
0.186
0.249
0.224
0.192
0.212
0.198
0.234
0.233
0.230
0.140
0.209
0.242
0.193
0.119
0.213
0.208
0.217
0.183
0.214
0.258
0.146
0.164
0.271
0.151
0.251
0.147
0.173
0.160
0.210
0.142
0.220
0.202
0.150
0.216
0.122
0.195
0.223
0.172
0.238
0.177
0.208
0.219
0.189
0.244
0.244
0.291
0.250
0.122
0.174
0.222
0.231
0.143
0.268
0.210
0.237
0.174
0.221
0.204
0.184
0.198
0.208
0.220
0.300
0.190
0.187
0.133
0.236
0.187
0.247
0.230
0.195
0.185
0.215
0.178
0.251
0.165
0.208
0.199
0.206
0.162
0.149
0.187
0.214
0.142
0.172
0.203
0.216
0.173
0.265
0.221
0.255
0.190
0.207
0.171
0.245
0.173
0.250
0.167
0.200
0.204
0.195
0.214
0.196
0.211
0.248
0.198
0.184
0.169
0.201
0.204
0.183
0.264
0.124
0.200
0.156
0.239
0.222
0.187
0.141
0.170
0.169
0.165
0.215
0.184
0.149
0.208
0.301
0.277
0.278
0.221
0.187
0.163
0.231
0.165
0.216
0.148
0.130
0.159
0.196
0.190
0.207
0.191
0.232
0.218
0.184
0.209
0.159
0.163
0.203
0.207
0.219
0.191
0.183
0.145
0.150
0.203
0.204
0.216
0.119
0.210
0.247
0.152
0.234
0.162
0.191
0.150
0.184
0.222
0.139
0.263
0.164
0.201
0.206
0.197
0.211
0.181
0.130
0.234
0.187
0.147
0.184
0.213
0.188
0.232
0.244
0.197
0.189
0.223
0.165
0.178
0.158
0.253
0.168
0.314
0.184
0.217
0.184
0.211
0.173
0.210
0.197
0.241
0.170
0.175
0.179
0.201
0.193
0.220
0.192
0.201
0.249
0.192
0.202
0.150
0.156
0.161
0.144
0.224
0.214
0.220
0.198
0.181
0.150
0.162
0.198
0.140
0.195
0.169
0.221
0.176
0.257
0.187
0.153
0.224
0.213
0.175
0.227
0.168
0.205
0.112
0.230
0.176
0.202
0.242
0.326
0.245
0.228
0.160
0.192
0.198
0.216
0.214
0.190
0.190
0.228
0.235
0.235
0.221
0.189
0.206
0.222
0.268
0.223
0.245
0.230
0.209
0.236
0.189
0.250
0.244
0.252
0.198
0.208
0.203
0.192
0.215
0.201
0.171
0.136
0.229
0.226
0.238
0.136
0.235
0.195
0.193
0.175
0.194
0.190
0.138
0.280
0.201
0.132
0.196
0.243
0.152
0.159
0.213
0.165
0.252
0.175
0.251
0.146
0.168
0.195
0.253
0.188
0.266
0.149
0.228
0.190
0.170
0.182
0.188
0.255
0.167
0.207
0.163
0.199
0.215
0.238
0.207
0.162
0.192
0.201
0.207
0.266
0.230
0.177
0.173
0.244
0.196
0.191
0.201
0.254
0.194
0.199
0.204
0.156
0.229
0.221
0.202
0.247
0.213
0.231
0.255
0.220
0.199
0.155
0.190
0.170
0.203
0.226
0.254
0.186
0.239
0.205
0.220
0.220
0.238
0.146
0.208
0.191
0.159
0.221
0.210
0.217
0.215
0.230
0.223
0.242
0.245
0.218
0.220
0.207
0.189
0.178
0.232
0.226
0.165
0.213
0.213
0.287
0.185
0.282
0.218
0.242
0.217
0.186
0.225
0.178
0.162
0.181
0.165
0.170
0.329
0.176
0.210
0.234
0.302
0.219
0.145
0.246
0.249
0.123
0.197
0.158
0.231
0.222
0.178
0.142
0.153
0.201
0.182
0.230
0.177
0.160
0.172
0.129
0.138
0.162
0.401
0.175
0.278
0.169
0.131
0.148
0.150
0.219
0.251
0.215
0.184
0.156
0.157
0.245
0.259
0.205
0.275
0.110
0.152
0.184
0.135
0.239
0.085
0.222
0.224
0.188
0.195
0.220
0.230
0.101
0.230
0.144
0.210
0.237
0.265
0.225
0.143
0.126
0.156
0.203
0.250
0.221
0.219
0.170
0.225
0.203
0.219
0.172
0.262
0.164
0.218
0.161
0.205
0.232
0.245
0.265
0.218
0.219
0.235
0.161
0.269
0.259
0.187
0.317
0.187
0.186
0.173
0.192
0.210
0.225
0.187
0.197
0.184
0.162
0.225
0.203
0.227
0.165
0.235
0.165
0.246
0.213
0.163
0.221
0.207
0.162
0.201
0.244
0.181
0.253
0.234
0.180
0.151
0.176
0.184
0.310
0.216
0.200
0.220
0.142
0.138
0.232
0.221
0.163
0.305
0.226
0.141
0.265
0.235
0.202
0.244
0.156
0.195
0.150
0.228
0.181
0.174
0.152
0.202
0.207
0.218
0.250
0.221
0.168
0.213
0.216
0.229
0.244
0.239
0.166
0.177
0.134
0.270
0.258
0.198
0.226
0.179
0.207
0.199
0.168
0.114
0.223
0.267
0.242
0.134
0.215
0.204
0.128
0.187
0.216
0.223
0.256
0.228
0.125
0.310
0.265
0.342
0.212
0.291
0.168
0.196
0.211
0.298
0.224
0.166
0.187
0.189
0.208
0.188
0.223
0.216
0.215
0.171
0.238
0.212
0.131
0.167
0.148
0.196
0.137
0.195
0.251
0.190
0.235
0.256
0.282
0.162
0.135
0.132
0.250
0.218
0.205
0.146
0.259
0.179
0.218
0.134
0.203
0.165
0.259
0.195
0.278
0.139
0.148
0.147
0.287
0.164
0.148
0.179
0.219
0.237
0.179
0.261
0.181
0.263
0.209
0.278
0.162
0.201
0.129
0.275
0.168
0.206
0.165
0.197
0.189
0.195
0.156
0.141
0.181
0.106
0.154
0.193
0.161
0.169
0.221
0.185
0.174
0.212
0.256
0.188
0.214
0.110
0.239
0.213
0.188
0.224
0.117
0.155
0.201
0.195
0.218
0.142
0.178
0.245
0.162
0.211
0.129
0.158
0.151
0.209
0.187
0.142
0.311
0.331
0.192
0.229
0.275
0.253
0.164
0.187
0.282
0.174
0.210
0.189
0.282
0.140
0.207
0.139
0.185
0.168
0.174
0.225
0.208
0.165
0.187
0.098
0.137
0.254
0.227
0.206
0.275
0.196
0.227
0.238
0.149
0.204
0.114
0.181
0.178
0.224
0.274
0.231
0.262
0.319
0.240
0.213
0.177
0.249
0.240
0.235
0.180
0.161
0.156
0.228
0.183
0.287
0.146
0.144
0.131
0.221
0.197
0.213
0.245
0.125
0.175
0.190
0.199
0.264
0.240
0.255
0.184
0.203
0.278
0.195
0.184
0.165
0.191
0.173
0.221
0.202
0.152
0.192
0.157
0.155
0.239
0.295
0.184
0.205
0.119
0.226
0.254
0.201
0.240
0.161
0.175
0.262
0.178
0.161
0.184
0.181
0.188
0.156
0.184
0.322
0.195
0.078
0.306
0.204
0.262
0.298
0.301
0.208
0.200
0.187
0.121
0.179
0.264
0.196
0.208
0.193
0.259
0.198
0.206
0.295
0.296
0.214
0.162
0.188
0.195
0.205
0.179
0.186
0.196
0.143
0.257
0.177
0.217
0.182
0.217
0.290
0.187
0.228
0.244
0.152
0.172
0.194
0.197
0.143
0.200
0.226
0.231
0.142
0.307
0.195
0.176
0.173
0.111
0.170
0.169
0.279
0.150
0.178
0.293
0.141
0.319
0.213
0.216
0.184
0.180
0.203
0.172
0.229
0.179
0.197
0.269
0.219
0.219
0.194
0.221
0.172
0.223
0.285
0.126
0.163
0.215
0.196
0.213
0.129
0.187
0.186
0.219
0.178
0.187
0.145
0.151
0.195
0.266
0.195
0.241
0.206
0.201
0.158
0.203
0.199
0.154
0.227
0.215
0.189
0.304
0.194
0.221
0.189
0.189
0.226
0.188
0.123
0.297
0.141
0.159
0.220
0.229
0.193
0.134
0.208
0.114
0.235
0.204
0.117
0.274
0.170
0.259
0.203
0.186
0.208
0.278
0.182
0.198
0.176
0.224
0.156
0.198
0.240
0.135
0.187
0.186
0.172
0.153
0.214
0.166
0.135
0.195
0.235
0.163
0.180
0.135
0.272
0.151
0.285
0.251
0.208
0.184
0.175
0.164
0.222
0.193
0.174
0.229
0.176
0.258
0.265
0.146
0.220
0.226
0.222
0.179
0.295
0.256
0.239
0.205
0.260
0.151
0.228
0.257
0.155
0.193
0.212
0.156
0.181
0.137
0.202
0.141
0.151
0.171
0.246
0.223
0.230
0.237
0.233
0.193
0.159
0.210
0.162
0.243
0.219
0.189
0.175
0.135
0.206
0.128
0.235
0.191
0.187
0.158
0.151
0.132
0.242
0.236
0.147
0.156
0.183
0.173
0.360
0.221
0.107
0.135
0.233
0.211
0.239
0.272
0.217
0.166
0.125
0.210
0.220
0.247
0.259
0.176
0.158
0.184
0.157
0.207
0.150
0.196
0.195
0.219
0.279
0.165
0.225
0.259
0.268
0.164
0.203
0.149
0.198
0.241
0.269
0.166
0.161
0.185
0.237
0.181
0.235
0.135
0.218
0.180
0.219
0.246
0.208
0.251
0.171
0.178
0.162
0.223
0.169
0.172
0.246
0.157
0.210
0.198
0.248
0.133
0.147
0.204
0.171
0.245
0.177
0.159
0.188
0.206
0.240
0.171
0.198
0.177
0.186
0.210
0.210
0.152
0.184
0.173
0.241
0.181
0.314
0.245
0.219
0.179
0.273
0.260
0.280
0.283
0.193
0.155
0.093
0.163
0.231
0.247
0.168
0.150
0.203
0.132
0.103
0.166
0.258
0.195
0.227
0.173
0.137
0.194
0.156
0.211
0.173
0.203
0.261
0.124
0.203
0.204
0.164
0.290
0.272
0.219
0.162
0.138
0.252
0.179
0.317
0.203
0.156
0.202
0.154
0.188
0.176
0.182
0.154
0.272
0.194
0.241
0.179
0.168
0.199
0.205
0.230
0.224
0.237
0.213
0.194
0.277
0.168
0.307
0.235
0.259
0.162
0.203
0.129
0.223
0.200
0.155
0.205
0.153
0.236
0.250
0.143
0.210
0.212
0.168
0.171
0.189
0.200
0.246
0.250
0.220
0.211
0.212
0.248
0.172
0.187
0.258
0.281
0.272
0.187
0.149
0.183
0.249
0.220
0.141
0.156
0.194
0.162
0.084
0.262
0.157
0.157
0.185
0.234
0.244
0.161
0.282
0.211
0.147
0.202
0.202
0.205
0.185
0.210
0.173
0.240
0.177
0.247
0.179
0.184
0.231
0.239
0.141
0.266
0.139
0.168
0.162
0.165
0.165
0.148
0.222
0.179
0.247
0.176
0.213
0.170
0.233
0.157
0.236
0.210
0.316
0.201
0.137
0.169
0.198
0.239
0.195
0.179
0.226
0.296
0.172
0.147
0.226
0.176
0.235
0.241
0.188
0.201
0.233
0.147
0.169
0.274
0.141
0.175
0.223
0.169
0.180
0.133
0.188
0.210
0.265
0.159
0.235
0.171
0.133
0.213
0.193
0.269
0.230
0.187
0.154
0.192
0.171
0.196
0.221
0.200
0.264
0.173
0.186
0.110
0.184
0.185
0.178
0.203
0.251
0.226
0.237
0.160
0.213
0.188
0.240
0.161
0.231
0.224
0.212
0.213
0.211
0.280
0.207
0.203
0.193
0.183
0.153
0.186
0.196
0.240
0.168
0.220
0.226
0.240
0.219
0.181
0.120
0.190
0.251
0.236
0.220
0.257
0.158
0.242
0.210
0.273
0.177
0.243
0.156
0.183
0.182
0.203
0.140
0.181
0.256
0.154
0.224
0.209
0.197
0.149
0.256
0.167
0.218
0.234
0.158
0.195
0.164
0.241
0.181
0.158
0.255
0.201
0.158
0.170
0.155
0.226
0.257
0.176
0.224
0.188
0.185
0.179
0.210
0.174
0.209
0.286
0.222
0.205
0.179
0.160
0.134
0.125
0.197
0.172
0.151
0.173
0.195
0.236
0.227
0.187
0.336
0.249
0.189
0.202
0.113
0.144
0.229
0.216
0.225
0.172
0.172
0.234
0.187
0.188
0.240
0.316
0.224
0.174
0.274
0.210
0.215
0.162
0.196
0.256
0.166
0.275
0.176
0.245
0.171
0.215
0.172
0.190
0.163
0.144
0.125
0.280
0.203
0.234
0.171
0.232
0.134
0.209
0.250
0.216
0.204
0.186
0.163
0.157
0.188
0.209
0.177
0.245
0.259
0.152
0.176
0.194
0.198
0.271
0.141
0.202
0.215
0.220
0.181
0.182
0.157
0.132
0.244
0.243
0.190
0.201
0.179
0.152
0.283
0.100
0.156
0.221
0.180
0.222
0.156
0.132
0.287
0.141
0.126
0.210
0.194
0.201
0.170
0.172
0.220
0.179
0.264
0.225
0.189
0.152
0.225
0.155
0.180
0.219
0.231
0.194
0.187
0.168
0.173
0.287
0.117
0.151
0.208
0.239
0.217
0.263
0.207
0.163
0.365
0.255
0.228
0.143
0.270
0.204
0.226
0.267
0.255
0.171
0.183
0.277
0.200
0.201
0.147
0.157
0.135
0.178
0.228
0.168
0.240
0.177
0.163
0.216
0.155
0.288
0.212
0.202
0.206
0.211
0.221
0.195
0.221
0.240
0.174
0.172
0.193
0.163
0.141
0.193
0.125
0.194
0.193
0.222
0.149
0.237
0.224
0.191
0.238
0.265
0.191
0.265
0.195
0.234
0.315
0.303
0.195
0.251
0.239
0.197
0.197
0.153
0.168
0.212
0.194
0.223
0.225
0.230
0.173
0.177
0.190
0.182
0.164
0.218
0.155
0.195
0.126
0.181
0.203
0.169
0.159
0.230
0.182
0.211
0.226
0.275
0.287
0.271
0.273
0.251
0.243
0.229
0.215
0.194
0.172
0.186
0.228
0.189
0.188
0.338
0.198
0.261
0.198
0.291
0.161
0.194
0.266
0.206
0.158
0.194
0.120
0.182
0.138
0.220
0.208
0.164
0.195
0.189
0.267
0.271
0.247
0.187
0.208
0.150
0.203
0.203
0.145
0.184
0.189
0.341
0.124
0.142
0.219
0.240
0.146
0.206
0.200
0.263
0.194
0.194
0.240
0.214
0.198
0.183
0.159
0.209
0.222
0.191
0.159
0.227
0.161
0.306
0.218
0.103
0.235
0.264
0.164
0.202
0.192
0.167
0.164
0.199
0.200
0.206
0.209
0.224
0.172
0.214
0.229
0.169
0.196
0.185
0.219
0.207
0.185
0.180
0.187
0.212
0.303
0.247
0.197
0.211
0.191
0.271
0.096
0.223
0.254
0.180
0.222
0.235
0.189
0.254
0.148
0.157
0.170
0.140
0.191
0.079
0.140
0.208
0.224
0.217
0.164
0.186
0.209
0.162
0.209
0.178
0.256
0.117
0.220
0.162
0.219
0.109
0.284
0.184
0.173
0.119
0.224
0.162
0.156
0.174
0.238
0.285
0.188
0.159
0.096
0.127
0.201
0.251
0.260
0.217
0.250
0.213
0.173
0.219
0.158
0.215
0.232
0.280
0.302
0.230
0.190
0.258
0.197
0.212
0.203
0.231
0.261
0.203
0.238
0.252
0.151
0.257
0.113
0.216
0.211
0.156
0.206
0.186
0.224
0.234
0.148
0.112
0.204
0.132
0.173
0.186
0.175
0.178
0.214
0.206
0.197
0.303
0.151
0.222
0.203
0.147
0.232
0.162
0.190
0.208
0.202
0.198
0.249
0.284
0.147
0.245
0.190
0.302
0.212
0.146
0.226
0.146
0.171
0.215
0.221
0.135
0.257
0.246
0.228
0.203
0.166
0.191
0.284
0.126
0.213
0.264
0.241
0.219
0.082
0.180
0.109
0.213
0.243
0.127
0.205
0.235
0.228
0.287
0.173
0.184
0.275
0.194
0.228
0.265
0.211
0.148
0.174
0.209
0.322
0.216
0.139
0.288
0.222
0.182
0.249
0.225
0.220
0.124
0.209
0.199
0.140
0.237
0.177
0.229
0.167
0.182
0.136
0.199
0.147
0.219
0.187
0.182
0.180
0.274
0.232
0.115
0.275
0.240
0.190
0.271
0.324
0.188
0.185
0.208
0.205
0.256
0.235
0.177
0.227
0.135
0.167
0.241
0.279
0.329
0.220
0.235
0.223
0.172
0.209
0.232
0.263
0.173
0.163
0.190
0.228
0.167
0.255
0.215
0.216
0.209
0.168
0.171
0.203
0.254
0.146
0.198
0.289
0.106
0.268
0.210
0.141
0.227
0.155
0.187
0.179
0.180
0.157
0.134
0.178
0.203
0.238
0.212
0.147
0.156
0.163
0.193
0.151
0.241
0.117
0.172
0.270
0.181
0.181
0.151
0.326
0.197
0.282
0.220
0.175
0.172
0.243
0.186
0.247
0.184
0.199
0.200
0.233
0.151
0.231
0.192
0.192
0.205
0.236
0.180
0.292
0.187
0.191
0.205
0.176
0.236
0.226
0.196
0.199
0.192
0.235
0.198
0.178
0.203
0.197
0.239
0.197
0.212
0.190
0.181
0.292
0.269
0.247
0.218
0.283
0.184
0.218
0.233
0.185
0.209
0.264
0.222
0.166
0.209
0.242
0.226
0.229
0.242
0.211
0.251
0.191
0.231
0.252
0.171
0.270
0.257
0.275
0.170
0.175
0.288
0.220
0.141
0.191
0.163
0.208
0.206
0.183
0.190
0.227
0.215
0.220
0.219
0.202
0.218
0.204
0.205
0.230
0.293
0.139
0.214
0.195
0.271
0.184
0.182
0.182
0.178
0.155
0.170
0.217
0.242
0.174
0.226
0.200
0.213
0.159
0.198
0.175
0.215
0.262
0.318
0.186
0.243
0.206
0.202
0.165
0.176
0.206
0.235
0.167
0.147
0.194
0.264
0.146
0.173
0.163
0.218
0.222
0.254
0.119
0.163
0.189
0.277
0.191
0.223
0.221
0.183
0.205
0.142
0.161
0.251
0.182
0.167
0.189
0.232
0.214
0.233
0.156
0.218
0.174
0.174
0.278
0.139
0.251
0.180
0.181
0.164
0.159
0.191
0.193
0.232
0.297
0.227
0.166
0.191
0.208
0.175
0.238
0.156
0.195
0.320
0.192
0.135
0.249
0.125
0.167
0.188
0.238
0.227
0.194
0.140
0.162
0.163
0.275
0.238
0.169
0.139
0.194
0.218
0.184
0.305
0.266
0.178
0.203
0.197
0.171
0.215
0.202
0.248
0.224
0.210
0.162
0.266
0.195
0.270
0.217
0.156
0.268
0.200
0.202
0.135
0.223
0.139
0.208
0.255
0.207
0.130
0.142
0.242
0.236
0.154
0.256
0.242
0.188
0.206
0.220
0.180
0.155
0.187
0.288
0.152
0.186
0.193
0.265
0.242
0.162
0.250
0.213
0.195
0.243
0.196
0.240
0.239
0.235
0.174
0.171
0.133
0.249
0.134
0.158
0.288
0.205
0.207
0.230
0.229
0.133
0.199
0.160
0.240
0.231
0.204
0.158
0.236
0.130
0.143
0.330
0.244
0.252
0.266
0.107
0.110
0.159
0.217
0.202
0.173
0.200
0.263
0.246
0.213
0.219
0.135
0.209
0.150
0.138
0.218
0.276
0.227
0.197
0.230
0.230
0.199
0.214
0.220
0.145
0.209
0.191
0.306
0.217
0.237
0.188
0.215
0.249
0.250
0.179
0.240
0.257
0.258
0.256
0.228
0.130
0.154
0.155
0.284
0.193
0.136
0.209
0.186
0.192
0.257
0.257
0.141
0.183
0.209
0.194
0.224
0.235
0.154
0.239
0.184
0.180
0.182
0.193
0.230
0.252
0.233
0.212
0.220
0.223
0.209
0.226
0.154
0.235
0.264
0.268
0.148
0.171
0.174
0.187
0.173
0.207
0.194
0.157
0.150
0.153
0.115
0.302
0.163
0.249
0.230
0.149
0.266
0.184
0.219
0.146
0.240
0.163
0.196
0.333
0.204
0.219
0.165
0.194
0.181
0.146
0.220
0.189
0.167
0.168
0.214
0.188
0.245
0.275
0.189
0.178
0.164
0.176
0.121
0.150
0.225
0.246
0.189
0.225
0.165
0.219
0.228
0.211
0.263
0.251
0.235
0.198
0.254
0.191
0.218
0.212
0.269
0.152
0.272
0.214
0.124
0.201
0.189
0.306
0.162
0.281
0.197
0.249
0.177
0.273
0.141
0.139
0.266
0.209
0.110
0.164
0.177
0.213
0.224
0.257
0.176
0.199
0.280
0.149
0.220
0.172
0.264
0.131
0.211
0.167
0.195
0.171
0.241
0.250
0.305
0.225
0.167
0.184
0.209
0.292
0.226
0.163
0.203
0.221
0.207
0.247
0.172
0.212
0.197
0.214
0.246
0.154
0.178
0.208
0.161
0.208
0.154
0.196
0.205
0.167
0.207
0.268
0.233
0.208
0.223
0.243
0.175
0.210
0.115
0.189
0.256
0.204
0.181
0.172
0.185
0.263
0.227
0.225
0.264
0.243
0.244
0.302
0.261
0.263
0.186
0.244
0.225
0.229
0.231
0.115
0.255
0.198
0.192
0.207
0.177
0.251
0.243
0.228
0.142
0.209
0.182
0.179
0.227
0.183
0.216
0.220
0.153
0.204
0.227
0.193
0.197
0.257
0.201
0.191
0.195
0.214
0.180
0.238
0.153
0.277
0.227
0.200
0.194
0.176
0.240
0.215
0.206
0.218
0.202
0.136
0.210
0.179
0.193
0.304
0.217
0.230
0.149
0.239
0.193
0.148
0.219
0.284
0.198
0.160
0.233
0.178
0.236
0.206
0.237
0.186
0.203
0.218
0.142
0.218
0.231
0.215
0.274
0.170
0.185
0.240
0.237
0.206
0.188
0.208
0.282
0.193
0.210
0.172
0.151
0.139
0.224
0.163
0.288
0.187
0.172
0.155
0.164
0.183
0.183
0.189
0.233
0.206
0.227
0.099
0.169
0.258
0.159
0.255
0.201
0.157
0.197
0.190
0.175
0.226
0.161
0.264
0.136
0.251
0.201
0.220
0.188
0.261
0.177
0.208
0.114
0.202
0.165
0.228
0.245
0.209
0.188
0.131
0.305
0.236
0.304
0.137
0.202
0.169
0.160
0.226
0.236
0.180
0.189
0.209
0.209
0.154
0.171
0.238
0.205
0.185
0.217
0.128
0.124
0.213
0.220
0.204
0.199
0.218
0.242
0.195
0.210
0.253
0.165
0.246
0.172
0.215
0.184
0.220
0.233
0.223
0.211
0.230
0.197
0.201
0.190
0.218
0.164
0.191
0.192
0.189
0.199
0.158
0.213
0.242
0.172
0.174
0.233
0.179
0.198
0.230
0.244
0.203
0.111
0.244
0.184
0.210
0.241
0.217
0.220
0.193
0.152
0.253
0.163
0.163
0.188
0.174
0.172
0.182
0.227
0.196
0.209
0.245
0.173
0.216
0.154
0.246
0.198
0.194
0.231
0.296
0.252
0.171
0.241
0.304
0.162
0.161
0.251
0.195
0.132
0.162
0.299
0.186
0.187
0.223
0.163
0.199
0.194
0.219
0.215
0.175
0.218
0.171
0.205
0.160
0.214
0.271
0.141
0.194
0.161
0.228
0.218
0.179
0.122
0.233
0.162
0.216
0.267
0.229
0.227
0.185
0.188
0.119
0.265
0.162
0.249
0.158
0.196
0.189
0.250
0.233
0.173
0.189
0.170
0.189
0.174
0.202
0.150
0.158
0.235
0.132
0.205
0.214
0.220
0.235
0.257
0.173
0.192
0.184
0.161
0.169
0.223
0.209
0.137
0.126
0.156
0.253
0.176
0.249
0.209
0.176
0.162
0.186
0.179
0.148
0.232
0.187
0.197
0.172
0.200
0.188
0.194
0.180
0.176
0.218
0.199
0.203
0.188
0.290
0.201
0.233
0.247
0.202
0.170
0.144
0.209
0.178
0.226
0.164
0.228
0.261
0.236
0.168
0.216
0.195
0.188
0.146
0.181
0.255
0.183
0.216
0.292
0.217
0.219
0.129
0.238
0.168
0.235
0.208
0.176
0.202
0.124
0.201
0.187
0.179
0.152
0.191
0.163
0.244
0.181
0.190
0.130
0.216
0.205
0.123
0.212
0.157
0.186
0.273
0.249
0.225
0.216
0.199
0.189
0.214
0.179
0.246
0.169
0.206
0.222
0.109
0.186
0.246
0.204
0.234
0.143
0.191
0.220
0.232
0.210
0.213
0.191
0.212
0.220
0.180
0.200
0.189
0.214
0.211
0.161
0.149
0.217
0.220
0.222
0.148
0.196
0.236
0.217
0.251
0.139
0.192
0.218
0.202
0.198
0.213
0.197
0.212
0.225
0.194
0.126
0.197
0.136
0.187
0.250
0.216
0.218
0.193
0.154
0.191
0.237
0.164
0.144
0.194
0.264
0.184
0.137
0.185
0.141
0.266
0.194
0.288
0.174
0.200
0.183
0.216
0.209
0.243
0.237
0.251
0.210
0.260
0.233
0.177
0.259
0.244
0.229
0.183
0.183
0.135
0.234
0.348
0.224
0.174
0.214
0.221
0.238
0.226
0.233
0.180
0.196
0.287
0.162
0.131
0.211
0.191
0.144
0.220
0.165
0.274
0.163
0.194
0.196
0.181
0.189
0.208
0.259
0.243
0.177
0.198
0.171
0.276
0.262
0.191
0.182
0.244
0.174
0.220
0.206
0.290
0.229
0.184
0.153
0.218
0.173
0.158
0.184
0.176
0.177
0.161
0.216
0.177
0.170
0.160
0.230
0.205
0.159
0.154
0.217
0.176
0.215
0.232
0.200
0.154
0.211
0.207
0.243
0.219
0.213
0.234
0.248
0.145
0.181
0.218
0.196
0.203
0.234
0.185
0.182
0.201
0.222
0.181
0.201
0.189
0.179
0.160
0.198
0.177
0.208
0.177
0.210
0.181
0.142
0.143
0.132
0.166
0.210
0.189
0.182
0.258
0.179
0.197
0.187
0.139
0.214
0.207
0.233
0.187
0.254
0.202
0.198
0.256
0.222
0.242
0.187
0.199
0.242
0.257
0.207
0.187
0.146
0.134
0.241
0.197
0.241
0.151
0.233
0.173
0.167
0.291
0.179
0.162
0.155
0.182
0.284
0.194
0.221
0.244
0.200
0.212
0.148
0.186
0.335
0.202
0.248
0.236
0.195
0.238
0.137
0.200
0.253
0.205
0.138
0.170
0.207
0.124
0.181
0.196
0.199
0.216
0.196
0.196
0.240
0.188
0.226
0.195
0.222
0.211
0.211
0.215
0.190
0.207
0.210
0.207
0.130
0.180
0.219
0.214
0.221
0.249
0.133
0.144
0.218
0.197
0.193
0.205
0.195
0.210
0.166
0.233
0.278
0.155
0.173
0.156
0.172
0.230
0.165
0.124
0.192
0.166
0.227
0.198
0.278
0.280
0.200
0.246
0.221
0.156
0.248
0.125
0.172
0.174
0.220
0.146
0.237
0.161
0.169
0.189
0.254
0.137
0.184
0.243
0.179
0.186
0.210
0.176
0.170
0.185
0.239
0.207
0.186
0.243
0.178
0.181
0.164
0.141
0.195
0.182
0.214
0.139
0.188
0.245
0.158
0.220
0.225
0.192
0.246
0.172
0.156
0.171
0.153
0.203
0.203
0.171
0.172
0.184
0.104
0.198
0.173
0.198
0.171
0.210
0.243
0.219
0.163
0.175
0.143
0.245
0.220
0.186
0.181
0.170
0.169
0.312
0.246
0.148
0.204
0.209
0.183
0.291
0.151
0.211
0.149
0.222
0.200
0.172
0.202
0.142
0.187
0.179
0.210
0.224
0.223
0.111
0.203
0.199
0.192
0.170
0.132
0.239
0.327
0.171
0.256
0.145
0.195
0.268
0.239
0.164
0.225
0.239
0.287
0.210
0.216
0.167
0.256
0.183
0.173
0.171
0.303
0.141
0.174
0.314
0.180
0.193
0.226
0.321
0.212
0.188
0.292
0.237
0.260
0.245
0.213
0.156
0.221
0.196
0.123
0.170
0.307
0.176
0.248
0.236
0.153
0.232
0.196
0.229
0.128
0.178
0.235
0.145
0.195
0.199
0.262
0.228
0.153
0.165
0.228
0.179
0.150
0.270
0.216
0.222
0.261
0.210
0.301
0.215
0.134
0.202
0.249
0.139
0.132
0.199
0.202
0.172
0.234
0.142
0.189
0.198
0.194
0.170
0.155
0.117
0.194
0.186
0.185
0.178
0.158
0.123
0.205
0.179
0.211
0.204
0.265
0.190
0.130
0.187
0.257
0.259
0.264
0.208
0.208
0.223
0.210
0.201
0.151
0.160
0.173
0.272
0.227
0.204
0.185
0.165
0.231
0.228
0.246
0.235
0.256
0.247
0.250
0.192
0.282
0.229
0.201
0.259
0.184
0.176
0.162
0.176
0.216
0.154
0.191
0.137
0.226
0.134
0.224
0.250
0.186
0.108
0.117
0.212
0.201
0.197
0.227
0.226
0.220
0.177
0.242
0.273
0.229
0.194
0.236
0.220
0.230
0.138
0.226
0.233
0.141
0.134
0.166
0.148
0.179
0.407
0.173
0.241
0.119
0.210
0.185
0.171
0.142
0.245
0.166
0.214
0.212
0.276
0.246
0.147
0.202
0.149
0.192
0.261
0.179
0.166
0.226
0.146
0.248
0.135
0.215
0.178
0.219
0.247
0.203
0.174
0.157
0.185
0.197
0.234
0.197
0.219
0.228
0.203
0.179
0.214
0.155
0.228
0.223
0.159
0.225
0.276
0.140
0.196
0.195
0.220
0.142
0.216
0.178
0.162
0.213
0.216
0.249
0.145
0.170
0.187
0.165
0.300
0.209
0.181
0.155
0.196
0.238
0.269
0.168
0.227
0.163
0.222
0.235
0.235
0.204
0.188
0.133
0.256
0.177
0.186
0.235
0.214
0.335
0.206
0.192
0.255
0.200
0.216
0.150
0.193
0.222
0.159
0.175
0.216
0.210
0.228
0.199
0.192
0.214
0.099
0.251
0.213
0.249
0.167
0.230
0.122
0.231
0.170
0.264
0.120
0.204
0.127
0.200
0.180
0.170
0.184
0.203
0.159
0.280
0.173
0.137
0.265
0.222
0.223
0.142
0.156
0.238
0.202
0.130
0.193
0.164
0.223
0.272
0.271
0.232
0.201
0.234
0.180
0.206
0.163
0.217
0.192
0.214
0.209
0.200
0.247
0.173
0.090
0.188
0.149
0.293
0.225
0.242
0.225
0.139
0.276
0.150
0.194
0.193
0.268
0.151
0.284
0.180
0.209
0.235
0.139
0.215
0.163
0.135
0.229
0.272
0.202
0.243
0.159
0.149
0.267
0.162
0.322
0.173
0.116
0.230
0.228
0.193
0.209
0.147
0.215
0.200
0.171
0.193
0.217
0.197
0.253
0.173
0.197
0.238
0.218
0.249
0.156
0.189
0.172
0.135
0.105
0.164
0.130
0.167
0.138
0.247
0.241
0.228
0.153
0.171
0.164
0.206
0.215
0.209
0.212
0.275
0.140
0.184
0.148
0.245
0.261
0.252
0.171
0.244
0.150
0.212
0.195
0.232
0.227
0.193
0.140
0.260
0.187
0.224
0.180
0.205
0.158
0.233
0.217
0.248
0.171
0.221
0.220
0.290
0.210
0.226
0.297
0.252
0.158
0.230
0.220
0.187
0.163
0.123
0.171
0.180
0.257
0.283
0.231
0.252
0.173
0.221
0.172
0.113
0.290
0.285
0.196
0.205
0.244
0.197
0.182
0.220
0.221
0.226
0.227
0.235
0.169
0.205
0.226
0.179
0.210
0.199
0.222
0.259
0.181
0.160
0.209
0.164
0.193
0.195
0.173
0.241
0.217
0.193
0.130
0.152
0.188
0.201
0.173
0.218
0.141
0.229
0.160
0.158
0.205
0.269
0.220
0.173
0.170
0.177
0.217
0.190
0.155
0.207
0.247
0.136
0.233
0.221
0.152
0.184
0.123
0.226
0.177
0.195
0.171
0.258
0.260
0.252
0.263
0.188
0.233
0.179
0.232
0.173
0.188
0.222
0.210
0.205
0.150
0.196
0.162
0.156
0.216
0.135
0.108
0.171
0.219
0.204
0.210
0.188
0.148
0.197
0.292
0.165
0.211
0.220
0.200
0.213
0.146
0.202
0.234
0.206
0.284
0.197
0.208
0.179
0.245
0.189
0.183
0.174
0.220
0.212
0.210
0.215
0.226
0.209
0.177
0.150
0.191
0.182
0.187
0.205
0.212
0.191
0.254
0.155
0.218
0.216
0.201
0.198
0.196
0.230
0.267
0.144
0.197
0.206
0.166
0.180
0.213
0.138
0.253
0.194
0.272
0.218
0.196
0.245
0.168
0.184
0.205
0.231
0.186
0.240
0.206
0.306
0.283
0.246
0.250
0.236
0.256
0.221
0.232
0.142
0.228
0.254
0.219
0.154
0.194
0.181
0.276
0.201
0.129
0.233
0.218
0.199
0.221
0.203
0.180
0.135
0.224
0.208
0.196
0.225
0.192
0.209
0.165
0.103
0.171
0.227
0.224
0.237
0.190
0.226
0.183
0.157
0.230
0.152
0.176
0.189
0.189
0.243
0.170
0.226
0.327
0.242
0.181
0.189
0.192
0.170
0.186
0.263
0.136
0.243
0.215
0.153
0.208
0.242
0.155
0.209
0.180
0.197
0.172
0.150
0.165
0.223
0.246
0.264
0.233
0.218
0.244
0.193
0.198
0.216
0.238
0.207
0.259
0.229
0.228
0.190
0.198
0.200
0.204
0.312
0.177
0.194
0.194
0.211
0.193
0.214
0.166
0.159
0.272
0.181
0.173
0.266
0.185
0.142
0.182
0.209
0.208
0.221
0.209
0.212
0.205
0.175
0.247
0.211
0.198
0.175
0.178
0.217
0.206
0.178
0.199
0.192
0.191
0.164
0.179
0.191
0.192
0.227
0.249
0.205
0.161
0.191
0.251
0.244
0.263
0.163
0.246
0.278
0.248
0.185
0.189
0.245
0.205
0.214
0.200
0.180
0.146
0.189
0.255
0.201
0.220
0.223
0.194
0.198
0.189
0.132
0.209
0.210
0.222
0.161
0.232
0.265
0.213
0.225
0.150
0.205
0.212
0.210
0.173
0.221
0.265
0.130
0.203
0.287
0.201
0.252
0.215
0.236
0.158
0.193
0.206
0.189
0.200
0.183
0.193
0.167
0.279
0.186
0.186
0.210
0.260
0.348
0.175
0.232
0.222
0.197
0.197
0.251
0.238
0.186
0.207
0.164
0.206
0.205
0.206
0.217
0.240
0.152
0.204
0.210
0.170
0.175
0.162
0.253
0.234
0.204
0.192
0.211
0.223
0.184
0.168
0.148
0.273
0.167
0.160
0.153
0.200
0.180
0.242
0.188
0.241
0.238
0.148
0.177
0.193
0.178
0.208
0.184
0.227
0.193
0.196
0.164
0.217
0.204
0.147
0.245
0.291
0.171
0.203
0.235
0.201
0.218
0.246
0.235
0.173
0.224
0.154
0.254
0.188
0.225
0.225
0.197
0.182
0.225
0.262
0.178
0.158
0.272
0.212
0.205
0.197
0.164
0.222
0.195
0.178
0.185
0.199
0.218
0.194
0.208
0.262
0.168
0.219
0.176
0.193
0.120
0.169
0.210
0.149
0.140
0.207
0.290
0.237
0.154
0.234
0.207
0.209
0.227
0.203
0.213
0.188
0.196
0.147
0.222
0.212
0.179
0.197
0.207
0.235
0.312
0.251
0.189
0.148
0.232
0.238
0.225
0.104
0.316
0.160
0.288
0.214
0.217
0.152
0.235
0.172
0.132
0.139
0.227
0.227
0.192
0.213
0.209
0.210
0.198
0.246
0.186
0.205
0.181
0.174
0.198
0.202
0.190
0.222
0.214
0.198
0.175
0.219
0.161
0.163
0.238
0.225
0.211
0.201
0.244
0.181
0.222
0.229
0.202
0.202
0.204
0.176
0.147
0.280
0.214
0.253
0.111
0.229
0.173
0.121
0.187
0.221
0.191
0.243
0.244
0.192
0.218
0.223
0.209
0.164
0.246
0.196
0.226
0.202
0.178
0.245
0.216
0.250
0.153
0.162
0.236
0.201
0.191
0.166
0.243
0.212
0.223
0.251
0.229
0.217
0.262
0.174
0.194
0.200
0.212
0.265
0.191
0.235
0.231
0.208
0.158
0.207
0.220
0.216
0.232
0.196
0.255
0.266
0.242
0.214
0.227
0.221
0.144
0.216
0.176
0.203
0.233
0.279
0.221
0.221
0.238
0.127
0.208
0.185
0.168
0.136
0.184
0.151
0.199
0.227
0.199
0.175
0.183
0.164
0.241
0.193
0.220
0.150
0.191
0.276
0.208
0.264
0.170
0.153
0.239
0.212
0.198
0.262
0.164
0.248
0.205
0.154
0.176
0.207
0.267
0.226
0.186
0.212
0.193
0.207
0.201
0.176
0.214
0.186
0.237
0.211
0.220
0.211
0.214
0.221
0.191
0.214
0.194
0.280
0.169
0.199
0.356
0.171
0.198
0.241
0.213
0.191
0.178
0.216
0.147
0.181
0.176
0.211
0.189
0.196
0.258
0.211
0.170
0.237
0.162
0.156
0.209
0.193
0.181
0.165
0.172
0.195
0.185
0.316
0.183
0.164
0.166
0.141
0.268
0.211
0.153
0.138
0.123
0.180
0.175
0.187
0.222
0.192
0.205
0.204
0.203
0.199
0.170
0.235
0.152
0.163
0.206
0.205
0.152
0.154
0.203
0.222
0.208
0.231
0.229
0.234
0.174
0.156
0.261
0.291
0.268
0.181
0.208
0.206
0.195
0.193
0.174
0.217
0.235
0.241
0.200
0.136
0.234
0.143
0.166
0.220
0.176
0.209
0.190
0.217
0.199
0.206
0.169
0.221
0.283
0.184
0.216
0.213
0.226
0.193
0.221
0.216
0.265
0.185
0.214
0.253
0.206
0.233
0.183
0.177
0.153
0.235
0.246
0.230
0.215
0.275
0.248
0.206
0.264
0.219
0.195
0.183
0.249
0.162
0.245
0.213
0.223
0.233
0.152
0.178
0.207
0.238
0.164
0.131
0.239
0.218
0.184
0.228
0.230
0.192
0.236
0.142
0.349
0.198
0.240
0.245
0.229
0.150
0.195
0.189
0.170
0.209
0.236
0.194
0.213
0.192
0.242
0.268
0.196
0.181
0.272
0.336
0.219
0.165
0.206
0.173
0.174
0.161
0.217
0.239
0.176
0.244
0.269
0.152
0.221
0.216
0.221
0.191
0.188
0.242
0.226
0.225
0.165
0.192
0.225
0.195
0.179
0.216
0.195
0.206
0.232
0.189
0.188
0.220
0.185
0.174
0.226
0.183
0.172
0.154
0.158
0.180
0.208
0.269
0.199
0.233
0.232
0.244
0.234
0.202
0.161
0.195
0.194
0.253
0.188
0.268
0.145
0.130
0.233
0.207
0.236
0.180
0.146
0.253
0.172
0.180
0.185
0.222
0.209
0.192
0.140
0.230
0.260
0.226
0.225
0.222
0.273
0.194
0.199
0.265
0.168
0.210
0.115
0.279
0.200
0.187
0.198
0.192
0.201
0.180
0.154
0.179
0.217
0.196
0.194
0.172
0.254
0.184
0.198
0.224
0.170
0.275
0.174
0.230
0.230
0.234
0.220
0.251
0.191
0.193
0.233
0.230
0.147
0.177
0.253
0.174
0.199
0.202
0.193
0.216
0.174
0.148
0.228
0.146
0.217
0.157
0.214
0.184
0.243
0.151
0.252
0.190
0.146
0.320
0.246
0.250
0.199
0.264
0.257
0.282
0.292
0.161
0.237
0.235
0.223
0.251
0.206
0.227
0.215
0.216
0.167
0.163
0.224
0.188
0.267
0.175
0.215
0.232
0.312
0.205
0.291
0.202
0.295
0.210
0.151
0.223
0.203
0.237
0.194
0.219
0.174
0.228
0.154
0.258
0.200
0.244
0.309
0.173
0.141
0.198
0.183
0.193
0.202
0.262
0.187
0.158
0.214
0.205
0.234
0.205
0.166
0.283
0.196
0.270
0.193
0.200
0.288
0.207
0.200
0.196
0.204
0.170
0.192
0.242
0.211
0.157
0.202
0.190
0.250
0.162
0.198
0.209
0.209
0.221
0.309
0.196
0.199
0.269
0.160
0.167
0.231
0.217
0.228
0.234
0.219
0.224
0.276
0.199
0.154
0.198
0.176
0.158
0.171
0.242
0.202
0.219
0.150
0.259
0.202
0.162
0.254
0.182
0.182
0.212
0.210
0.191
0.185
0.214
0.235
0.205
0.154
0.209
0.146
0.218
0.204
0.180
0.233
0.252
0.213
0.178
0.224
0.267
0.187
0.203
0.197
0.137
0.279
0.179
0.176
0.171
0.225
0.211
0.175
0.176
0.135
0.291
0.246
0.216
0.199
0.238
0.203
0.259
0.213
0.238
0.227
0.182
0.201
0.212
0.169
0.193
0.216
0.168
0.218
0.230
0.240
0.240
0.191
0.201
0.173
0.241
0.173
0.220
0.164
0.256
0.184
0.237
0.179
0.146
0.265
0.237
0.224
0.198
0.184
0.192
0.220
0.193
0.165
0.247
0.210
0.195
0.153
0.166
0.228
0.142
0.177
0.262
0.197
0.195
0.225
0.175
0.123
0.219
0.180
0.197
0.142
0.269
0.247
0.212
0.172
0.182
0.174
0.189
0.212
0.233
0.178
0.155
0.199
0.172
0.239
0.196
0.162
0.276
0.196
0.210
0.194
0.138
0.195
0.256
0.256
0.232
0.195
0.180
0.223
0.196
0.209
0.230
0.222
0.175
0.162
0.229
0.225
0.213
0.197
0.258
0.226
0.158
0.219
0.257
0.240
0.219
0.223
0.191
0.289
0.223
0.182
0.163
0.171
0.264
0.254
0.135
0.144
0.235
0.217
0.183
0.264
0.207
0.177
0.246
0.202
0.230
0.158
0.173
0.175
0.236
0.301
0.220
0.117
0.175
0.195
0.262
0.223
0.250
0.184
0.225
0.216
0.178
0.223
0.210
0.205
0.179
0.189
0.209
0.250
0.230
0.195
0.247
0.173
0.242
0.188
0.186
0.277
0.192
0.205
0.213
0.240
0.180
0.193
0.160
0.191
0.225
0.254
0.193
0.152
0.148
0.181
0.222
0.232
0.192
0.197
0.268
0.245
0.206
0.201
0.340
0.163
0.200
0.274
0.177
0.234
0.138
0.174
0.169
0.212
0.204
0.236
0.231
0.265
0.178
0.229
0.146
0.146
0.292
0.247
0.170
0.225
0.180
0.174
0.153
0.184
0.199
0.182
0.216
0.187
0.314
0.272
0.115
0.158
0.163
0.203
0.203
0.250
0.213
0.237
0.168
0.213
0.186
0.209
0.199
0.205
0.196
0.289
0.213
0.169
0.195
0.266
0.143
0.164
0.204
0.203
0.191
0.252
0.225
0.197
0.236
0.191
0.209
0.227
0.160
0.200
0.236
0.202
0.247
0.137
0.250
0.170
0.263
0.197
0.233
0.209
0.135
0.192
0.141
0.255
0.194
0.201
0.218
0.242
0.177
0.205
0.219
0.214
0.217
0.226
0.207
0.195
0.228
0.186
0.194
0.206
0.249
0.199
0.216
0.209
0.207
0.200
0.223
0.194
0.204
0.222
0.222
0.225
0.233
0.204
0.191
0.203
0.209
0.216
0.216
0.213
0.190
0.247
0.203
0.208
0.208
0.206
0.194
0.202
0.201
0.186
0.215
0.198
0.210
0.227
0.196
0.221
0.213
0.221
0.210
0.202
0.208
0.207
0.223
0.200
0.217
0.200
0.195
0.214
0.217
0.206
0.234
0.217
0.195
0.202
0.204
0.220
0.208
0.208
0.193
0.230
0.208
0.207
0.204
0.176
0.203
0.196
0.194
0.213
0.194
0.212
0.201
0.225
0.236
0.221
0.190
0.205
0.215
0.218
0.198
0.212
0.210
0.190
0.208
0.206
0.228
0.191
0.214
0.218
0.207
0.199
0.193
0.197
0.206
0.200
0.207
0.244
0.203
0.212
0.190
0.239
0.195
0.176
0.175
0.212
0.206
0.207
0.203
0.191
0.202
0.204
0.233
0.240
0.190
0.192
0.245
0.227
0.204
0.180
0.197
0.224
0.190
0.241
0.216
0.210
0.229
0.197
0.203
0.199
0.211
0.186
0.197
0.178
0.180
0.212
0.209
0.190
0.183
0.212
0.221
0.206
0.206
0.229
0.198
0.188
0.190
0.193
0.222
0.197
0.190
0.196
0.215
0.209
0.207
0.191
0.224
0.175
0.217
0.198
0.210
0.211
0.193
0.199
0.195
0.217
0.197
0.198
0.199
0.190
0.211
0.187
0.191
0.208
0.210
0.203
0.208
0.183
0.205
0.206
0.189
0.195
0.220
0.196
0.184
0.194
0.217
0.182
0.177
0.204
0.199
0.201
0.207
0.202
0.189
0.201
0.190
0.229
0.206
0.217
0.228
0.210
0.197
0.194
0.215
0.196
0.208
0.216
0.213
0.205
0.191
0.214
0.193
0.179
0.188
0.206
0.199
0.211
0.206
0.249
0.214
0.177
0.210
0.186
0.215
0.229
0.211
0.204
0.219
0.216
0.208
0.227
0.211
0.215
0.186
0.208
0.238
0.198
0.193
0.193
0.211
0.197
0.218
0.196
0.223
0.193
0.203
0.225
0.194
0.224
0.210
0.224
0.201
0.206
0.187
0.218
0.188
0.202
0.206
0.195
0.227
0.201
0.195
0.203
0.203
0.222
0.203
0.191
0.198
0.202
0.167
0.208
0.184
0.193
0.224
0.214
0.184
0.213
0.194
0.212
0.206
0.240
0.218
0.179
0.196
0.236
0.216
0.233
0.214
0.196
0.200
0.207
0.202
0.194
0.186
0.189
0.190
0.209
0.203
0.184
0.190
0.214
0.191
0.216
0.204
0.219
0.194
0.218
0.200
0.195
0.217
0.214
0.192
0.185
0.224
0.190
0.210
0.189
0.203
0.207
0.194
0.217
0.226
0.208
0.243
0.198
0.222
0.188
0.183
0.229
0.205
0.194
0.210
0.202
0.193
0.192
0.197
0.195
0.189
0.221
0.205
0.186
0.239
0.204
0.188
0.190
0.226
0.177
0.198
0.222
0.216
0.199
0.220
0.190
0.218
0.208
0.195
0.204
0.192
0.225
0.178
0.217
0.198
0.215
0.239
0.219
0.207
0.207
0.213
0.208
0.195
0.241
0.195
0.207
0.201
0.223
0.226
0.193
0.190
0.201
0.221
0.212
0.230
0.186
0.209
0.228
0.192
0.211
0.199
0.205
0.199
0.210
0.214
0.223
0.217
0.197
0.202
0.189
0.207
0.216
0.212
0.223
0.210
0.193
0.205
0.202
0.214
0.176
0.223
0.208
0.209
0.191
0.194
0.183
0.203
0.198
0.228
0.198
0.173
0.211
0.209
0.249
0.189
0.194
0.176
0.192
0.206
0.202
0.211
0.196
0.210
0.229
0.193
0.203
0.197
0.221
0.195
0.206
0.212
0.180
0.211
0.207
0.190
0.188
0.191
0.187
0.221
0.200
0.193
0.192
0.215
0.207
0.239
0.198
0.220
0.206
0.228
0.200
0.195
0.203
0.199
0.212
0.209
0.197
0.214
0.212
0.181
0.197
0.211
0.168
0.223
0.193
0.194
0.194
0.215
0.220
0.197
0.227
0.220
0.215
0.215
0.210
0.200
0.206
0.209
0.220
0.209
0.190
0.202
0.210
0.214
0.185
0.209
0.212
0.223
0.231
0.197
0.188
0.183
0.187
0.194
0.185
0.205
0.190
0.265
0.190
0.209
0.206
0.214
0.225
0.205
0.200
0.209
0.220
0.212
0.182
0.207
0.239
0.228
0.192
0.229
0.196
0.197
0.204
0.236
0.196
0.220
0.187
0.201
0.210
0.205
0.196
0.223
0.198
0.206
0.210
0.214
0.199
0.218
0.207
0.218
0.204
0.210
0.196
0.199
0.215
0.201
0.220
0.194
0.207
0.214
0.221
0.186
0.200
0.211
0.207
0.179
0.214
0.183
0.202
0.198
0.217
0.205
0.204
0.208
0.192
0.185
0.225
0.214
0.197
0.195
0.214
0.199
0.230
0.191
0.227
0.197
0.211
0.200
0.186
0.228
0.178
0.217
0.204
0.243
0.191
0.198
0.187
0.186
0.201
0.192
0.225
0.200
0.225
0.188
0.194
0.182
0.192
0.219
0.233
0.197
0.182
0.188
0.204
0.206
0.190
0.199
0.226
0.206
0.204
0.218
0.192
0.201
0.238
0.195
0.184
0.188
0.203
0.200
0.196
0.232
0.201
0.208
0.196
0.232
0.216
0.236
0.230
0.188
0.219
0.193
0.209
0.198
0.230
0.200
0.198
0.210
0.207
0.207
0.220
0.207
0.177
0.192
0.206
0.223
0.188
0.194
0.187
0.197
0.229
0.200
0.172
0.199
0.239
0.203
0.200
0.197
0.186
0.198
0.216
0.192
0.210
0.190
0.224
0.250
0.211
0.214
0.209
0.207
0.193
0.214
0.274
0.210
0.218
0.190
0.188
0.220
0.187
0.191
0.190
0.199
0.186
0.194
0.211
0.213
0.192
0.203
0.222
0.196
0.206
0.201
0.214
0.191
0.191
0.236
0.199
0.190
0.204
0.195
0.233
0.229
0.221
0.218
0.220
0.196
0.191
0.203
0.218
0.187
0.189
0.199
0.207
0.214
0.223
0.216
0.186
0.205
0.213
0.210
0.218
0.191
0.200
0.188
0.204
0.196
0.215
0.214
0.205
0.176
0.212
0.203
0.205
0.213
0.217
0.196
0.178
0.193
0.197
0.182
0.212
0.200
0.182
0.217
0.234
0.208
0.215
0.208
0.231
0.189
0.214
0.215
0.192
0.170
0.181
0.213
0.183
0.216
0.207
0.206
0.180
0.220
0.215
0.176
0.187
0.205
0.224
0.193
0.199
0.216
0.209
0.189
0.220
0.197
0.199
0.193
0.195
0.199
0.212
0.241
0.191
0.195
0.204
0.184
0.209
0.191
0.201
0.202
0.195
0.212
0.198
0.210
0.201
0.196
0.208
0.195
0.195
0.195
0.202
0.183
0.210
0.207
0.196
0.197
0.210
0.210
0.183
0.198
0.198
0.221
0.205
0.200
0.212
0.194
0.216
0.199
0.190
0.201
0.191
0.222
0.187
0.199
0.193
0.190
0.214
0.231
0.197
0.200
0.218
0.197
0.193
0.235
0.218
0.181
0.194
0.221
0.192
0.223
0.211
0.202
0.193
0.215
0.239
0.206
0.196
0.221
0.211
0.194
0.202
0.185
0.202
0.193
0.221
0.189
0.219
0.193
0.202
0.226
0.194
0.188
0.215
0.214
0.195
0.224
0.223
0.208
0.199
0.198
0.220
0.206
0.180
0.208
0.258
0.211
0.195
0.236
0.189
0.182
0.194
0.205
0.214
0.200
0.191
0.214
0.216
0.193
0.206
0.190
0.204
0.180
0.210
0.203
0.190
0.195
0.193
0.199
0.238
0.192
0.231
0.201
0.192
0.203
0.219
0.203
0.196
0.191
0.208
0.213
0.229
0.205
0.196
0.194
0.200
0.196
0.202
0.196
0.219
0.201
0.215
0.202
0.207
0.188
0.200
0.228
0.204
0.185
0.228
0.209
0.209
0.206
0.194
0.213
0.199
0.215
0.210
0.205
0.201
0.201
0.189
0.192
0.193
0.176
0.207
0.177
0.208
0.226
0.189
0.230
0.191
0.229
0.208
0.194
0.223
0.204
0.225
0.208
0.184
0.191
0.220
0.215
0.200
0.217
0.199
0.193
0.178
0.216
0.201
0.204
0.211
0.193
0.214
0.217
0.193
0.226
0.213
0.196
0.203
0.206
0.209
0.228
0.217
0.181
0.192
0.196
0.204
0.192
0.237
0.205
0.195
0.190
0.185
0.201
0.210
0.189
0.225
0.217
0.202
0.204
0.200
0.210
0.216
0.196
0.220
0.203
0.203
0.214
0.186
0.188
0.209
0.211
0.190
0.186
0.189
0.218
0.195
0.176
0.212
0.211
0.179
0.198
0.211
0.200
0.206
0.211
0.193
0.214
0.175
0.204
0.197
0.217
0.225
0.218
0.191
0.196
0.224
0.219
0.196
0.200
0.183
0.203
0.214
0.186
0.213
0.208
0.208
0.223
0.214
0.219
0.191
0.213
0.208
0.193
0.223
0.176
0.200
0.225
0.196
0.205
0.206
0.194
0.204
0.195
0.198
0.163
0.203
0.173
0.141
0.236
0.226
0.224
0.235
0.295
0.119
0.183
0.241
0.187
0.241
0.256
0.227
0.214
0.241
0.184
0.236
0.195
0.202
0.234
0.192
0.149
0.229
0.172
0.273
0.118
0.169
0.228
0.219
0.216
0.240
0.183
0.186
0.177
0.247
0.261
0.235
0.176
0.158
0.187
0.171
0.181
0.172
0.164
0.286
0.134
0.210
0.247
0.143
0.226
0.168
0.165
0.211
0.181
0.187
0.141
0.169
0.126
0.187
0.196
0.230
0.158
0.181
0.219
0.188
0.223
0.183
0.172
0.180
0.252
0.172
0.233
0.232
0.189
0.098
0.221
0.177
0.222
0.222
0.214
0.214
0.221
0.199
0.213
0.194
0.206
0.203
0.185
0.233
0.205
0.195
0.189
0.215
0.226
0.213
0.218
0.203
0.237
0.195
0.199
0.193
0.201
0.202
0.210
0.193
0.186
0.202
0.223
0.215
0.214
0.175
0.209
0.194
0.211
0.180
0.217
0.185
0.224
0.210
0.208
0.205
0.225
0.208
0.204
0.214
0.217
0.216
0.198
0.185
0.200
0.225
0.246
0.210
0.203
0.212
0.183
0.216
0.203
0.198
0.200
0.204
0.219
0.222
0.193
0.229
0.178
0.184
0.209
0.195
0.231
0.182
0.192
0.212
0.182
0.206
0.190
0.191
0.208
0.199
0.217
0.241
0.227
0.214
0.214
0.219
0.190
0.217
0.194
0.230
0.214
0.184
0.200
0.224
0.211
0.198
0.195
0.218
0.188
0.200
0.189
0.216
0.192
0.191
0.233
0.184
0.206
0.200
0.184
0.202
0.207
0.194
0.199
0.220
0.200
0.200
0.189
0.215
0.214
0.204
0.190
0.204
0.184
0.231
0.233
0.234
0.207
0.222
0.204
0.222
0.222
0.196
0.224
0.226
0.194
0.218
0.211
0.210
0.222
0.220
0.198
0.211
0.196
0.192
0.215
0.210
0.216
0.192
0.210
0.193
0.220
0.196
0.213
0.199
0.189
0.196
0.203
0.214
0.220
0.220
0.211
0.224
0.193
0.236
0.206
0.195
0.214
0.216
0.201
0.203
0.181
0.213
0.196
0.210
0.190
0.178
0.204
0.191
0.198
0.195
0.194
0.200
0.190
0.199
0.211
0.204
0.210
0.208
0.206
0.221
0.209
0.197
0.192
0.188
0.199
0.194
0.198
0.213
0.191
0.215
0.224
0.212
0.171
0.212
0.183
0.201
0.202
0.209
0.212
0.194
0.196
0.244
0.221
0.193
0.242
0.219
0.263
0.207
0.231
0.115
0.173
0.187
0.190
0.254
0.158
0.209
0.225
0.244
0.220
0.216
0.195
0.224
0.232
0.191
0.202
0.185
0.249
0.242
0.258
0.228
0.194
0.205
0.201
0.164
0.142
0.166
0.161
0.152
0.227
0.258
0.231
0.232
0.168
0.174
0.137
0.156
0.211
0.222
0.215
0.215
0.207
0.194
0.261
0.217
0.203
0.176
0.218
0.202
0.209
0.218
0.225
0.183
0.192
0.219
0.208
0.217
0.190
0.219
0.178
0.133
0.175
0.245
0.162
0.244
0.290
0.158
0.245
0.149
0.267
0.124
0.266
0.210
0.157
0.227
0.219
0.251
0.240
0.245
0.230
0.242
0.229
0.249
0.218
0.228
0.163
0.283
0.213
0.204
0.192
0.148
0.193
0.279
0.176
0.222
0.147
0.187
0.195
0.205
0.212
0.217
0.275
0.200
0.245
0.220
0.263
0.233
0.271
0.220
0.207
0.150
0.180
0.221
0.210
0.191
0.177
0.216
0.246
0.204
0.200
0.138
0.209
0.180
0.321
0.206
0.191
0.193
0.247
0.248
0.211
0.194
0.214
0.210
0.314
0.242
0.189
0.228
0.136
0.264
0.188
0.317
0.212
0.265
0.201
0.202
0.202
0.186
0.203
0.213
0.205
0.148
0.215
0.232
0.132
0.162
0.149
0.255
0.193
0.305
0.179
0.186
0.280
0.206
0.209
0.234
0.133
0.255
0.139
0.256
0.238
0.160
0.155
0.239
0.178
0.115
0.255
0.132
0.253
0.261
0.229
0.262
0.226
0.113
0.186
0.177
0.158
0.215
0.207
0.193
0.239
0.204
0.124
0.248
0.220
0.236
0.159
0.213
0.195
0.197
0.165
0.150
0.220
0.193
0.158
0.195
0.167
0.233
0.236
0.146
0.171
0.213
0.195
0.157
0.203
0.129
0.189
0.209
0.089
0.156
0.209
0.210
0.253
0.215
0.183
0.182
0.207
0.205
0.228
0.127
0.200
0.177
0.191
0.217
0.201
0.127
0.261
0.155
0.246
0.267
0.286
0.220
0.247
0.283
0.212
0.212
0.233
0.059
0.223
0.191
0.125
0.160
0.237
0.227
0.155
0.174
0.171
0.202
0.188
0.157
0.242
0.139
0.220
0.228
0.162
0.183
0.163
0.306
0.169
0.226
0.260
0.146
0.179
0.113
0.249
0.266
0.201
0.228
0.221
0.186
0.194
0.200
0.224
0.274
0.132
0.256
0.132
0.207
0.217
0.166
0.214
0.250
0.178
0.165
0.302
0.151
0.250
0.164
0.165
0.148
0.153
0.190
0.149
0.246
0.247
0.227
0.214
0.204
0.233
0.202
0.210
0.216
0.204
0.239
0.216
0.267
0.286
0.177
0.195
0.212
0.227
0.255
0.279
0.237
0.213
0.230
0.278
0.240
0.257
0.170
0.249
0.168
0.214
0.240
0.295
0.270
0.252
0.167
0.205
0.183
0.169
0.203
0.175
0.240
0.130
0.178
0.209
0.183
0.250
0.207
0.213
0.233
0.146
0.251
0.227
0.291
0.198
0.200
0.195
0.229
0.176
0.253
0.196
0.205
0.171
0.184
0.188
0.224
0.215
0.200
0.168
0.139
0.159
0.331
0.241
0.187
0.152
0.208
0.143
0.255
0.203
0.129
0.178
0.154
0.206
0.255
0.230
0.168
0.201
0.207
0.269
0.261
0.186
0.259
0.259
0.120
0.200
0.119
0.222
0.206
0.209
0.204
0.231
0.147
0.223
0.222
0.191
0.191
0.203
0.208
0.156
0.200
0.288
0.166
0.265
0.262
0.219
0.246
0.249
0.226
0.203
0.193
0.134
0.239
0.234
0.120
0.246
0.208
0.201
0.158
0.192
0.136
0.225
0.189
0.233
0.219
0.225
0.192
0.216
0.226
0.299
0.272
0.216
0.160
0.205
0.143
0.241
0.203
0.163
0.145
0.253
0.187
0.322
0.238
0.211
0.216
0.249
0.241
0.206
0.194
0.197
0.207
0.150
0.243
0.221
0.191
0.220
0.172
0.269
0.290
0.235
0.211
0.167
0.212
0.241
0.198
0.201
0.147
0.240
0.107
0.171
0.255
0.217
0.222
0.192
0.188
0.212
0.152
0.175
0.218
0.166
0.294
0.207
0.181
0.240
0.172
0.212
0.233
0.228
0.189
0.215
0.186
0.132
0.201
0.219
0.181
0.210
0.190
0.203
0.235
0.165
0.161
0.176
0.269
0.237
0.205
0.223
0.276
0.214
0.203
0.208
0.214
0.203
0.222
0.212
0.273
0.210
0.178
0.257
0.214
0.247
0.223
0.244
0.183
0.219
0.166
0.131
0.238
0.251
0.290
0.159
0.175
0.171
0.184
0.174
0.168
0.175
0.192
0.172
0.327
0.236
0.155
0.222
0.251
0.200
0.265
0.208
0.257
0.163
0.134
0.233
0.272
0.196
0.173
0.226
0.222
0.159
0.183
0.291
0.171
0.201
0.217
0.229
0.216
0.203
0.170
0.200
0.187
0.180
0.249
0.162
0.216
0.225
0.250
0.166
0.285
0.254
0.227
0.220
0.183
0.220
0.182
0.247
0.214
0.201
0.140
0.250
0.172
0.179
0.217
0.232
0.281
0.207
0.210
0.214
0.236
0.244
0.204
0.205
0.209
0.225
0.184
0.343
0.175
0.176
0.191
0.231
0.199
0.214
0.178
0.202
0.197
0.174
0.141
0.204
0.302
0.224
0.282
0.201
0.211
0.205
0.215
0.253
0.189
0.216
0.190
0.248
0.176
0.250
0.281
0.207
0.147
0.217
0.192
0.179
0.198
0.243
0.157
0.218
0.210
0.166
0.189
0.225
0.176
0.207
0.224
0.236
0.174
0.243
0.227
0.201
0.177
0.154
0.231
0.241
0.217
0.143
0.138
0.212
0.189
0.246
0.242
0.261
0.188
0.173
0.176
0.202
0.149
0.214
0.235
0.207
0.224
0.268
0.157
0.162
0.228
0.184
0.170
0.203
0.211
0.194
0.207
0.119
0.199
0.193
0.212
0.209
0.165
0.168
0.223
0.180
0.248
0.292
0.181
0.193
0.161
0.218
0.219
0.195
0.185
0.149
0.169
0.190
0.167
0.249
0.214
0.167
0.171
0.241
0.198
0.156
0.208
0.225
0.212
0.192
0.134
0.218
0.216
0.239
0.220
0.192
0.203
0.192
0.164
0.209
0.192
0.196
0.198
0.222
0.176
0.178
0.163
0.193
0.186
0.147
0.229
0.266
0.233
0.162
0.168
0.171
0.206
0.217
0.201
0.184
0.207
0.184
0.220
0.222
0.255
0.190
0.220
0.263
0.189
0.171
0.201
0.158
0.209
0.188
0.209
0.328
0.230
0.217
0.192
0.237
0.219
0.225
0.234
0.270
0.267
0.236
0.112
0.191
0.197
0.249
0.200
0.163
0.246
0.214
0.257
0.228
0.197
0.217
0.210
0.232
0.157
0.164
0.137
0.242
0.161
0.193
0.176
0.146
0.201
0.240
0.265
0.276
0.219
0.178
0.187
0.176
0.192
0.152
0.235
0.278
0.184
0.146
0.253
0.213
0.190
0.184
0.166
0.248
0.168
0.248
0.313
0.194
0.157
0.253
0.198
0.175
0.228
0.253
0.161
0.223
0.149
0.188
0.195
0.218
0.240
0.233
0.139
0.265
0.134
0.192
0.226
0.237
0.297
0.257
0.220
0.217
0.162
0.148
0.248
0.234
0.258
0.183
0.178
0.162
0.162
0.244
0.202
0.158
0.211
0.284
0.174
0.231
0.246
0.196
0.286
0.237
0.288
0.250
0.198
0.242
0.225
0.228
0.182
0.202
0.209
0.237
0.164
0.132
0.177
0.180
0.243
0.212
0.217
0.252
0.197
0.258
0.175
0.185
0.208
0.218
0.262
0.240
0.211
0.162
0.223
0.237
0.144
0.188
0.255
0.200
0.218
0.256
0.171
0.236
0.198
0.173
0.185
0.230
0.222
0.171
0.191
0.185
0.139
0.209
0.254
0.189
0.170
0.164
0.176
0.214
0.186
0.264
0.241
0.221
0.233
0.208
0.208
0.257
0.190
0.186
0.246
0.247
0.204
0.207
0.161
0.188
0.171
0.189
0.324
0.200
0.194
0.245
0.212
0.240
0.195
0.229
0.176
0.182
0.224
0.258
0.170
0.126
0.173
0.194
0.116
0.251
0.270
0.163
0.269
0.154
0.177
0.170
0.226
0.163
0.168
0.262
0.220
0.212
0.184
0.187
0.122
0.223
0.175
0.184
0.202
0.171
0.243
0.240
0.240
0.170
0.216
0.155
0.202
0.171
0.206
0.225
0.181
0.222
0.202
0.220
0.166
0.189
0.175
0.248
0.234
0.202
0.188
0.212
0.176
0.178
0.227
0.164
0.264
0.258
0.335
0.198
0.184
0.217
0.252
0.225
0.219
0.240
0.198
0.177
0.249
0.233
0.198
0.150
0.159
0.258
0.221
0.197
0.207
0.184
0.230
0.202
0.172
0.153
0.143
0.202
0.214
0.240
0.222
0.193
0.259
0.208
0.193
0.251
0.193
0.208
0.206
0.163
0.185
0.207
0.168
0.120
0.158
0.213
0.183
0.219
0.221
0.193
0.187
0.163
0.221
0.308
0.220
0.203
0.243
0.186
0.225
0.203
0.174
0.212
0.234
0.149
0.293
0.326
0.271
0.174
0.218
0.228
0.139
0.181
0.215
0.173
0.202
0.136
0.177
0.182
0.213
0.192
0.134
0.121
0.227
0.233
0.280
0.313
0.231
0.200
0.187
0.206
0.227
0.164
0.230
0.276
0.174
0.188
0.158
0.220
0.181
0.192
0.257
0.175
0.216
0.156
0.162
0.203
0.293
0.157
0.147
0.223
0.197
0.216
0.160
0.125
0.216
0.180
0.124
0.143
0.218
0.151
0.295
0.226
0.224
0.232
0.107
0.233
0.210
0.135
0.200
0.178
0.166
0.225
0.225
0.171
0.155
0.116
0.289
0.151
0.291
0.297
0.210
0.266
0.140
0.232
0.205
0.202
0.209
0.205
0.204
0.148
0.188
0.244
0.167
0.186
0.206
0.210
0.212
0.152
0.250
0.188
0.156
0.192
0.174
0.146
0.170
0.224
0.134
0.171
0.186
0.169
0.217
0.186
0.191
0.256
0.170
0.143
0.165
0.205
0.140
0.280
0.262
0.245
0.177
0.265
0.235
0.266
0.202
0.149
0.229
0.141
0.171
0.277
0.204
0.187
0.233
0.119
0.179
0.238
0.200
0.236
0.197
0.277
0.176
0.162
0.172
0.184
0.200
0.166
0.258
0.224
0.163
0.260
0.164
0.203
0.178
0.161
0.172
0.193
0.171
0.241
0.296
0.215
0.220
0.236
0.107
0.116
0.168
0.272
0.198
0.185
0.224
0.247
0.236
0.177
0.202
0.188
0.251
0.220
0.265
0.137
0.171
0.181
0.181
0.217
0.231
0.178
0.184
0.162
0.237
0.217
0.172
0.207
0.219
0.151
0.199
0.235
0.256
0.225
0.250
0.130
0.172
0.181
0.209
0.224
0.147
0.206
0.295
0.225
0.180
0.203
0.194
0.194
0.144
0.188
0.150
0.218
0.178
0.309
0.238
0.218
0.111
0.166
0.199
0.194
0.237
0.253
0.198
0.207
0.236
0.243
0.156
0.157
0.331
0.275
0.170
0.227
0.220
0.207
0.208
0.170
0.260
0.142
0.162
0.283
0.201
0.192
0.216
0.227
0.170
0.214
0.201
0.187
0.134
0.221
0.188
0.187
0.157
0.174
0.157
0.195
0.164
0.221
0.236
0.258
0.215
0.132
0.225
0.213
0.180
0.261
0.262
0.134
0.287
0.154
0.222
0.226
0.233
0.152
0.211
0.219
0.119
0.241
0.149
0.202
0.144
0.197
0.150
0.189
0.167
0.244
0.216
0.198
0.191
0.125
0.185
0.171
0.164
0.233
0.265
0.267
0.156
0.153
0.226
0.160
0.178
0.180
0.214
0.196
0.226
0.188
0.303
0.169
0.202
0.157
0.228
0.231
0.133
0.221
0.152
0.259
0.153
0.165
0.181
0.171
0.238
0.195
0.147
0.199
0.231
0.265
0.228
0.209
0.186
0.112
0.257
0.203
0.188
0.182
0.178
0.221
0.211
0.257
0.215
0.212
0.169
0.200
0.165
0.225
0.155
0.186
0.157
0.176
0.265
0.207
0.173
0.256
0.157
0.227
0.166
0.222
0.159
0.183
0.194
0.279
0.165
0.278
0.337
0.148
0.182
0.166
0.175
0.228
0.121
0.214
0.197
0.241
0.185
0.196
0.124
0.230
0.158
0.262
0.172
0.192
0.171
0.226
0.201
0.192
0.129
0.239
0.107
0.211
0.180
0.131
0.179
0.239
0.239
0.140
0.215
0.273
0.265
0.171
0.230
0.160
0.162
0.217
0.196
0.196
0.263
0.248
0.165
0.164
0.271
0.236
0.185
0.135
0.207
0.169
0.144
0.143
0.133
0.127
0.199
0.165
0.198
0.155
0.183
0.247
0.133
0.179
0.137
0.199
0.225
0.232
0.191
0.212
0.155
0.285
0.260
0.144
0.222
0.158
0.210
0.265
0.243
0.149
0.188
0.257
0.136
0.124
0.236
0.162
0.198
0.245
0.224
0.128
0.118
0.210
0.180
0.185
0.209
0.277
0.182
0.172
0.168
0.235
0.227
0.213
0.156
0.239
0.188
0.197
0.141
0.182
0.140
0.144
0.179
0.264
0.242
0.188
0.219
0.185
0.153
0.191
0.156
0.123
0.179
0.196
0.153
0.280
0.276
0.152
0.177
0.218
0.200
0.173
0.178
0.230
0.223
0.184
0.230
0.227
0.165
0.274
0.167
0.136
0.130
0.250
0.212
0.146
0.165
0.193
0.182
0.193
0.221
0.190
0.185
0.247
0.157
0.221
0.167
0.238
0.203
0.274
0.112
0.242
0.218
0.154
0.250
0.206
0.168
0.155
0.250
0.189
0.241
0.156
0.213
0.177
0.169
0.206
0.109
0.221
0.170
0.155
0.114
0.146
0.249
0.142
0.211
0.167
0.171
0.259
0.208
0.133
0.201
0.117
0.133
0.288
0.219
0.277
0.223
0.152
0.187
0.156
0.235
0.132
0.220
0.196
0.215
0.202
0.192
0.161
0.229
0.168
0.181
0.252
0.188
0.217
0.153
0.194
0.233
0.268
0.262
0.236
0.199
0.181
0.178
0.263
0.186
0.096
0.273
0.156
0.176
0.162
0.230
0.251
0.240
0.203
0.130
0.187
0.220
0.210
0.281
0.248
0.162
0.152
0.207
0.218
0.141
0.225
0.263
0.180
0.173
0.247
0.165
0.182
0.181
0.233
0.190
0.188
0.170
0.253
0.149
0.215
0.254
0.188
0.188
0.188
0.184
0.153
0.295
0.213
0.232
0.241
0.126
0.225
0.245
0.219
0.287
0.199
0.169
0.324
0.212
0.204
0.197
0.180
0.226
0.156
0.324
0.181
0.221
0.188
0.232
0.209
0.178
0.268
0.196
0.147
0.173
0.256
0.187
0.195
0.148
0.210
0.205
0.204
0.178
0.143
0.190
0.169
0.163
0.124
0.311
0.151
0.147
0.234
0.225
0.253
0.200
0.201
0.115
0.138
0.225
0.124
0.225
0.231
0.184
0.215
0.171
0.146
0.218
0.135
0.157
0.188
0.191
0.161
0.168
0.206
0.201
0.230
0.241
0.192
0.125
0.134
0.185
0.158
0.174
0.189
0.137
0.197
0.230
0.209
0.156
0.117
0.163
0.220
0.124
0.202
0.215
0.196
0.266
0.231
0.202
0.249
0.159
0.188
0.243
0.196
0.189
0.188
0.224
0.222
0.203
0.222
0.153
0.207
0.251
0.218
0.178
0.185
0.142
0.232
0.186
0.213
0.228
0.233
0.223
0.156
0.204
0.218
0.193
0.195
0.172
0.191
0.172
0.186
0.332
0.127
0.172
0.156
0.219
0.251
0.164
0.142
0.180
0.298
0.164
0.211
0.204
0.165
0.226
0.159
0.229
0.212
0.218
0.187
0.229
0.197
0.154
0.181
0.252
0.193
0.188
0.173
0.135
0.150
0.219
0.137
0.154
0.171
0.186
0.252
0.196
0.219
0.224
0.238
0.188
0.219
0.184
0.209
0.190
0.171
0.280
0.194
0.186
0.234
0.133
0.143
0.139
0.212
0.241
0.189
0.173
0.117
0.159
0.163
0.261
0.204
0.251
0.188
0.234
0.196
0.190
0.212
0.205
0.243
0.175
0.289
0.174
0.185
0.236
0.307
0.214
0.233
0.166
0.211
0.129
0.166
0.214
0.208
0.249
0.158
0.150
0.148
0.222
0.205
0.163
0.177
0.210
0.287
0.202
0.219
0.187
0.177
0.342
0.213
0.229
0.171
0.223
0.214
0.182
0.211
0.137
0.168
0.230
0.252
0.190
0.164
0.171
0.201
0.156
0.164
0.319
0.165
0.256
0.193
0.139
0.168
0.208
0.180
0.230
0.208
0.162
0.211
0.181
0.154
0.185
0.220
0.209
0.210
0.157
0.232
0.118
0.165
0.276
0.153
0.190
0.149
0.155
0.172
0.304
0.190
0.243
0.266
0.225
0.301
0.158
0.177
0.118
0.263
0.206
0.180
0.200
0.208
0.191
0.168
0.166
0.220
0.237
0.192
0.198
0.170
0.196
0.194
0.197
0.187
0.148
0.122
0.178
0.182
0.220
0.181
0.247
0.126
0.168
0.294
0.174
0.188
0.133
0.129
0.141
0.183
0.167
0.168
0.141
0.229
0.175
0.215
0.237
0.161
0.159
0.250
0.224
0.198
0.148
0.194
0.185
0.111
0.293
0.226
0.170
0.250
0.212
0.168
0.215
0.226
0.228
0.183
0.133
0.221
0.232
0.203
0.165
0.194
0.219
0.154
0.206
0.159
0.207
0.207
0.143
0.176
0.238
0.277
0.182
0.257
0.194
0.282
0.267
0.163
0.187
0.248
0.219
0.180
0.196
0.266
0.150
0.259
0.171
0.225
0.125
0.375
0.176
0.186
0.179
0.170
0.141
0.205
0.134
0.186
0.142
0.235
0.227
0.187
0.262
0.157
0.195
0.181
0.202
0.221
0.185
0.232
0.187
0.208
0.226
0.173
0.172
0.182
0.194
0.185
0.202
0.234
0.256
0.241
0.203
0.220
0.255
0.149
0.167
0.126
0.194
0.235
0.141
0.162
0.257
0.152
0.211
0.216
0.280
0.225
0.163
0.219
0.204
0.229
0.115
0.225
0.228
0.118
0.177
0.170
0.228
0.166
0.225
0.233
0.150
0.140
0.226
0.225
0.117
0.184
0.195
0.190
0.190
0.329
0.201
0.155
0.157
0.203
0.165
0.138
0.225
0.140
0.162
0.264
0.164
0.185
0.200
0.207
0.228
0.248
0.153
0.229
0.183
0.193
0.268
0.253
0.196
0.237
0.182
0.208
0.233
0.126
0.203
0.165
0.210
0.203
0.202
0.251
0.234
0.210
0.202
0.249
0.125
0.170
0.240
0.229
0.165
0.216
0.223
0.217
0.234
0.166
0.167
0.181
0.144
0.221
0.268
0.220
0.219
0.200
0.232
0.225
0.251
0.157
0.227
0.196
0.247
0.172
0.207
0.172
0.184
0.204
0.287
0.273
0.202
0.167
0.122
0.244
0.203
0.208
0.231
0.145
0.151
0.148
0.200
0.203
0.200
0.227
0.150
0.230
0.294
0.225
0.226
0.203
0.235
0.162
0.318
0.163
0.190
0.261
0.185
0.199
0.161
0.235
0.293
0.256
0.199
0.173
0.137
0.206
0.164
0.143
0.294
0.170
0.242
0.202
0.172
0.238
0.273
0.245
0.213
0.202
0.215
0.256
0.214
0.219
0.188
0.146
0.170
0.170
0.200
0.218
0.221
0.202
0.109
0.161
0.130
0.235
0.175
0.187
0.146
0.231
0.148
0.257
0.244
0.172
0.161
0.230
0.175
0.182
0.229
0.223
0.213
0.168
0.119
0.183
0.189
0.202
0.202
0.212
0.195
0.206
0.171
0.300
0.136
0.222
0.149
0.209
0.219
0.248
0.257
0.198
0.145
0.118
0.124
0.164
0.243
0.274
0.275
0.199
0.222
0.212
0.232
0.253
0.176
0.265
0.207
0.234
0.195
0.193
0.248
0.172
0.262
0.137
0.182
0.205
0.249
0.162
0.194
0.189
0.242
0.175
0.193
0.140
0.102
0.220
0.138
0.182
0.188
0.218
0.248
0.256
0.235
0.220
0.206
0.175
0.254
0.125
0.214
0.128
0.226
0.146
0.209
0.124
0.217
0.174
0.155
0.171
0.204
0.233
0.262
0.152
0.156
0.193
0.164
0.225
0.197
0.149
0.208
0.170
0.187
0.223
0.167
0.172
0.173
0.166
0.186
0.203
0.211
0.176
0.201
0.178
0.308
0.204
0.206
0.140
0.134
0.156
0.230
0.141
0.235
0.172
0.173
0.148
0.155
0.206
0.238
0.266
0.194
0.157
0.188
0.196
0.188
0.177
0.251
0.246
0.157
0.178
0.174
0.219
0.172
0.160
0.259
0.256
0.267
0.141
0.283
0.167
0.236
0.203
0.181
0.228
0.220
0.249
0.213
0.195
0.152
0.147
0.226
0.198
0.211
0.219
0.177
0.269
0.142
0.149
0.257
0.150
0.246
0.155
0.301
0.213
0.165
0.187
0.183
0.183
0.172
0.222
0.227
0.173
0.235
0.201
0.177
0.183
0.229
0.183
0.158
0.218
0.139
0.248
0.204
0.172
0.141
0.210
0.230
0.162
0.319
0.237
0.266
0.175
0.278
0.218
0.217
0.107
0.207
0.174
0.168
0.137
0.136
0.185
0.159
0.173
0.186
0.129
0.162
0.284
0.146
0.131
0.197
0.192
0.184
0.254
0.194
0.107
0.186
0.141
0.188
0.190
0.211
0.109
0.274
0.238
0.139
0.162
0.198
0.213
0.183
0.161
0.116
0.269
0.230
0.141
0.163
0.182
0.137
0.173
0.187
0.193
0.200
0.159
0.259
0.146
0.186
0.179
0.217
0.143
0.165
0.147
0.241
0.202
0.211
0.217
0.151
0.162
0.228
0.204
0.249
0.235
0.279
0.215
0.176
0.244
0.246
0.163
0.191
0.202
0.286
0.195
0.197
0.188
0.271
0.213
0.209
0.211
0.173
0.199
0.253
0.220
0.200
0.277
0.208
0.192
0.264
0.193
0.211
0.236
0.167
0.179
0.163
0.238
0.146
0.206
0.221
0.161
0.257
0.163
0.194
0.187
0.222
0.235
0.212
0.150
0.149
0.194
0.189
0.264
0.123
0.282
0.147
0.150
0.283
0.165
0.094
0.191
0.179
0.209
0.197
0.196
0.237
0.155
0.192
0.134
0.265
0.133
0.185
0.159
0.132
0.217
0.198
0.151
0.208
0.144
0.093
0.159
0.173
0.169
0.204
0.266
0.116
0.171
0.136
0.167
0.166
0.280
0.197
0.187
0.155
0.197
0.157
0.100
0.155
0.230
0.238
0.139
0.191
0.168
0.244
0.212
0.204
0.157
0.168
0.169
0.219
0.149
0.317
0.209
0.166
0.216
0.187
0.275
0.226
0.199
0.182
0.189
0.171
0.187
0.201
0.210
0.180
0.179
0.219
0.180
0.184
0.252
0.169
0.186
0.184
0.123
0.143
0.249
0.226
0.203
0.180
0.132
0.264
0.235
0.175
0.199
0.195
0.150
0.261
0.156
0.209
0.121
0.218
0.220
0.163
0.213
0.156
0.159
0.188
0.148
0.194
0.226
0.186
0.145
0.218
0.200
0.190
0.137
0.164
0.202
0.222
0.161
0.243
0.213
0.266
0.211
0.202
0.204
0.219
0.274
0.144
0.289
0.258
0.209
0.170
0.197
0.203
0.213
0.156
0.254
0.228
0.174
0.173
0.187
0.152
0.168
0.210
0.291
0.206
0.207
0.183
0.147
0.226
0.196
0.204
0.179
0.141
0.237
0.157
0.185
0.191
0.218
0.272
0.146
0.133
0.167
0.169
0.248
0.205
0.186
0.228
0.149
0.196
0.197
0.244
0.185
0.210
0.212
0.079
0.215
0.125
0.266
0.184
0.140
0.133
0.168
0.225
0.144
0.260
0.158
0.187
0.218
0.251
0.184
0.233
0.156
0.133
0.186
0.221
0.179
0.237
0.234
0.182
0.191
0.183
0.163
0.144
0.202
0.169
0.232
0.267
0.221
0.267
0.138
0.142
0.203
0.137
0.182
0.244
0.152
0.161
0.249
0.141
0.205
0.203
0.259
0.198
0.167
0.133
0.213
0.202
0.223
0.254
0.191
0.247
0.234
0.142
0.214
0.199
0.240
0.266
0.222
0.291
0.224
0.219
0.272
0.173
0.184
0.158
0.184
0.242
0.320
0.178
0.181
0.195
0.235
0.227
0.178
0.153
0.213
0.221
0.139
0.226
0.252
0.203
0.197
0.298
0.209
0.194
0.181
0.262
0.221
0.172
0.156
0.164
0.183
0.172
0.186
0.223
0.216
0.216
0.251
0.204
0.187
0.177
0.222
0.176
0.227
0.259
0.211
0.196
0.216
0.121
0.184
0.202
0.179
0.211
0.186
0.263
0.124
0.173
0.188
0.188
0.257
0.135
0.277
0.155
0.155
0.212
0.225
0.220
0.176
0.229
0.209
0.273
0.142
0.178
0.218
0.152
0.199
0.188
0.165
0.208
0.252
0.151
0.296
0.196
0.178
0.188
0.251
0.142
0.282
0.292
0.161
0.173
0.203
0.172
0.187
0.142
0.136
0.141
0.161
0.232
0.231
0.131
0.214
0.134
0.139
0.203
0.193
0.204
0.275
0.133
0.217
0.282
0.123
0.230
0.249
0.289
0.208
0.250
0.116
0.204
0.245
0.179
0.269
0.235
0.237
0.146
0.159
0.344
0.225
0.207
0.188
0.151
0.205
0.208
0.211
0.194
0.200
0.235
0.221
0.229
0.209
0.171
0.205
0.171
0.101
0.204
0.167
0.138
0.186
0.239
0.145
0.142
0.187
0.149
0.154
0.259
0.228
0.171
0.198
0.186
0.222
0.278
0.205
0.135
0.218
0.177
0.213
0.208
0.161
0.203
0.180
0.180
0.158
0.159
0.185
0.210
0.240
0.196
0.181
0.204
0.213
0.245
0.256
0.167
0.226
0.176
0.228
0.169
0.252
0.242
0.267
0.189
0.163
0.288
0.173
0.180
0.186
0.212
0.215
0.126
0.152
0.164
0.248
0.133
0.250
0.156
0.204
0.213
0.102
0.239
0.195
0.165
0.321
0.139
0.212
0.128
0.202
0.172
0.158
0.197
0.280
0.219
0.201
0.203
0.157
0.276
0.158
0.223
0.188
0.197
0.188
0.142
0.259
0.187
0.218
0.265
0.124
0.225
0.116
0.191
0.203
0.169
0.288
0.168
0.188
