3328
2944
2540
2424
2684
3568
3188
2172
3048
3188
2932
2560
2676
3324
3952
2688
2812
3452
2300
2944
2784
3004
3560
4344
3064
2296
2816
2776
3832
2420
3320
3580
2812
3072
2552
2172
3840
3532
2940
4088
3704
2908
2300
2432
3324
3200
2552
3704
2428
3328
3064
2560
2560
2428
5236
2936
3836
2300
3680
2420
2816
3048
2424
2304
2560
2988
2036
2816
3584
3044
2152
2560
2300
2296
3072
2688
2684
3312
2172
2432
2432
3072
2744
3316
2560
2680
2816
2548
2552
2944
3968
2512
3184
2944
3068
3040
3060
2816
2428
3072
2544
3104
2808
2176
2944
3324
2660
3016
3456
3068
3584
3072
3324
2816
3328
2688
2420
2428
2812
2300
2432
2816
2300
2812
3576
3192
3568
2304
2304
2556
2432
2688
3572
3968
2428
4476
2680
4036
2044
2816
2944
3196
3448
2300
3048
2428
2816
2632
2684
3072
2560
2788
2808
2816
2808
2684
2544
4336
3064
3196
3708
2432
2168
2688
3712
2804
3576
2424
3320
2788
2784
2812
2296
3828
2048
2976
3704
3068
3068
2736
2684
3188
2300
3320
2812
2808
2548
2940
2560
2676
2552
2812
3196
2176
2812
3200
2688
3200
4092
4148
2624
2548
2816
2684
2428
2556
1916
2944
2292
2412
2300
2556
2416
2536
3196
2816
2432
2808
3068
4344
2680
2432
3836
3072
2684
2428
3328
5116
3072
2920
3188
2432
2300
3328
2940
3328
3452
2432
3440
3444
3840
3696
3072
1896
2556
2796
3832
3712
3836
3312
2812
3324
1916
2812
3576
3068
2424
3444
2560
2512
2680
2944
2644
3320
2168
3324
2176
2888
3064
3068
3452
2412
2688
3320
3044
2908
2812
3060
2808
3328
2816
2560
2956
2528
2548
3160
2424
2668
3200
3068
2924
2292
3324
2556
2684
2808
2944
3068
2940
2556
3324
3440
2684
3328
2652
2300
2432
2300
2176
3320
2432
3836
2936
3320
2684
2560
2424
2816
3580
2432
3072
3712
3256
2792
3052
3432
2808
3456
2936
2688
3068
2304
2940
3168
2528
2688
4864
4716
3700
2560
2688
3068
2944
2684
2156
3448
2176
2556
2944
3456
2764
2496
3408
2672
3580
2560
2176
3308
3176
4348
2940
2816
3420
2560
3440
2304
3572
2932
2176
2804
2416
4988
2484
4948
4856
2536
2928
3192
3964
3224
2680
3456
2944
2680
2688
2680
2900
2664
2548
3580
3832
2620
2808
3068
2816
2300
3708
2548
3708
3712
2548
2432
2044
2428
2944
2676
2792
3452
2816
3320
2944
2552
3320
2812
2556
2812
2560
2676
3072
2556
2528
4344
2556
3584
2560
2792
2936
2920
2796
2940
2044
2680
2552
2812
3220
2940
2808
2684
3196
2428
2684
2424
2300
2300
2432
3328
3448
3316
2992
2552
2944
3836
3068
3580
3836
2812
2296
3072
2432
3308
3956
2304
2648
3068
2812
3448
2304
3064
2688
2392
3320
3196
2808
2808
3452
3308
2428
2048
2656
3708
2684
3304
3700
3192
3068
2428
2416
2684
4468
4348
2528
2680
5364
2292
3708
2676
3072
2752
3052
4080
2556
2924
4092
4476
2432
2264
2416
3068
2424
2432
3148
2492
3452
3068
4032
4088
2688
2304
2556
2300
3072
2432
2812
2940
3172
2812
2684
2812
3444
3576
3200
2432
2664
3448
2812
2432
3060
3072
2816
2560
3712
2812
2560
2552
2812
2816
2944
2940
3328
2424
2944
3452
2552
3448
2812
3956
3952
3192
2284
2816
3060
2936
3404
2024
2916
2236
2812
2300
3072
3324
2300
3196
2816
3500
3316
3576
2684
3640
2552
2176
2812
3420
2684
4724
3276
2940
3056
2300
2428
2300
2920
2816
2168
2560
2172
2304
2552
2032
2684
2684
2556
2416
2808
2688
3056
4140
2808
2940
4348
2808
3316
2688
2296
2176
2812
3832
4808
3444
2416
3432
3052
2940
2172
2688
2680
4224
2676
3200
2788
3448
2560
2048
2812
3324
2684
3072
2684
2304
3968
2276
3196
3068
2560
2940
2036
2552
4352
2040
3324
2428
3196
2556
2684
3320
2808
3584
2172
2944
3200
4092
2428
2936
3452
3324
2936
2556
3072
2536
2420
3452
2812
1916
2292
3192
3444
2932
2808
2680
2300
3448
3832
2172
3192
3192
3452
2304
5248
2976
3420
2764
2940
2740
2684
3672
3192
3328
4168
2808
2684
2296
2940
2808
2548
3572
2416
3452
2428
2300
2940
2684
2932
2936
3320
3832
3324
3316
2296
2428
2168
2548
2300
2940
2428
2300
2680
2168
2296
2648
2796
2176
3064
3568
3324
2176
2924
2560
2048
2992
2552
2432
2172
2816
4196
2672
3068
2172
3584
2432
3696
2552
3064
2428
3404
2292
2816
2680
3840
2644
6004
2560
3836
3584
3100
2676
3424
2812
2780
2656
3320
2432
2684
2304
2812
2684
4352
3572
2944
2044
3316
2800
3836
2168
2560
2268
2684
2416
3704
3328
2044
3452
2936
2524
2804
2816
2812
2048
2920
3320
2176
3448
3196
2304
2684
2560
3452
2936
3072
3328
2808
3068
3064
4600
3772
2808
2300
2944
3580
2932
4096
3200
2816
3576
2428
4092
3712
3684
4208
2432
2808
3576
3308
2560
3068
2552
2432
3068
2168
2792
4212
2300
3924
2172
2940
3188
3448
3192
2684
2780
4088
3580
3712
2556
2560
3064
2936
2300
2540
2928
3328
2560
3196
2808
2552
3324
3324
2428
2680
3960
4212
3324
3324
2940
2408
3448
2296
2808
2684
2932
2552
3060
2928
3704
2684
2684
2300
3448
3060
2668
3176
2428
3192
2424
2556
3180
2556
3184
2680
3320
2808
2420
2544
3196
2676
3188
3324
3448
2812
3304
3324
3324
2416
3324
3580
2804
2416
3196
2428
3192
2684
3448
2812
3316
3440
2684
3832
3192
2556
3828
2428
2812
3408
2424
2680
2556
3684
3064
2684
2552
3964
3312
2300
2680
4664
3316
3324
4972
3188
3324
4468
3196
2940
2904
2680
2424
2556
2680
2808
3040
3708
2676
3060
2684
2300
3444
2808
2936
2676
4728
3452
3960
2608
4268
2556
2664
2300
2172
2808
3196
3700
2940
2684
4060
2556
3192
3960
2812
2428
5624
2676
3452
3320
2680
3832
2424
2556
3060
3188
3448
2768
2800
3960
2556
2812
2428
2680
3452
2812
3324
2812
4220
3176
2684
2812
3064
2424
2556
4072
3064
2676
2556
2300
2300
3324
3704
3704
2428
2684
2032
2684
2552
2552
3452
3328
3060
2932
4216
2548
2940
2684
3832
3064
2936
3184
2552
3324
3824
2812
2428
2684
3324
2684
2936
3708
3068
2808
3064
3060
2940
4076
4088
3064
4216
2304
2536
3444
3560
3068
3320
2936
3704
2300
2552
3316
2556
3192
2164
2940
3580
2300
2428
3448
2164
2424
4856
2936
3064
3196
2676
3068
2808
4476
2548
2560
2804
3436
2412
3200
2544
3964
2772
3496
2672
2556
4568
3068
2560
2812
2964
3068
3952
2432
3192
2556
2428
2396
3524
3320
2932
2376
2684
3320
2676
2044
2424
2300
4220
3564
2932
2428
3072
2420
2808
2800
3456
2552
2816
3300
2420
2684
2688
3180
3820
2688
3196
4096
3068
3064
2428
3576
2808
3324
2684
3576
2300
3196
2936
2688
2292
2680
3192
3240
2532
2940
3448
3192
3064
2432
3068
3196
2560
3064
2420
2680
2940
3068
2800
2784
2944
3196
2808
2780
2304
2304
4320
2300
2680
2944
2152
4080
2688
3196
2680
2596
3064
2936
3580
4092
2808
2812
2552
2940
3320
4468
3196
2944
3068
2548
3068
2300
2936
3192
3968
3924
3512
2300
2432
2752
3068
3840
3572
2416
2300
3452
4344
2044
2172
2168
2300
3068
3628
2928
3200
2688
3456
3064
2684
2040
3964
2304
3328
2816
2652
2544
3708
2796
3448
3460
3708
2296
3584
2924
2560
2284
2300
2420
3452
3708
3188
3452
2556
2940
3200
2896
3192
3052
2812
3324
2636
3192
2816
2940
2300
2560
3272
2172
3568
4016
3044
2944
2688
3452
2684
2304
2800
3708
2428
2944
3000
2916
2536
2684
3704
2176
2684
3060
2544
3704
2688
3196
3072
2636
3192
3200
3200
2688
4192
2676
2816
2176
3200
4348
3444
2816
3408
2428
4732
2432
3428
3052
2048
3456
2083184
2840
3044
2304
2944
3196
2304
2816
3200
2688
3196
2560
2304
3932
2164
2172
2556
3456
2172
2940
3696
3068
2300
3068
2944
2300
2940
3584
2428
3948
3328
2808
3324
2808
3324
4220
3712
2432
3064
2940
3708
2688
2140
2940
1920
2300
3456
3196
2932
2688
2432
2408
2940
2816
3832
2556
2680
3072
3356
2808
2684
3196
3308
2428
3072
2556
2636
4216
2928
2552
2688
2172
2936
3452
2304
2776
2936
3072
3584
2668
2816
3200
3496
2552
4480
4468
3028
3808
3324
3576
2656
3324
3540
2516
2816
4604
3324
2532
3572
3320
3184
2164
2296
3068
3512
2936
2992
3960
2036
3068
2428
3324
3836
4340
3444
2428
2556
4080
2644
3064
2168
3316
2940
3584
3552
3064
3192
2416
2532
5116
2556
3324
2540
2988
2424
3200
3184
3316
2808
1792
4224
2304
2940
2932
2432
3580
2816
2548
2684
2680
4076
3068
3448
3316
2536
2892
2552
3072
3328
4344
3072
3044
3448
2560
2560
3316
3196
2808
3196
2916
2684
3960
2672
4088
2936
3452
2428
2792
2300
2556
4464
3196
3064
2796
3196
2928
3580
2428
3580
3188
2556
2808
2812
3064
2168
2808
3324
2808
2808
2932
3196
2532
3708
2936
3184
3188
3192
3196
2940
3952
2552
2676
2288
2680
3036
2808
3320
2556
2556
3188
2936
3704
2804
2912
3180
4216
2552
2428
2940
2044
2428
2676
2940
2168
4220
3448
3952
2684
2672
2556
3168
3548
3324
3652
2808
3708
2920
2432
3264
2684
2300
2812
3868
2808
2556
3328
3408
2432
2816
3064
2680
3072
3444
3572
2428
2936
2432
2304
3580
4080
3192
2556
3704
4352
2772
3576
2816
3068
2680
2660
2404
3708
3836
2940
2816
2660
2940
2304
2168
3320
3584
2424
2560
3064
4476
3392
2552
3180
3064
3056
2672
3324
2548
2560
2540
3068
2556
2432
2544
2556
2428
2424
2268
2432
2428
3156
3060
3452
2548
2684
3060
3040
2536
3956
3324
2804
2928
2556
2504
3320
3324
2428
2684
2560
3584
4600
2432
2428
3352
2392
2940
3068
2172
2808
3824
2176
2804
2428
2432
3196
3064
3580
3456
2176
2864
3064
2940
2428
2300
2944
2260
2556
2560
3068
2292
3192
2556
3972
3188
2300
2944
2556
2688
3280
3572
3840
3264
2796
4468
2668
2944
3048
3008
4728
2940
2540
3708
2428
3068
4212
3192
2936
4140
2420
3456
2304
3004
2384
3140
3824
2428
2432
2944
2172
3196
2300
4220
2936
3440
3320
2800
3320
2936
3452
2684
2548
4860
2556
2292
2296
4348
2556
3320
3680
2172
2428
3324
2428
2932
2684
3956
3196
3324
3192
2552
2544
2428
2936
3828
2688
2780
3528
3580
2548
2812
2936
2264
2428
2940
3580
3704
3064
2428
2424
3196
2812
3196
3056
2304
3180
2880
2412
2048
2424
2688
2940
3328
2936
3456
2780
3452
2432
2988
2680
2684
2932
2688
2812
3016
2660
2816
2556
2300
2664
2432
2300
3176
2800
3712
3192
4464
2804
3056
2288
2412
2812
2812
3196
3192
2296
3196
3064
3320
2940
2424
3196
2660
2424
2808
2800
2812
2936
4600
3560
2552
3324
2400
2164
2172
2420
4088
3832
2808
2936
2684
2812
3068
4216
3448
3812
2428
2556
2636
2800
2552
2680
3700
2428
3700
3824
2684
3188
2300
3444
3444
3532
3280
2556
2552
2428
2684
2932
2284
3580
3192
1916
3064
3192
3184
2300
2160
3064
2172
3320
3196
3692
3812
3964
4080
2428
2936
2424
2796
2556
2424
4216
2296
2432
3068
2812
3320
2556
2800
2420
3320
3048
2876
2420
2268
3060
3012
2684
3016
3164
2560
3324
2688
3272
3192
3324
2156
2816
2432
3172
2944
3328
2684
2428
2920
3832
2432
2304
4132
3672
2676
3328
3452
2928
3840
2432
2424
2292
2432
2672
2032
3452
2552
2816
1916
2552
3072
2560
3192
3072
2396
2680
2816
2676
2552
2176
3200
2900
2808
3072
1916
2280
2672
2940
3196
2932
3700
2044
3324
2684
3964
2556
3168
2428
3200
2168
3192
3064
2556
2924
2936
2408
3188
2772
3940
2680
2556
2420
2280
2816
3456
2680
2432
4348
2304
2940
2812
2940
3456
2560
2172
2808
2552
3708
2688
3272
2808
2936
2944
2924
2816
3176
2556
2940
2816
2044
2432
3068
2688
3836
3584
2932
3324
2040
3448
3544
2684
3452
2536
4348
3072
3272
2664
2812
2168
2108
2772
3688
4084
2428
3156
2792
2684
2812
2172
2936
3200
4472
2304
4480
3456
3568
2552
2304
3328
2560
3068
2556
2520
3064
2688
3068
3832
4220
2684
3552
2172
2552
2680
2812
2176
3964
3196
2816
2688
2560
2684
3064
2552
3700
3192
3196
2300
2680
2556
2940
2424
2808
3444
2816
3960
3324
2428
2688
2800
2176
2924
3060
3184
3960
2420
2676
2432
3052
3196
3068
3200
2900
2656
3060
2688
1916
2296
3068
2688
2032
2684
2172
3576
2936
3012
2300
3328
3456
2412
3064
3068
3836
2432
3200
3068
3064
3064
3060
3708
2676
2688
3196
2304
3196
2300
3456
2688
2812
2560
5752
3200
3584
2792
2780
3448
3584
2176
2560
2284
2944
2940
3064
2560
3448
2684
3196
2940
3580
3060
2680
3464
2684
2544
3060
2044
3820
3836
2552
2804
2456
2540
2544
3188
3444
2940
2684
3576
2548
2552
4984
2168
2800
4220
2420
3960
2940
3316
2676
3068
2548
3432
2424
4860
2808
2808
2556
2684
3196
2812
3188
2300
3580
2300
2808
2300
2812
3192
3580
3312
3064
2556
3196
3324
2428
3064
4212
2940
3156
2428
3064
3324
3040
4196
2548
3700
2940
2808
2936
2940
2548
3196
2552
3452
2556
2552
2672
3068
2992
2808
3712
2804
3324
2752
3196
2176
2668
2812
3068
3576
2428
2812
2788
2172
3072
2532
3544
2936
3056
3584
2168
2300
3968
3156
1784
2944
2044
4988
2428
2452
3324
3068
2936
2936
2300
3072
3708
4076
2552
2688
4528
2812
2936
2176
2424
2556
2304
2680
2680
2432
3152
3452
3220
4476
3580
2936
3192
3964
3568
2424
2428
4092
2808
3452
2940
3184
2556
2676
3068
2684
2556
3452
2940
3836
2668
3440
2796
3324
2304
2796
2556
2804
2556
2668
2684
2940
2552
2428
2940
2560
2812
3048
2300
2556
2688
3184
3448
2300
4160
2420
2684
3068
3064
3452
1916
3832
3448
3192
2936
2552
2680
2680
2924
3576
2936
3452
2424
2552
2172
4732
2176
3064
2688
2680
2940
2276
2812
2560
3308
2432
3200
2680
2912
2684
3448
3324
2684
2432
2776
2116
2540
3584
2644
2812
3580
3440
2940
3072
2492
2404
2300
3836
2532
3028
2684
3060
2812
4096
3196
2424
4720
3956
2940
3320
3068
3820
2808
2300
2424
2176
3048
4344
3504
3188
3200
2428
2940
2780
2296
2176
2396
3024
2560
2044
2416
2300
2816
2672
2040
2684
2304
2512
2764
3404
2560
3324
2560
2816
2560
2812
3184
2688
2808
2040
2548
2684
2532
2812
2944
2808
3320
2688
3940
3840
2296
2912
2560
2428
2936
2904
2420
2432
2796
2808
3192
2816
3068
2168
3184
2304
2420
3968
2808
2304
2868
3068
2432
4192
2804
2424
3068
3072
3584
3456
3500
3696
2816
2428
3576
3704
2940
2304
2048
3712
2688
2556
2764
3064
2432
2304
2432
2684
4476
2816
3440
2296
2556
2300
3104
2556
4428
2736
3068
2944
3056
2688
2560
3188
3192
3064
2792
3196
2560
3600
3064
2812
4988
2676
2560
3328
2684
3968
2172
2812
3068
4472
3004
3572
2172
3196
2812
2936
2816
3264
2680
3068
3712
3452
2392
3804
2684
3196
2172
3808
3192
2172
2556
2672
3188
2172
4472
2648
3276
3712
3692
2936
3068
1888
2552
2688
2688
2552
2304
2944
2040
2688
3324
2556
2300
2300
2172
3072
3188
2928
3072
2432
2304
3196
2300
3288
2808
2432
2684
3068
2432
2432
2044
1920
3452
2816
2928
2424
3456
3584
2428
2936
3576
3836
3200
3072
3952
2424
2560
2936
3448
3200
2304
2560
3200
3328
3584
3472
2680
2424
2304
4088
3068
2300
2808
3324
3328
3072
4356
2812
2812
3568
2936
2676
2688
4224
2548
3164
3064
2428
2944
3324
2560
2296
2292
2556
3200
2552
2808
3552
3312
2528
2560
2560
2552
2812
3072
2816
2680
2684
3616
2268
2796
2300
2812
2040
2908
2296
2808
2944
3104
2408
1916
2816
3516
2672
2556
2940
2428
2932
3060
2288
2556
3964
2168
2556
3156
2652
3064
2684
2992
2884
2296
2684
2284
2172
2940
3196
2940
3708
2808
3452
3708
3320
2940
3192
2804
2808
3068
3452
3452
2684
2812
4348
2932
3056
2552
2044
2424
3068
2688
2156
2284
2816
2932
3068
3068
3324
2420
2936
3440
3320
2300
3828
2556
2424
3572
2812
3064
2428
2936
2172
2388
3324
4088
4088
2808
4080
2940
3052
2800
3836
2808
2660
3796
2428
3064
2936
2300
2940
3064
2684
3448
2808
3828
2680
2680
1916
2940
2680
2680
2296
2296
3328
2176
3564
2556
3424
2812
3188
2940
3452
3572
4480
3192
2552
2560
2804
3580
3068
2684
3044
3448
2296
4216
3288
2684
2428
2612
2424
3452
1784
2688
3068
2808
3200
4056
2972
2808
2428
2428
2672
2812
2556
2428
2428
2812
2428
2304
3064
2172
2680
2808
2680
2424
2688
4224
2560
2176
2368
3400
2680
3584
2688
2048
2296
3320
3328
3360
2300
2688
2420
2940
2304
4060
3832
2560
2940
3688
2432
2556
2556
2412
3196
3044
2532
3072
3072
2556
2432
2544
2920
2812
3072
4364
2024
4096
2552
3868
2424
2428
4212
2428
2432
3720
2680
2812
2676
2664
3952
3068
3840
3068
2432
3072
2552
2176
3068
3704
3192
2428
2812
3188
2808
4476
3196
3956
3324
2800
2796
2688
2424
2816
3444
3348
3840
2532
3452
2548
2808
4184
2940
2548
2432
2560
4848
2904
2552
2936
2412
3312
2548
2428
2176
2428
2424
3192
2172
2804
3828
3056
3064
3320
2168
2684
3824
3728
3316
2940
2404
3056
2300
2556
2796
2684
2808
2556
3064
3196
3580
3064
3324
2936
2044
2548
3068
3324
3068
2684
2936
2808
2932
4340
2940
3708
2816
3448
2940
3192
3840
3832
2160
2684
2428
2816
2932
2432
2524
2808
3704
2940
2664
2664
2432
2432
3828
2556
2932
4472
2812
2172
2812
2556
3064
3064
2172
2552
3196
5748
2428
2428
2672
2812
2932
3064
2428
2424
2936
3064
3196
2688
3184
2684
2556
2556
3064
3188
3324
4092
2940
2936
2804
2424
3824
2544
2808
3312
3572
3956
3060
3064
2428
2688
3300
3452
2304
3196
3840
3196
2172
1920
2936
2792
1916
2048
2940
3840
3436
3068
2940
4076
2936
3320
2172
3060
3580
2808
2684
2940
3068
2812
3440
2684
3836
2676
2936
2164
2684
3568
2420
2680
2812
2680
2552
3064
2428
2804
3536
2676
2428
2680
3192
2300
3192
2428
3068
2940
3448
3452
2944
2680
2688
2688
2684
2556
2296
3072
3208
2296
2684
3064
2680
2556
2812
3072
2936
2676
2432
3568
2936
2416
3068
2908
3196
3172
2552
2936
3060
3580
3836
3188
2164
2684
2936
2548
2164
3452
2896
2536
3000
4568
2300
3788
2292
2300
2420
2168
2556
3060
2808
2172
3068
2296
2428
2936
2552
2556
2936
3432
2292
2812
2936
2424
3068
2932
2940
3064
2420
3572
2548
3064
2556
2940
2428
2936
3320
2928
2940
2300
3052
3452
4344
3576
2940
3040
2044
2556
2936
2168
3708
3060
4724
2556
2552
2552
2684
3068
2800
1916
2556
2044
3312
2412
3580
2300
3068
3200
2380
2800
4180
3192
2944
4648
3444
3200
2680
2300
3192
1920
3504
2808
2944
2160
2940
2816
2936
2684
2432
3436
3832
2304
2560
3064
2556
2684
2812
2048
2652
3704
2688
2548
3196
3320
3968
3400
2408
2944
3500
3044
3836
3704
2556
2656
2556
2808
2684
3196
2300
4080
2688
2428
2804
3452
2432
2804
2944
2932
3324
4352
2520
3068
2560
2416
3568
2292
2552
4476
2812
3324
2944
3320
2684
1920
2816
3684
3832
2432
2936
2552
2688
3324
3200
2808
3196
2808
3196
3312
2168
2944
2808
2172
1916
4220
2812
2560
2540
3828
4216
4348
2680
2256
2508
3452
3456
2560
2812
1920
3704
3320
3448
2560
4864
2524
2684
3064
2936
2944
2552
2560
2684
2940
2560
2428
2304
2176
2556
3056
2412
3704
2176
2556
3072
2912
2432
4220
2428
3188
2816
2936
2432
2680
3712
2684
3956
2808
2940
3704
2668
3320
2160
3200
4988
2804
2680
2680
2560
3068
3196
2424
2808
2816
3192
3256
3188
2936
3060
2928
2432
2408
2680
2808
2684
3584
2556
2936
2812
2176
2680
2528
3704
2808
2688
2556
3548
2400
4216
4060
2672
2688
3068
3584
3840
3032
2556
3192
2560
2296
4984
3068
3320
3032
3448
3452
2408
2936
2172
3964
3660
3052
2684
3448
2428
2432
3200
2804
2424
3580
2688
6920
2548
2556
4476
2432
3072
2432
2556
2292
2816
2552
2304
3060
2544
3196
3068
2556
2944
3324
2944
2280
3064
2944
2560
2432
2680
2812
3196
2556
2276
2556
3072
2812
3872
2644
2432
3328
3324
3192
3200
3200
2816
2788
2500
2476
2424
3456
2680
3452
2424
2688
2680
2944
3456
2428
3064
3832
2684
3576
2560
3192
2428
3324
2816
2780
3700
2560
2560
2688
2560
3328
3068
2524
2920
2816
2816
2688
3424
2936
2684
3584
3328
2432
2932
2688
3456
3192
2428
2428
2556
3192
3704
2296
3184
3700
3196
2684
2416
3452
2940
2432
2172
2928
2804
2936
2048
2556
3192
2684
3196
2688
2680
2296
3572
3196
2552
2428
3200
3592
3428
3784
2552
3064
2544
2160
2168
2432
3832
2560
3704
3072
2044
2552
3436
2808
2804
2684
2776
2044
3452
2296
2552
2688
3572
2812
3192
2928
2940
2552
2800
2936
3320
3068
1792
2556
2816
3240
2940
2688
3132
2392
2944
3584
2688
3320
2432
3200
3072
2172
2940
3064
3456
2812
4216
3068
3200
2432
2912
3320
3072
2560
3036
2556
2684
2684
3328
4084
2428
3068
3712
2296
2944
2940
2560
3324
2688
3836
2556
2944
2300
2688
3064
3068
2812
2688
3068
4220
2544
2168
2940
2432
2416
2428
2560
3572
2936
3068
2808
2676
2680
2556
2428
2432
3712
3580
3456
3196
2404
4088
2556
3796
2172
2300
2944
2428
2940
2944
4096
3440
2940
2664
2928
2304
2816
2476
2680
2432
3196
3196
2172
3320
2816
2300
3200
2432
2816
3064
3160
3192
2428
3568
2548
2684
3456
3072
2560
2688
2560
3188
3196
2300
2432
2432
3068
1916
3448
2688
3432
2940
2296
1920
5116
2816
3820
2932
2944
3196
3052
3584
2048
2552
3964
2560
3832
3440
2424
4088
3192
2772
2172
3068
3956
2936
3184
3712
2040
3072
2412
3444
2944
2936
2784
3392
2552
2816
3572
2292
3192
3484
2804
3072
3012
3444
3072
3068
2560
2412
2548
3200
2808
3328
3200
2932
3072
3072
2900
2548
2556
3068
3320
3964
3196
2656
3320
3444
4220
2176
2684
2292
2300
3456
2548
2528
2664
2304
3328
2304
3956
2556
2552
3964
2812
2812
4340
2952
3052
2432
2680
3452
2812
2416
2812
2668
2560
3700
3184
2924
5244
2936
2680
2556
3060
3180
3324
4224
2684
3300
2300
2944
2552
2816
3684
2416
2812
2424
3068
2804
3580
2556
3068
3068
2168
2812
4216
2556
2684
3576
2940
2424
2808
3064
2932
2664
2684
2676
2292
2556
3596
2668
2428
2680
3192
2940
2684
3060
2940
3324
2552
2684
3068
3064
3192
2424
4220
2424
3408
3068
3196
3316
2552
3068
5232
3068
4084
2808
2556
2648
3064
2552
2932
2416
2940
3580
3064
3320
3164
2812
3328
2684
2304
4728
2304
2560
2632
2932
2924
4096
2804
2304
2256
2800
2808
2412
2416
2428
2560
3708
3576
3712
3708
2548
2300
3448
3196
2556
2044
2432
2816
2172
2792
2812
2880
2556
2812
2652
2808
3072
2428
3308
3056
2552
3072
3272
2556
2432
2304
3416
3320
3456
2300
2560
2556
3316
3964
3444
2296
2432
3704
3264
2928
4220
2304
3452
2776
3952
2424
2556
2944
3192
2296
3328
3200
2800
2940
3456
2296
3452
2304
4404
3064
2944
2600
2536
2812
2424
3828
3056
2680
2560
3456
3312
3448
3840
2040
2172
2944
2412
2424
3200
4084
2684
2688
2556
2428
2176
2556
3276
2156
3328
2304
3704
3324
2428
3436
2304
3060
2428
3068
2300
2936
2816
3832
3060
2432
2556
3576
2424
2556
2816
2404
2676
3328
2632
3064
3196
2552
2680
3304
2552
4088
3068
2300
3064
2536
2804
1776
4352
3012
2424
3072
2548
3196
2428
2680
3284
2548
2944
2400
3452
3840
2776
3452
2684
2940
2684
3696
3060
2680
2812
2560
3968
2176
2804
2428
2432
4604
2940
2300
2688
2944
3264
3448
2688
3192
3064
3836
3584
2552
2304
3576
3056
3712
2940
2276
2932
2688
2276
2812
2816
4000
3180
3068
2176
5604
2300
2944
2172
2688
2556
3068
4176
1916
3324
3712
2428
1792
2172
2944
2944
2560
3504
3816
3192
2300
2560
4192
2944
2932
2816
3232
3056
2432
2816
2656
3704
2812
3064
2428
2044
2788
2164
3832
2632
2940
3072
2928
3056
2176
2688
3112
2852
2552
3196
3068
4280
2812
3444
3064
2672
3584
2792
3700
2300
3068
3552
3032
4852
3064
3448
2432
2944
2156
2300
2304
2688
3064
3580
3964
2432
3052
2688
3324
2560
2684
2816
3324
2944
2304
3660
3196
2940
2688
2552
2552
2296
2560
2428
3580
2304
3196
3468
3064
3068
3196
2432
2936
2684
3324
2304
2684
2556
4332
3560
2432
4132
2804
3072
3704
2660
2932
4092
3580
2172
2300
2940
4204
2660
3704
3308
2944
2432
2428
2688
4352
3308
2552
2560
4348
2556
3580
2300
2796
3832
4348
3364
2684
3200
3448
3192
3708
3832
2680
3068
2812
2812
2804
3200
3196
2680
2304
2172
4092
3060
2428
2940
3580
2172
3444
2812
3192
3704
3064
2300
3192
2796
2800
3060
2556
2424
2028
3304
2808
2428
2552
2940
3064
2936
2424
3704
2428
2680
2424
2264
3320
3064
2428
2428
4520
2812
2804
3068
2420
3452
2676
3128
2920
4732
3060
2808
3580
4476
2416
2548
2940
4476
3196
3068
2292
2172
2552
2556
3024
3184
2424
3392
2800
2176
2296
2556
3068
2924
2684
2424
1788
2816
3612
3252
2536
2812
3832
3444
4480
2276
2972
3196
2048
2536
3072
2688
2660
2812
3060
2808
3576
3328
3196
2172
2676
3328
3200
3320
2040
3200
2300
2688
2816
2432
3564
3320
2556
2808
2428
2428
3448
2176
3448
2936
2428
2944
2304
3072
2304
2296
2304
2816
2812
2176
2556
3184
3580
2300
4348
3960
3456
2424
3324
2296
2540
3836
2552
2424
2688
4472
2648
2792
3072
3200
3452
2540
2428
2944
2680
3068
2432
2812
3324
3192
3456
3192
2304
2560
2676
2728
2168
3964
2688
3456
2296
2556
4472
2936
2292
2940
2036
3072
3448
2812
2176
3964
4980
2428
2772
2808
2424
2680
3580
2428
2816
2684
2432
2940
1916
4596
2304
2672
2680
2416
3664
2296
2688
2676
3068
2540
2768
3320
4600
2940
2420
2816
2552
3072
3564
3064
3176
3060
2172
3052
2796
2812
3200
3708
2560
2428
2304
2936
3196
3836
2432
2508
3092
2428
3712
2428
2908
2504
2536
4348
3196
3068
2944
2928
3964
2816
2940
2176
2152
2304
2688
3836
2168
3832
2684
2556
3184
3572
3496
2552
2172
2676
2048
3052
2792
3036
3584
2540
2684
2544
3064
5244
3308
3196
3444
2648
2300
2812
3456
3448
2428
4088
2296
2936
2932
3452
4188
2304
2812
2456
2812
2764
2424
2432
2808
2556
4088
2940
2556
2304
2680
3836
2932
3452
2940
2556
2044
2552
2812
3960
2808
2552
3832
3068
3064
3196
3312
2684
2936
4480
2940
2940
2424
3580
2684
3456
3452
3064
2940
2684
2680
2300
2552
2684
2680
3012
2668
2304
2548
2428
3568
2896
2300
3064
2652
2044
3192
4732
3568
2808
3504
2940
2812
5104
3308
2808
3324
2172
2808
3436
5108
2940
3324
2928
2424
4608
3052
3448
2688
3320
2688
2812
2556
2172
3832
3708
3192
2936
3576
4728
2940
2048
4084
2556
3200
2632
2684
2684
2560
3172
3444
2432
2808
2688
3156
2044
2816
4264
2804
4468
4432
2556
2300
3448
3068
3308
3580
2432
2560
2172
2172
2688
2140
3252
2680
2684
2560
2432
3068
2428
3196
2432
2432
3576
3060
3968
3572
2428
3396
2540
3820
3320
2416
3704
2936
2412
2536
3324
3444
2296
3252
2676
3068
2536
2936
3960
2672
2172
3712
2424
3108
3188
2932
2936
3840
3540
2656
2932
2432
2684
2304
4732
3196
2304
2296
4464
4376
3448
4596
2808
3292
2540
2944
3008
2672
3324
2688
3708
4648
3480
2936
3196
2300
2788
3188
3072
2684
3944
2816
3584
2512
2932
2684
3840
2808
2556
2688
3376
4472
2296
3192
2688
3328
3568
2944
2160
2552
2684
3320
2940
3196
2812
2672
3708
2300
4472
3200
2044
2304
2664
2680
2812
2672
2560
4200
3324
3064
2296
3200
2556
2300
3968
2660
2936
2684
2616
3428
3200
2796
2944
2980
2556
3328
1784
2428
2300
2244
2428
3064
2944
2292
2424
2300
2424
4080
3304
2548
3196
3708
2684
2168
2928
3700
2516
2428
3068
2792
3452
2048
3324
3196
5340
3332
2428
2940
2428
3324
2304
3456
2936
2300
2684
4712
3288
3532
3448
2176
2684
3448
2556
3068
3200
2424
3320
2816
2808
2936
3456
2664
2940
3024
2552
2816
2300
2560
2552
3368
3320
2048
3192
3708
3440
3196
2400
3060
2300
2172
2280
3064
2944
3124
2684
2560
2552
2048
2048
3840
2408
2680
2528
3356
3036
2160
2428
3584
2556
2688
2556
3960
3576
3328
3448
2660
4476
3312
2920
3820
3072
3456
2804
2552
2304
3712
4084
2800
3192
3328
2432
2556
3200
3324
5500
2808
2684
2292
3452
2028
3188
5500
2552
3704
2172
2540
2556
2176
2508
3708
2300
2304
2816
4672
3060
2556
3196
2936
2812
3712
2428
3200
3580
2672
2300
2688
2556
2944
3328
2292
3580
5608
4344
3040
2428
2548
2684
3068
2428
2300
3324
2640
2400
4096
2288
2680
3200
3052
2556
2428
2176
3192
3452
2684
3324
2928
2428
3196
3064
2804
3436
3712
2680
2808
3664
2984
2936
2556
3068
2172
2940
3328
2808
2292
3456
2560
2172
2812
3196
2816
2304
3196
2424
2688
3068
2684
3316
2812
3084
2480
4216
2432
3576
2808
2680
3196
2292
4600
4416
2432
2408
3324
2940
4092
3068
3072
2664
2556
2432
4352
3308
3328
2816
3188
2808
3168
2300
2816
3320
2688
2808
2432
2680
2432
2812
2432
2804
2640
3308
3324
3068
4792
2916
2684
2940
3836
3200
2944
2944
2428
2680
2560
2428
2040
2300
2816
2300
2944
2420
2808
3324
2816
2296
3580
2936
2404
2172
2932
2940
2176
3328
2560
3704
2944
2808
2944
2664
2680
2816
2920
3192
3104
3836
3188
2400
2296
3968
3860
4448
2300
3320
2556
3060
2544
2300
2424
4476
2812
3316
3436
2680
2812
3448
2680
3544
2420
2300
2428
3952
2552
4600
3580
3384
2668
2296
2300
2936
3428
2668
2428
2428
2936
2172
2812
2684
2296
3324
3828
2428
2300
3836
2296
3320
3444
2816
2156
3048
3192
2172
2940
2556
3068
3064
2932
2800
2540
2172
2800
2800
2296
3196
3452
4732
2924
3324
2816
2756
3184
2552
2940
3064
2808
2648
3016
2536
2688
2544
2560
2812
2428
2428
2680
2560
3188
2432
2796
2548
3188
3072
2684
2556
3020
2680
4144
4220
3756
2300
3196
3196
3452
3036
3576
3200
2172
4336
3700
3144
3576
3196
3068
4064
2796
2808
2552
3316
3200
2680
2404
2288
2940
2428
2808
2552
3444
3188
2868
3188
2916
2016
3064
2560
2932
2428
2428
2936
2684
3316
2676
2176
2300
2688
2556
2168
2300
3832
2552
2168
2816
3964
3324
2688
3068
3400
3320
2684
2944
2300
3320
2684
2560
1916
2552
2432
2676
3060
2672
3072
2816
2920
2552
2176
4972
3068
2560
1912
2676
2688
2432
3064
2812
2812
2796
2944
3456
2300
3192
3072
2552
2300
3584
2428
3700
2944
3456
3444
2816
3064
3192
2812
2668
2808
2300
3072
4344
3836
2688
3060
2944
2556
2936
3820
2648
2172
3708
3404
2424
2816
2680
2556
4224
3276
2684
2684
2684
3452
2800
2812
5244
2812
2940
2812
2840
3320
2556
3068
6268
2944
2800
2168
5116
2368
3008
3328
3688
2556
2424
2688
4860
2044
3200
2676
2296
2428
3452
3456
2556
2812
2660
2688
3200
2412
3952
2816
3444
3452
3200
2300
2808
2176
5096
2680
3452
2428
3200
3436
3072
3840
3064
2556
3828
2560
2920
2684
2932
2804
2416
2816
3180
2800
3324
2856
2680
2688
2424
2424
2560
2936
3060
4848
3448
3072
3192
2936
3064
3040
2424
2944
2160
2932
2432
2432
2548
3196
3580
2808
2544
2548
2940
2792
3200
3776
3452
3964
2552
3312
3080
4600
2176
2552
3840
2652
2560
3060
2808
2816
3196
2548
3584
3316
2816
3708
4052
2940
3196
2680
2428
2044
3196
2936
3196
3452
2160
2684
4732
2888
2172
2432
2808
3068
2944
2816
2816
2800
2816
3544
3960
3320
2812
2660
2048
4348
2428
3256
2172
2304
2816
2560
3060
4980
3580
2412
2816
2428
2548
2936
3584
2808
6644
3328
2288
2560
2384
3412
2684
2176
2816
2044
2432
2940
2556
2556
3324
2684
2936
3072
3712
2424
3072
2556
3180
2560
2432
3448
2812
3316
2556
5468
2560
3960
3836
3064
3580
3192
3044
2424
3320
2808
2296
2680
2684
2556
2936
2176
3068
2936
3572
3580
2800
3432
2684
3572
3580
4084
2548
2552
2676
2552
3580
3192
3316
2808
2680
2284
2428
2800
3308
2552
2296
2676
3452
2428
2928
2764
3284
2936
2428
3068
2940
2792
3440
2552
2560
3068
3068
3572
2556
3064
3580
2552
2944
2288
4596
2428
3192
2680
2428
2292
2640
3200
2424
2808
2552
3288
2496
2528
3080
4088
3196
3200
3064
2048
3052
2936
2684
3072
2556
4468
3440
2944
3580
4080
3804
2676
3192
2944
2556
3456
3048
3568
2940
2284
2304
3072
2376
3960
2300
2560
2668
3196
2428
2552
3320
3708
2424
3072
2560
2940
2744
3196
2428
2048
3580
3176
3576
2816
2548
2816
2676
2936
3196
2560
2680
2944
3452
2688
4116
3196
2688
2048
2928
3968
2688
3704
2812
2552
3316
2936
3576
2416
2680
2680
4980
2176
3320
3840
4596
2560
3572
2812
2672
3416
3704
3324
3712
2688
2680
2428
3196
2928
3196
4344
3968
3064
2048
2944
3192
2940
2816
3072
3580
2296
3432
2168
2688
2560
2248
2552
3324
3072
2172
3840
3064
3196
2684
2176
3068
2044
2560
3704
2292
2428
2680
2048
3052
2920
2944
2684
3324
2932
3964
3712
3452
2536
3012
2284
2680
2296
2812
2816
3068
3580
3068
3156
2808
3580
2680
3196
2776
3060
3452
2556
2940
2160
3452
2172
3096
2412
2560
2428
3068
4096
3068
2300
3964
2684
2296
2556
2688
2304
3340
3776
2176
2684
3368
2684
2548
2680
3192
3068
2940
3200
2684
2672
2560
2812
2304
2412
3060
3580
3048
3444
3708
5032
2684
2300
3068
2292
2684
3316
2940
2684
3156
2300
2552
3152
2420
2808
2684
2688
2816
2884
2552
2936
2808
2520
4088
2816
2680
2684
3072
3696
2908
2684
2520
2300
3072
3636
2800
2560
3584
2688
3312
3200
2676
3068
2812
2420
3068
3448
2936
3272
2812
3328
3452
2812
2172
1920
2940
2424
2304
3956
2808
2428
2812
2300
2296
2044
4220
2808
2560
4336
3564
3448
3452
3072
3060
2812
3188
3436
3064
3828
2420
2680
3456
2560
2664
2936
2684
2800
3060
2676
2556
5240
2916
3064
3440
3068
2304
2680
2684
2936
2684
2300
2552
2688
3540
2936
2556
2304
3440
3196
2292
2932
2940
2812
2268
2172
2044
2432
2556
2632
2680
2684
2172
3068
2936
2432
3093920
3308
3456
3456
3196
3452
2812
2816
2416
2936
2812
2176
2940
2432
2940
2556
2432
2816
3964
2552
2172
2684
2304
2428
3068
3312
3964
3068
2928
3064
2296
2544
3632
3056
2428
2808
3452
2300
3064
2808
2552
2812
2812
2528
3056
2296
2556
3836
4476
3196
3580
2672
2656
2928
2556
2684
2932
2936
3188
2936
2548
3196
2036
2676
2812
2928
3320
3068
2300
2940
2680
4220
2540
2932
2556
3700
3704
3188
2684
2556
2300
3324
2556
4216
2940
3832
3072
3328
2812
3068
2560
2428
3568
2152
2940
3916
2300
3444
3072
3836
2676
2808
3324
3160
3320
3196
3068
2296
3452
2300
3576
2808
2172
2428
2928
2668
3324
3324
2940
2292
2684
4088
2684
2924
3444
2684
4856
2556
2804
2812
2792
3056
2680
2812
2804
3452
3700
3316
3572
2940
2744
2540
3704
2412
2300
3188
2940
3196
4432
3320
3700
2652
3444
2680
2424
3136
2428
2420
3828
3188
3196
2548
2788
3196
3452
2556
2168
2940
2560
2296
3712
2416
2688
3448
2424
3328
3580
2392
2804
2924
3456
2164
2428
2556
3704
2648
2812
4060
3580
2560
2168
2812
2176
3708
3004
3320
2556
3072
2416
3580
2560
3956
2556
2936
4608
2280
2280
3068
3580
2432
2688
2876
2936
3072
2424
3584
2560
2176
3708
2940
3324
3196
3328
3324
2428
2432
3200
3072
2432
2300
2924
3572
2816
2548
2412
2296
2624
2940
2816
2940
3072
2732
4092
2684
2432
2940
3196
2556
2544
6004
2300
2560
4220
2304
3056
2424
2812
2932
2300
2688
2944
3196
2544
2552
2940
2944
3284
2428
2688
3456
2392
3192
2304
3196
2556
2432
3196
2936
2944
2560
3068
2432
3796
3060
2672
2816
2740
3056
2684
3840
3708
3448
2816
2292
3568
3324
2560
3176
3068
3060
2560
2920
2428
3068
2812
4732
3952
3948
3196
3060
2164
2684
3060
3200
2544
2428
3064
3016
3888
1916
2432
3560
2680
2304
2528
2484
3192
2304
3950836
2808
2424
3064
2168
2044
3700
2944
2540
2936
2816
3140
2680
3072
2304
3536
2676
3072
2424
2684
3072
2408
2540
3708
3068
2936
3704
2556
2808
2428
3964
2676
2556
3708
2424
3192
2432
2536
2556
2560
3192
2816
2676
2944
3580
2680
2920
2672
2300
3296
2040
2944
2540
2944
2748
2428
4732
3448
2296
3312
2300
2932
2812
3964
2932
2652
2556
2684
3196
3200
5076
4692
2936
3328
4080
3708
2928
2684
2296
2680
3192
3964
2640
3316
3832
2428
3580
3964
2804
2932
3192
3448
3192
2556
2684
2556
3572
3448
2936
3960
2680
2684
4084
2556
2292
2680
3188
5236
2040
3964
2936
2548
3580
2940
2040
2552
2300
2428
3196
2556
2040
2556
2172
2936
3320
2292
2808
5240
3820
2428
2168
3324
3556
2940
2296
2812
2408
3052
3452
3068
3196
3440
2936
3452
2556
4472
3580
2420
3448
2940
3960
3068
2940
2808
6252
2424
2796
2540
2812
2288
2680
3064
2940
2552
2936
3452
3316
2556
3068
4092
2684
2428
3188
2676
1912
2296
3708
3068
2428
2552
3312
2940
2940
3316
3576
2560
2932
2940
2684
2552
4092
2936
2528
2664
4216
2556
2172
2300
3444
2808
4980
2940
2040
2684
3232
2796
2552
3192
3196
3068
3192
3068
2044
3444
2680
2300
2812
2940
2808
2940
2808
3696
2812
3184
3052
2420
2936
2536
3452
2812
3580
3320
2556
2940
2940
2404
2040
3064
4088
3196
3192
2940
2936
2168
3312
2860
3280
2296
3068
2812
3332
3056
2804
2808
2676
2932
2296
2300
3064
2804
3296
2172
2816
3304
2172
2556
2428
4472
4472
3748
2752
3068
2684
2168
3576
3064
2936
2936
2428
4732
2424
2428
2556
3576
3064
2684
2424
2808
2556
3188
3192
2676
2812
2284
3192
5416
2956
2940
3068
2176
2424
3072
2432
2424
2408
2680
2688
3660
2516
2040
3968
2556
3584
2688
3060
6396
2788
4328
2804
3112
2428
2432
4724
2420
2812
2176
2800
2684
5092
3540
3408
2804
3324
3196
3308
3196
2428
3712
3180
3068
4728
2936
3456
2432
2676
2176
3436
2812
3052
2812
2528
2428
3072
2420
3448
2664
2940
2048
2800
2304
3608
2268
5232
2812
3572
2680
2428
2816
2940
2532
3196
3840
3964
4096
2172
2432
2676
2812
2684
3200
3692
2684
3056
3068
2812
4344
3236
2300
2688
3064
2896
2664
3712
2432
4992
2304
2932
3576
2812
3732
3064
3316
2296
3108
4076
2412
3452
3048
2552
3320
3164
2804
3064
2748
2552
3572
2176
2304
2548
2560
2304
2684
3712
2924
2424
2688
2684
2424
2940
2684
3708
3448
2556
3068
2172
3328
2940
2684
2560
3268
2528
2832
2164
3328
3068
3328
3456
2940
3824
3196
2812
2428
3584
2648
3064
3064
2548
3964
2560
3268
3192
2944
2432
2940
2680
2812
3708
2804
2032
2816
3836
2424
2428
2684
2428
3200
2432
2676
2932
2556
3196
2936
2940
3068
2660
2556
2936
2812
3068
2644
2940
2300
2552
2808
2804
3188
2556
2936
3192
2676
3196
3060
3320
3152
3060
3576
2804
2812
3444
3448
2044
2428
2812
3068
2040
2804
2540
2552
2416
2296
3188
3708
2428
3060
3448
3452
2940
3444
2420
2556
3700
3068
2680
3576
3192
2556
2552
2428
2556
2676
2808
3180
3068
2028
2428
3064
2940
2168
3068
2936
3960
4172
2808
3324
2428
4216
2924
2292
3440
3196
2940
2936
2556
2296
2044
3988
2420
3320
2936
2936
3064
2792
2804
3448
2676
2940
3956
3192
3316
3708
3904
3024
3324
2684
3568
2556
2300
2556
2808
3580
2684
3708
2428
2812
4208
3064
2540
2428
2304
3956
2552
4536
2892
3568
2936
3324
3568
2940
2812
3320
2944
2160
2684
2428
2428
2548
3064
4980
2688
2888
3068
3320
3296
2680
3708
2808
2552
3324
2412
2684
2048
3068
2416
3192
3060
2292
3064
2432
3032
2420
2944
2296
2420
2556
3060
3200
2808
2548
3712
2172
3452
3320
2940
2560
3068
2940
2560
3572
2944
2808
4608
2664
2804
2176
2292
2428
2292
3192
4004
3436
2688
3708
2796
2936
3584
2560
3320
3448
3196
2432
2296
4348
2300
3284
2932
2300
3568
3056
2936
3200
3068
2816
2396
2136
3252
2552
3836
2560
2976
3312
3836
2984
3064
2548
1920
3012
2804
2168
2560
2556
3072
2428
3324
2680
3960
3248
2172
2304
2384
2932
2528
2684
3964
2812
2560
2432
3324
3196
2680
3840
3836
3400
2416
2936
3964
3196
3200
3112
3320
2560
2940
3068
2676
4480
2428
2816
2928
3836
2640
3948
3192
2848
2412
2688
3396
2360
3448
2680
2172
2556
3060
3056
2816
3068
3320
2812
2304
2536
2932
2816
3068
2552
3196
2304
3196
2548
2688
2552
3792
3324
3452
2816
3192
2816
2428
2688
2808
2684
3184
2944
2808
4340
3456
3060
4340
2300
2048
3828
2680
2176
2168
3068
2172
3576
2300
3056
2432
2176
2560
2920
2944
2812
3192
3328
2560
2804
2812
3876
2424
2804
2764
3064
2176
3180
2540
2304
3456
3296
2516
2424
2892
2940
2812
3324
2552
3328
2556
2520
3044
3448
2432
3840
3492
4092
3456
2560
2812
2428
2428
2560
3580
2424
2688
3196
2424
2556
2556
2936
3200
2684
2944
2940
2520
2176
2172
4096
2432
2812
3836
3704
2548
3328
2556
2428
2428
3584
3432
3584
2172
3580
2812
2928
2684
3192
1916
2540
3064
2924
2556
2560
3068
3452
3548
3308
2424
1916
3180
3448
2920
3180
2304
2940
2560
3704
2428
4344
3204
4060
3584
2416
2804
3452
2540
2556
3828
3072
2672
2556
3040
3836
2680
3584
3452
2688
3320
2168
3268
3064
3072
3060
3580
2288
2304
2676
3068
3576
2932
2688
2172
2432
2172
2556
2816
3052
2656
4088
2944
2556
2896
3108
3572
3708
2680
2680
2172
3228
2684
3684
2416
3452
2516
3832
2804
2556
2556
4320
2940
2656
2676
2552
3944
3064
2800
3072
3056
2300
2428
2420
3000
3064
2680
2420
3312
3068
2560
2304
3072
3448
5092
2808
2940
2048
2516
2548
2680
3708
2168
2428
2296
3200
2688
3068
3068
2668
2428
2556
2552
3176
3196
2808
3068
3068
2536
2556
2680
3572
2556
3072
2976
3044
3324
3072
2944
2432
2388
2804
4088
3580
3712
2532
2804
2556
2684
2944
2432
2756
2044
3328
2808
2680
2944
2684
2556
3584
3324
2684
2944
2688
2672
2552
2168
3956
3128
2808
3064
2804
3968
4600
2304
4216
2300
2680
2552
2816
2556
2560
2932
2656
3192
2684
3172
2932
2176
2536
3188
2560
2680
2432
1792
4076
2176
3444
2432
2404
2432
2684
3708
4056
2424
2680
3320
2040
2556
3452
3064
2816
3320
2548
3964
3072
3192
2560
2688
2428
2432
3560
3568
2176
3144
3832
2420
3580
2684
2264
2556
2940
2812
2428
2556
2428
2944
2556
3576
2900
2932
2560
3060
3192
2432
3456
2816
3196
2560
2432
3240
3152
3440
3324
3192
2636
2432
3300
3276
2544
2304
3324
2556
2556
2688
3200
2900
2932
2416
2560
2428
3832
3580
3192
2432
3328
3200
2816
3044
2940
2944
2816
2688
2560
2300
2552
2304
2560
3328
2760
2672
2676
3200
2808
2796
3184
3704
2936
3440
3452
3412
2760
2800
3072
3436
3200
3192
3188
3196
3200
3064
2432
2428
2884
3324
3828
3708
3196
3056
3432
2560
3068
3264
2928
3324
2424
3324
3196
2816
2640
3088
3836
4220
2904
2424
3064
3312
2680
3324
2688
5132
2928
2560
2944
3324
2556
2940
3444
3200
2416
2688
2684
2808
3572
2304
2936
4988
2936
3064
2164
3580
3068
2428
2420
2688
3052
3456
2672
2808
4220
3196
3220
3064
3452
2556
3056
2292
2432
3072
3124
2300
2940
3324
3712
3036
2428
2296
3068
2432
2424
2304
2812
2688
3452
3052
2536
2688
2428
2560
2936
2808
3820
3064
3068
2688
2300
3452
4284
2676
2940
4864
2808
2432
2780
2940
2556
2560
2020
2944
4608
3328
2388
2816
3960
3200
2432
3060
3192
2428
2300
2812
2560
3196
2944
3068
2816
3152
3452
2560
2688
4356
3188
3580
2544
2168
2816
2428
4752
3312
3456
3340
3704
3072
3252
2556
2560
2688
4468
2688
3196
2972
2540
2684
3448
2552
3072
3064
2688
3576
3804
3192
3328
2668
2664
3580
3424
3316
3184
2424
2552
2176
3108
2792
3328
3840
2524
3168
2812
2816
4732
2556
3840
3200
3544
2552
2816
2812
3064
2552
4864
2684
2816
2560
2560
4212
2808
2432
2300
3456
2432
2552
4732
2432
2432
2684
2176
2556
2428
2944
2428
4216
2800
2424
2684
3192
2292
2812
3240
3064
3324
2652
5620
2808
3708
2676
3828
3572
2300
3452
2164
2684
3576
2424
2684
3192
2680
2816
2816
3568
3196
2168
2168
2812
2688
2916
2668
3072
4224
2176
2676
3064
2300
3328
3072
2168
4220
2816
2296
2940
2556
3456
3452
2808
3064
3580
2048
3840
2304
2688
3064
2816
3068
2428
3824
3068
3068
3108
3184
3436
2812
3200
2388
3576
2684
2428
3320
3072
3068
5372
4096
4352
3372
2424
2432
3580
2300
3324
2944
2808
2944
3448
4352
2816
2816
3180
2300
2304
2432
2688
4344
2552
2304
3068
2812
2816
2556
2688
2304
2432
4212
2428
2944
2676
2556
2432
2808
2556
2788
2896
3324
2304
2536
5236
2428
2296
2172
3068
2648
5308
2812
3964
3508
2552
3072
3328
2176
3880
3444
2684
3564
3072
2432
2304
3916
3328
3288
2556
2680
4216
3708
3192
3052
2936
2296
3568
2560
2556
2664
2944
2800
3200
3196
3764
2292
3320
3952
2940
2300
2936
3492
2412
2804
3576
3692
2172
3008
3564
2548
3320
2304
3324
4088
3192
2936
3580
2940
3276
2668
2292
2688
3448
2172
3300
2816
2812
2788
2940
3316
5372
2688
2416
2936
2684
2804
3192
3568
1916
2556
4088
2300
5232
2804
2416
3196
3068
2672
3452
3568
2296
4084
2300
3964
3576
3556
2940
2172
3448
3072
2044
3068
3560
2424
2556
2556
3832
4092
3580
4092
3180
3832
3192
2924
2428
2300
2256
2424
3444
2936
3960
3836
2428
3060
2428
2684
2680
2424
3068
2808
2684
3132
3064
2936
2304
2556
2684
2680
2936
3324
6168
3704
3068
2940
2812
2804
2912
3328
2684
3576
2300
3584
2788
2928
3192
2552
2808
3448
3456
2808
3200
2152
3048
2808
2428
3192
2808
3452
2172
3060
2424
2300
2428
2808
2296
3300
3324
3328
2300
3056
2684
2684
3708
3308
2684
3828
3056
2668
2684
2940
2432
2304
2552
3196
2780
3572
2304
2296
3324
2164
2940
2684
2812
3064
2304
2548
2816
2548
3832
3968
2412
2816
2556
4208
3452
2680
3032
3060
3320
2556
2760
3192
3960
3708
3456
2944
2396
3576
3968
2652
2552
3324
2684
2940
2428
3436
4220
2172
2432
2676
4088
2432
2944
2552
3788
2676
2672
2560
3968
2688
2804
2680
3200
2812
3324
2940
1920
4340
3580
3072
2296
2672
3584
3324
4476
3196
2936
2560
2296
2176
2152
3196
3188
2672
2540
2684
3316
2684
3452
2544
2428
2688
3580
2560
2680
2668
2940
2540
3188
2424
2292
3576
2812
2936
3060
3064
4216
2688
2548
3452
3064
4344
2556
3324
2812
3704
2428
3068
3196
2412
3700
2812
2928
2928
3048
3324
2680
2932
4220
2812
2940
2432
2772
3320
2684
2408
3324
3076
2912
2048
2688
3444
2560
2936
2552
3580
2304
2812
2812
2416
2424
3068
3316
3196
2904
3064
2944
3192
2816
2532
2036
3576
2944
2684
3580
3440
3448
2680
4072
2428
2940
3452
2812
2680
2424
2304
2924
2684
3196
2424
2300
2808
2680
2428
3320
3712
3072
2164
2688
2944
2656
2412
2944
2812
3196
3064
2812
3072
2560
2932
2300
2428
2540
2680
2176
2284
2428
2924
2936
2428
2772
3064
2684
3456
2816
3192
3828
3804
3572
3068
2672
3456
3676
3708
3068
2940
3968
3524
2292
2808
2808
3712
2688
4088
3448
3192
3836
3012
2544
3452
2928
2684
2812
3320
2944
3312
2556
2812
2900
3308
2684
2612
2552
2432
2816
2300
2936
2672
2808
3196
2556
2812
3064
2936
3444
3068
3176
3700
3452
2428
2172
5756
2688
3200
3840
2932
2688
2804
3452
3192
2432
3796
2668
3192
3072
2636
2812
2428
3200
2304
3164
2408
2040
3580
4092
2428
2812
2560
2012
2816
2176
2560
3068
3200
3704
2688
4080
2300
2172
2560
2544
2668
2428
3296
2560
3564
3064
3324
2940
3012
3448
2688
3060
2300
2688
2028
3188
2688
2940
2420
3196
2688
2936
2804
2164
2160
2556
2556
2424
2560
2912
2400
3408
1912
2560
2940
2680
2556
2536
2924
3328
5620
3184
3060
2552
3312
3048
3440
2812
2164
2160
2548
2684
2932
3188
2680
2676
2800
2812
2808
2680
3444
2300
2932
2936
3324
2768
2424
3456
2632
2684
2808
2816
2168
3068
3700
3320
1916
2812
3824
2796
2644
2540
2816
2812
2536
3748
2424
2808
3328
2300
3032
2872
2936
2300
2560
3328
2812
2432
3072
2556
2684
2808
2560
3456
2432
2420
2944
2656
3964
2432
2556
2812
2816
3068
4052
3328
3188
2684
2816
2296
2668
3064
5204
2812
2688
3812
2572
2800
3072
4348
2940
2300
2560
3792
3176
2424
2300
3196
2556
2940
4328
3116
2556
4076
2556
2296
2300
3056
2556
2560
2300
2420
2684
3068
3184
2936
3436
3060
3556
2036
4084
2800
3068
3064
2556
3064
2680
3324
2940
3324
3048
3196
3324
3032
3044
2176
2424
2796
2288
2668
2928
3708
2556
2432
5244
3196
2296
2408
3712
2428
2296
3324
2688
3576
3320
3184
2432
2540
2300
3564
3396
3044
3200
2432
2560
2676
4200
2548
2940
3068
3744
3452
3196
2668
2804
2816
3192
3708
3196
2664
2416
2808
2300
3060
2812
2812
2680
2556
2556
3064
3064
3580
3196
3452
2424
3064
2428
2544
2680
2284
2684
2688
3176
3828
2556
2932
2552
3576
2292
2552
3452
2300
4220
2424
2928
2172
3192
2680
2672
2552
3312
2660
2296
2676
2940
4084
2548
2544
3580
2680
2812
2544
2168
3448
3580
2560
2552
2296
3196
2420
3832
2808
2940
3060
3056
3324
3572
3324
4016
2420
2796
2408
2544
3968
2416
3444
2680
2304
3708
2944
3056
3968
3736
2808
2816
2780
3948
2044
2656
3828
2812
3696
2296
2800
2680
2816
2684
2688
3436
2556
2944
2296
2428
3196
2884
2292
2560
2944
2608
2644
2932
2560
2428
2176
2936
2684
2300
2816
3828
2560
2788
2940
2560
2740
2624
2496
3152
4216
2676
2676
3060
2804
2548
2300
2428
2812
2164
2680
4088
4212
3064
2812
2428
2808
3060
2936
2680
3968
3064
2560
3056
2672
2556
2684
3452
2916
2936
2300
4092
2640
2708
2676
2556
2552
2812
2428
3072
2688
3324
2944
3832
2940
2176
2428
3068
2168
2048
2176
2688
2684
2432
2880
3316
2300
2936
3028
2940
3964
2428
2560
2680
3456
3628
3192
3196
3064
2552
2560
2540
3072
2804
2688
2876
4216
3192
2408
2288
2432
2672
2892
2812
3328
2552
2560
3700
2808
2556
2684
2812
2684
2300
3060
2300
3420
3200
2688
3196
2648
3828
2560
3808
2796
3072
3328
3820
2556
2420
2424
2940
2172
3324
3324
3192
4348
3200
2288
3180
3448
4352
4092
2408
3232
2556
3064
2684
3024
2292
2432
2812
3040
2044
3960
2940
2816
2668
2292
2416
3456
2296
2688
2792
3120
3092
2932
3072
3324
2424
2408
3064
2684
3456
2176
2812
2940
3708
3428
2032
2172
2432
2172
2688
2916
3048
4084
3404
2552
2432
2272
2804
2176
3288
3192
3324
2556
3124
3092
3568
2940
3328
2536
2544
2944
4980
2940
2428
2428
3060
2812
2300
3832
2432
3440
3440
2552
3060
2420
3444
2684
2556
3068
3196
2936
2300
4344
2808
2552
2168
2812
2296
3708
2940
2516
2784
2684
2424
2676
3960
2684
2428
3192
2672
3452
2300
2808
2556
2808
2684
2812
2548
3444
4936
3048
3060
2556
2032
2932
3324
2424
2296
3196
3200
3680
3656
3064
2044
3196
3568
2428
2656
2300
2940
3068
3188
2556
2944
2428
2432
3064
3196
2432
2816
2768
2552
2940
2816
2800
3452
2816
2548
2420
3324
3072
2812
2664
2044
4092
2300
3192
2432
3328
2936
3584
2560
3656
4728
2688
3708
2428
3064
3576
3320
3836
2668
2808
2560
2680
2804
2676
3176
2936
3072
2668
3064
3188
3324
3328
2792
2684
2288
2348
3564
2940
2304
2668
2424
2432
2808
4224
2520
3448
3288
4596
2556
2176
3064
3196
3452
3152
3432
2676
2788
2688
2424
2940
2688
3320
2432
2552
2684
3064
3032
2812
2816
2028
3180
2688
2808
2668
4728
2304
2936
4472
3180
3196
2944
2808
2432
3324
2296
3200
2552
3700
2420
2904
2428
1916
2300
3408
2556
4088
3996
2812
2812
3192
3200
3372
4592
3072
3184
2172
2920
2812
2412
2536
2428
2812
2648
2556
2428
3068
3188
2560
2808
2532
2160
3580
2752
2384
3188
2548
4468
2668
2812
3832
2688
2944
2804
2560
2428
2684
3452
2940
2936
2900
3704
3200
2552
3444
2940
3840
3320
3448
3188
2172
2556
2556
3188
3196
2556
2284
2556
2680
2428
3192
2684
2932
2408
3196
2300
2560
2684
3384
3296
2680
3452
2168
2804
2804
2048
2556
2812
2684
2300
4600
3444
2940
2684
2552
3064
3068
2296
3036
2688
2936
2804
3192
2556
3060
3708
2808
2808
2944
2936
2628
3188
3072
2520
3448
2936
3580
2556
2416
2168
2424
3328
2552
2556
2796
2936
3440
2800
2432
2604
4592
2172
5196
3644
2688
3448
4096
2676
2688
2556
2816
4308
2928
2816
2672
4340
2536
2688
2780
3176
3704
2788
2556
2688
2156
3696
4344
2284
5240
3380
3192
3324
2936
2940
2560
2304
2416
3828
2432
2936
2432
3320
2848
3452
2296
2684
2432
2420
3196
2816
2660
2300
3836
2936
2944
2172
2168
2804
2176
3196
2812
2296
2796
3324
2808
3320
3248
2812
2552
3196
2940
3576
1916
2428
2940
2680
2428
2556
2684
2812
2424
3452
3056
2684
4340
4596
2684
3700
2800
2684
2424
2684
6004
4220
3572
2552
2684
2280
2428
3576
2684
2940
3424
2796
2684
3832
2812
3188
3444
3052
2512
3444
2924
3320
2684
2812
5112
2912
2284
4220
3192
2940
2684
1916
3580
2804
2808
3192
3452
3196
3316
3068
2684
2552
3836
2680
3704
3836
2044
3448
3000
2812
2684
3188
2296
2940
2804
3572
2416
3196
3836
2680
2428
4596
2804
3064
1916
3704
2420
3964
2168
3836
3068
2676
3068
2812
2552
2532
3576
3324
2940
2548
2420
2548
3324
3324
4220
3336
2296
2932
2428
3572
4032
2668
2300
3316
3448
2040
2556
2164
3068
2680
2808
2684
3956
2296
2684
3068
3052
2548
2428
2552
3064
2916
2684
3156
2428
3312
3440
3196
2296
5740
4092
3024
2680
2812
2640
2296
3560
3064
2816
2028
2304
2172
2684
2856
2676
5120
2776
2172
2560
3296
3400
3712
2944
2812
4688
2680
2800
3288
3196
3568
2936
2432
3976
3192
2812
4040
2684
3072
4068
2940
4096
3064
2932
2812
4592
3448
2808
2796
3452
3064
3068
3708
2940
2808
2560
2812
3048
3964
3196
2428
2896
2940
2932
3832
3064
3708
3960
2296
3192
2176
3580
2424
2684
3376
2400
2044
2944
2552
3576
2808
2544
2540
3836
3708
1900
2680
2684
2036
2040
2552
2556
3708
1900
2812
2544
1788
3324
2808
2812
3444
3324
3304
3564
2940
2300
2812
2812
2300
2896
2424
3452
2668
3192
2428
3704
4216
3185736
2812
2304
2556
2680
2172
2556
2684
3320
2172
2300
3324
3956
2044
2680
4848
2296
2428
2808
2424
4732
3068
2680
3580
2552
3064
2940
3324
2680
2940
4068
3176
3276
2536
4476
2172
2812
3584
3852
2364
3056
3456
3712
3192
2816
3448
2548
3052
3956
2296
2552
2556
2816
2768
2036
2556
3196
2788
2424
3324
3068
2560
3448
2688
2812
3836
2428
3704
3068
2684
2816
3328
2048
3328
2680
2432
2684
2816
3068
2936
2688
3196
2816
3068
2432
2796
3580
3712
2560
2944
2560
2940
2676
3064
2940
3064
3576
3320
3576
1916
2800
3064
2300
2940
3196
3576
2428
2812
3052
2172
3064
2684
2680
2300
2684
4092
3308
3196
2812
3456
3700
3836
2680
2556
1916
3184
2808
2688
2960
3956
2432
3056
4480
2420
3328
2420
3456
2168
2940
2424
3184
2424
3072
3552
2548
4224
2176
2420
2556
3556
2292
3700
3456
2808
2432
2680
2812
2424
4856
3064
3568
2424
4176
3068
2556
2672
2920
3068
3200
2412
2172
2688
3448
3300
2276
2940
3064
2816
2788
2816
3580
3448
2796
2684
2680
3064
2932
2680
2420
2428
3712
3704
3052
2416
2560
2304
4728
2940
2172
2300
3324
3328
3196
3048
1912
2816
2172
2684
3704
3456
2556
2176
3964
3256
3192
2816
2944
3456
2940
4352
3192
2936
2680
3068
2428
2812
3840
3456
2812
2688
3192
2688
3300
2936
2944
4072
3320
2428
2688
2560
2816
2644
2536
2428
3452
1792
2284
2300
2304
3196
4224
2684
2432
2528
3412
2300
3072
2424
3584
2160
2556
2916
1912
2812
2684
2172
2784
3964
2788
3508
2940
3328
2556
2296
3440
4836
2808
3064
2552
3676
3180
3072
2932
2808
3196
3324
2416
4576
2032
3196
3192
1912
2172
3324
2932
3200
2544
4212
3188
3068
3572
2296
2428
3708
2680
3068
2812
3184
2044
2940
2940
3648
3452
2688
2808
2816
3068
3456
3328
2044
2816
3708
2428
2816
2424
2176
2816
2804
3712
3196
2808
2812
2944
3196
2428
4344
2944
3056
2556
2300
2684
2168
2524
2944
3840
2432
2544
3008
1904
2808
2428
2684
2816
2684
2044
2556
2680
2816
2672
4132
4072
2532
2932
2304
2168
3704
2936
2424
3824
2428
2812
3836
3572
4736
3704
3824
3708
2396
2544
3324
2684
2556
2684
3452
2424
3068
2424
3320
2160
4348
2812
2544
2304
2168
2172
3576
2420
2680
3196
3836
3896
3572
2944
2560
2788
3568
2688
3840
2664
2912
2428
2816
3708
2560
2940
2432
3200
3196
2944
2944
2684
3192
3456
2684
2176
2624
2788
3704
3316
2808
3056
4608
2172
2940
4224
2560
3200
2672
3780
2680
2940
2944
2428
2520
2428
2560
3456
2816
3792
3320
3068
3328
3968
2664
3104
2404
2680
2924
2816
2940
2432
3712
2944
2300
3960
2676
3456
3200
2944
2172
2560
3664
2556
2176
3576
2944
3064
2944
2752
3452
2304
3032
3068
2300
2952
2812
2556
3452
2288
3068
2940
2684
3580
2808
2532
3316
3072
2296
2520
2812
3192
2556
2424
1912
3064
4216
2428
2812
2932
3068
2680
3064
3448
2556
2168
2556
3060
3060
2940
3056
2168
3068
2936
3196
2044
3172
2788
2528
3944
2684
2812
2932
2916
3192
3948
2928
2540
2648
3444
3576
2296
2684
2808
2804
2552
2680
2684
2428
2676
2812
2812
2428
2420
3196
2428
