0.315
0.274
0.252
0.239
0.265
0.320
0.310
0.219
0.292
0.319
0.264
0.249
0.253
0.309
0.363
0.246
0.260
0.307
0.230
0.262
0.266
0.288
0.312
0.412
0.289
0.235
0.270
0.255
0.337
0.229
0.290
0.331
0.280
0.293
0.255
0.216
0.351
0.324
0.289
0.372
0.360
0.275
0.224
0.239
0.327
0.315
0.254
0.348
0.228
0.327
0.298
0.235
0.239
0.231
0.427
0.287
0.337
0.228
0.347
0.233
0.281
0.272
0.231
0.220
0.242
0.285
0.199
0.267
0.334
0.290
0.206
0.248
0.238
0.225
0.285
0.253
0.251
0.288
0.212
0.232
0.249
0.296
0.265
0.328
0.244
0.239
0.260
0.247
0.247
0.288
0.354
0.248
0.294
0.280
0.318
0.270
0.274
0.265
0.223
0.297
0.228
0.297
0.277
0.214
0.285
0.296
0.258
0.291
0.320
0.306
0.313
0.291
0.293
0.262
0.315
0.241
0.234
0.206
0.263
0.239
0.236
0.278
0.227
0.249
0.339
0.303
0.332
0.238
0.239
0.241
0.233
0.256
0.314
0.359
0.239
0.398
0.269
0.355
0.202
0.260
0.289
0.286
0.316
0.213
0.290
0.246
0.268
0.241
0.255
0.298
0.250
0.261
0.241
0.253
0.264
0.263
0.253
0.410
0.281
0.301
0.351
0.226
0.213
0.264
0.338
0.269
0.314
0.232
0.317
0.260
0.262
0.271
0.224
0.333
0.192
0.285
0.355
0.294
0.301
0.278
0.265
0.297
0.227
0.315
0.272
0.280
0.254
0.280
0.256
0.266
0.239
0.252
0.295
0.218
0.268
0.298
0.267
0.287
0.375
0.397
0.265
0.238
0.275
0.245
0.233
0.248
0.207
0.282
0.225
0.225
0.223
0.245
0.209
0.254
0.308
0.264
0.250
0.257
0.286
0.372
0.257
0.249
0.340
0.268
0.248
0.240
0.314
0.463
0.286
0.250
0.303
0.231
0.232
0.304
0.265
0.309
0.320
0.240
0.327
0.304
0.350
0.338
0.300
0.188
0.243
0.264
0.328
0.342
0.351
0.319
0.268
0.304
0.210
0.250
0.334
0.282
0.236
0.328
0.255
0.271
0.268
0.292
0.283
0.321
0.224
0.324
0.225
0.272
0.278
0.280
0.307
0.240
0.264
0.320
0.284
0.282
0.278
0.299
0.272
0.308
0.268
0.246
0.292
0.245
0.238
0.301
0.252
0.250
0.296
0.295
0.297
0.230
0.319
0.248
0.258
0.285
0.283
0.311
0.279
0.256
0.308
0.324
0.261
0.324
0.253
0.233
0.247
0.226
0.213
0.304
0.238
0.356
0.279
0.313
0.257
0.254
0.242
0.284
0.343
0.228
0.276
0.351
0.313
0.268
0.289
0.350
0.279
0.329
0.282
0.256
0.317
0.235
0.266
0.297
0.233
0.273
0.433
0.420
0.336
0.274
0.274
0.314
0.292
0.269
0.217
0.331
0.227
0.256
0.277
0.336
0.294
0.257
0.336
0.268
0.331
0.264
0.213
0.325
0.303
0.394
0.283
0.272
0.314
0.242
0.322
0.222
0.330
0.277
0.222
0.275
0.247
0.437
0.229
0.469
0.438
0.242
0.265
0.318
0.362
0.291
0.267
0.328
0.281
0.253
0.257
0.247
0.268
0.273
0.235
0.320
0.346
0.256
0.271
0.281
0.269
0.228
0.327
0.226
0.351
0.347
0.261
0.228
0.208
0.227
0.289
0.262
0.259
0.312
0.264
0.318
0.284
0.267
0.339
0.274
0.253
0.260
0.227
0.253
0.296
0.243
0.238
0.369
0.272
0.326
0.235
0.251
0.265
0.287
0.249
0.290
0.214
0.245
0.238
0.275
0.300
0.271
0.268
0.249
0.285
0.249
0.288
0.252
0.236
0.227
0.239
0.328
0.319
0.292
0.251
0.242
0.301
0.346
0.290
0.334
0.341
0.289
0.232
0.296
0.226
0.313
0.360
0.225
0.243
0.295
0.257
0.316
0.231
0.301
0.252
0.235
0.299
0.296
0.276
0.253
0.320
0.306
0.215
0.200
0.278
0.338
0.250
0.305
0.324
0.290
0.286
0.231
0.251
0.256
0.398
0.397
0.257
0.265
0.464
0.227
0.338
0.265
0.275
0.246
0.286
0.378
0.238
0.268
0.347
0.390
0.237
0.221
0.237
0.311
0.234
0.231
0.286
0.219
0.320
0.299
0.370
0.372
0.250
0.220
0.240
0.226
0.273
0.232
0.269
0.279
0.289
0.258
0.251
0.253
0.312
0.318
0.300
0.236
0.262
0.318
0.268
0.242
0.306
0.280
0.281
0.263
0.333
0.265
0.260
0.226
0.263
0.262
0.268
0.282
0.313
0.229
0.286
0.313
0.250
0.317
0.255
0.362
0.348
0.304
0.255
0.277
0.298
0.279
0.311
0.199
0.277
0.229
0.263
0.229
0.283
0.307
0.218
0.298
0.263
0.340
0.303
0.348
0.264
0.355
0.241
0.211
0.282
0.303
0.263
0.423
0.329
0.319
0.272
0.228
0.240
0.242
0.266
0.287
0.194
0.238
0.222
0.233
0.244
0.219
0.255
0.251
0.251
0.251
0.274
0.241
0.284
0.382
0.271
0.268
0.407
0.294
0.309
0.254
0.245
0.217
0.261
0.364
0.549
0.317
0.251
0.316
0.288
0.275
0.213
0.270
0.238
0.385
0.274
0.295
0.294
0.312
0.249
0.187
0.268
0.309
0.255
0.285
0.256
0.228
0.348
0.221
0.304
0.267
0.252
0.291
0.208
0.240
0.396
0.203
0.315
0.236
0.294
0.233
0.295
0.310
0.271
0.318
0.205
0.279
0.292
0.361
0.247
0.263
0.336
0.309
0.278
0.242
0.285
0.257
0.227
0.325
0.280
0.192
0.219
0.302
0.328
0.280
0.255
0.262
0.215
0.312
0.336
0.220
0.308
0.288
0.325
0.233
0.464
0.305
0.309
0.268
0.270
0.253
0.257
0.338
0.306
0.308
0.379
0.274
0.287
0.219
0.275
0.252
0.256
0.329
0.226
0.292
0.248
0.231
0.268
0.254
0.268
0.261
0.303
0.347
0.317
0.313
0.219
0.269
0.224
0.248
0.216
0.270
0.232
0.215
0.264
0.220
0.231
0.242
0.266
0.219
0.308
0.318
0.325
0.202
0.258
0.218
0.205
0.285
0.242
0.232
0.219
0.259
0.381
0.251
0.287
0.211
0.342
0.246
0.356
0.241
0.285
0.233
0.310
0.228
0.270
0.268
0.345
0.244
0.522
0.250
0.352
0.302
0.291
0.249
0.294
0.271
0.264
0.251
0.292
0.239
0.238
0.219
0.266
0.289
0.418
0.321
0.268
0.203
0.316
0.267
0.357
0.229
0.253
0.225
0.248
0.234
0.346
0.319
0.204
0.324
0.299
0.278
0.263
0.253
0.272
0.199
0.266
0.319
0.202
0.325
0.290
0.223
0.255
0.259
0.317
0.280
0.280
0.281
0.268
0.291
0.283
0.425
0.346
0.252
0.229
0.266
0.324
0.272
0.365
0.301
0.269
0.325
0.229
0.354
0.328
0.350
0.371
0.242
0.263
0.325
0.296
0.252
0.286
0.272
0.238
0.297
0.208
0.265
0.393
0.213
0.381
0.203
0.288
0.289
0.328
0.299
0.265
0.285
0.345
0.332
0.314
0.244
0.243
0.277
0.259
0.224
0.248
0.279
0.305
0.243
0.301
0.258
0.246
0.311
0.319
0.234
0.267
0.340
0.379
0.312
0.292
0.289
0.235
0.331
0.229
0.273
0.258
0.279
0.251
0.271
0.257
0.343
0.245
0.255
0.221
0.292
0.291
0.260
0.298
0.238
0.308
0.237
0.254
0.299
0.232
0.290
0.295
0.296
0.264
0.234
0.240
0.295
0.263
0.304
0.304
0.335
0.260
0.285
0.305
0.306
0.243
0.337
0.314
0.271
0.233
0.277
0.237
0.278
0.251
0.316
0.255
0.306
0.318
0.248
0.345
0.313
0.252
0.355
0.243
0.284
0.326
0.224
0.247
0.248
0.349
0.283
0.259
0.220
0.338
0.284
0.210
0.228
0.371
0.337
0.313
0.449
0.297
0.316
0.404
0.302
0.283
0.287
0.253
0.249
0.246
0.250
0.243
0.286
0.328
0.260
0.290
0.252
0.228
0.312
0.257
0.278
0.261
0.409
0.302
0.360
0.240
0.372
0.248
0.256
0.235
0.201
0.273
0.294
0.336
0.284
0.264
0.356
0.242
0.295
0.378
0.260
0.237
0.481
0.246
0.317
0.284
0.252
0.357
0.227
0.251
0.276
0.285
0.319
0.279
0.266
0.377
0.239
0.302
0.249
0.241
0.300
0.255
0.311
0.256
0.367
0.302
0.245
0.258
0.285
0.261
0.264
0.347
0.298
0.254
0.222
0.215
0.218
0.319
0.328
0.351
0.234
0.249
0.210
0.240
0.245
0.248
0.308
0.311
0.299
0.266
0.344
0.256
0.275
0.279
0.324
0.297
0.275
0.293
0.256
0.301
0.335
0.282
0.238
0.267
0.288
0.242
0.275
0.344
0.277
0.262
0.271
0.278
0.258
0.367
0.362
0.306
0.388
0.224
0.222
0.324
0.322
0.282
0.314
0.261
0.324
0.226
0.253
0.309
0.249
0.307
0.224
0.272
0.328
0.215
0.250
0.296
0.212
0.232
0.428
0.291
0.282
0.300
0.260
0.259
0.264
0.396
0.264
0.227
0.282
0.293
0.247
0.298
0.252
0.354
0.268
0.344
0.269
0.265
0.472
0.286
0.238
0.273
0.278
0.280
0.362
0.216
0.329
0.236
0.238
0.229
0.348
0.304
0.282
0.226
0.252
0.312
0.258
0.187
0.234
0.232
0.389
0.332
0.292
0.247
0.283
0.240
0.262
0.254
0.323
0.247
0.278
0.297
0.235
0.257
0.237
0.299
0.344
0.277
0.288
0.362
0.279
0.308
0.236
0.338
0.234
0.299
0.273
0.328
0.218
0.302
0.281
0.247
0.232
0.248
0.313
0.294
0.225
0.284
0.313
0.316
0.286
0.238
0.278
0.287
0.248
0.288
0.224
0.272
0.280
0.279
0.266
0.253
0.276
0.291
0.293
0.242
0.232
0.233
0.373
0.231
0.244
0.279
0.231
0.386
0.277
0.293
0.247
0.237
0.270
0.287
0.318
0.372
0.264
0.278
0.251
0.277
0.302
0.391
0.289
0.278
0.297
0.248
0.294
0.223
0.273
0.296
0.359
0.355
0.349
0.241
0.222
0.274
0.280
0.338
0.319
0.241
0.225
0.321
0.371
0.209
0.213
0.223
0.215
0.298
0.356
0.288
0.306
0.264
0.299
0.279
0.254
0.206
0.364
0.223
0.314
0.283
0.261
0.252
0.330
0.275
0.314
0.352
0.334
0.221
0.340
0.282
0.243
0.231
0.243
0.240
0.322
0.325
0.307
0.327
0.239
0.278
0.282
0.283
0.304
0.284
0.275
0.310
0.248
0.295
0.271
0.270
0.212
0.268
0.289
0.201
0.326
0.365
0.269
0.271
0.258
0.310
0.252
0.229
0.293
0.327
0.237
0.274
0.278
0.267
0.248
0.252
0.339
0.202
0.267
0.282
0.232
0.348
0.244
0.308
0.276
0.257
0.313
0.291
0.300
0.254
0.372
0.247
0.256
0.215
0.290
0.377
0.298
0.266
0.316
0.235
0.423
0.232
0.297
0.283
0.203
0.324
409.923
0.275
0.285
0.233
0.275
0.310
0.227
0.276
0.302
0.262
0.295
0.257
0.227
0.387
0.215
0.215
0.246
0.320
0.214
0.291
0.369
0.301
0.250
0.308
0.291
0.239
0.280
0.327
0.240
0.354
0.314
0.270
0.310
0.262
0.325
0.375
0.348
0.238
0.294
0.286
0.345
0.258
0.209
0.289
0.199
0.250
0.318
0.300
0.273
0.266
0.238
0.268
0.331
0.264
0.344
0.245
0.257
0.293
0.327
0.268
0.264
0.294
0.312
0.244
0.297
0.260
0.262
0.432
0.286
0.265
0.265
0.221
0.281
0.320
0.231
0.271
0.273
0.301
0.336
0.266
0.270
0.292
0.325
0.241
0.400
0.408
0.290
0.349
0.313
0.341
0.258
0.318
0.332
0.245
0.286
0.458
0.315
0.245
0.336
0.306
0.319
0.226
0.248
0.296
0.357
0.286
0.300
0.371
0.204
0.295
0.242
0.311
0.375
0.392
0.320
0.243
0.251
0.378
0.262
0.295
0.220
0.321
0.310
0.334
0.328
0.290
0.298
0.236
0.250
0.461
0.246
0.312
0.265
0.288
0.248
0.301
0.317
0.326
0.268
0.187
0.386
0.222
0.292
0.291
0.241
0.340
0.273
0.245
0.260
0.274
0.377
0.289
0.319
0.309
0.250
0.277
0.256
0.284
0.319
0.392
0.295
0.290
0.321
0.260
0.253
0.323
0.304
0.276
0.302
0.282
0.261
0.358
0.262
0.367
0.288
0.325
0.236
0.270
0.229
0.251
0.400
0.299
0.296
0.281
0.309
0.280
0.334
0.242
0.330
0.305
0.259
0.266
0.272
0.288
0.217
0.273
0.305
0.270
0.271
0.283
0.299
0.247
0.349
0.285
0.304
0.299
0.330
0.301
0.280
0.350
0.258
0.261
0.239
0.274
0.301
0.304
0.346
0.256
0.244
0.304
0.285
0.349
0.271
0.280
0.305
0.383
0.253
0.241
0.274
0.216
0.242
0.265
0.332
0.223
0.379
0.323
0.364
0.256
0.259
0.243
0.297
0.329
0.315
0.340
0.271
0.333
0.283
0.245
0.305
0.255
0.235
0.270
0.361
0.262
0.255
0.304
0.324
0.235
0.269
0.295
0.255
0.288
0.344
0.353
0.250
0.284
0.241
0.223
0.336
0.389
0.314
0.258
0.346
0.397
0.275
0.349
0.280
0.289
0.264
0.261
0.247
0.345
0.345
0.279
0.272
0.266
0.282
0.227
0.224
0.308
0.338
0.236
0.248
0.282
0.402
0.324
0.247
0.309
0.289
0.317
0.262
0.318
0.248
0.252
0.253
0.315
0.263
0.230
0.250
0.250
0.232
0.240
0.226
0.236
0.243
0.307
0.293
0.320
0.244
0.254
0.294
0.287
0.244
0.360
0.312
0.269
0.273
0.245
0.248
0.317
0.314
0.238
0.261
0.260
0.329
0.413
0.253
0.257
0.346
0.231
0.274
0.286
0.216
0.272
0.357
0.214
0.267
0.253
0.244
0.295
0.283
0.330
0.321
0.216
0.283
0.285
0.272
0.245
0.239
0.280
0.227
0.247
0.255
0.296
0.222
0.302
0.247
0.368
0.298
0.224
0.310
0.255
0.262
0.309
0.351
0.360
0.346
0.275
0.401
0.286
0.278
0.306
0.310
0.428
0.296
0.245
0.348
0.240
0.287
0.380
0.306
0.279
0.390
0.246
0.343
0.236
0.297
0.243
0.305
0.369
0.237
0.252
0.297
0.222
0.311
0.249
0.392
0.293
0.320
0.311
0.266
0.323
0.290
0.331
0.263
0.246
0.430
0.246
0.223
0.240
0.398
0.254
0.319
0.350
0.227
0.239
0.319
0.238
0.300
0.270
0.351
0.305
0.313
0.311
0.259
0.252
0.254
0.299
0.370
0.267
0.278
0.331
0.331
0.251
0.267
0.279
0.234
0.237
0.288
0.336
0.345
0.287
0.252
0.242
0.310
0.278
0.308
0.302
0.229
0.296
0.282
0.238
0.216
0.240
0.269
0.285
0.310
0.277
0.324
0.267
0.326
0.237
0.293
0.260
0.261
0.276
0.260
0.283
0.296
0.264
0.279
0.255
0.233
0.262
0.239
0.233
0.313
0.287
0.336
0.299
0.409
0.279
0.292
0.228
0.239
0.273
0.281
0.305
0.307
0.242
0.315
0.297
0.313
0.282
0.250
0.308
0.265
0.247
0.271
0.276
0.269
0.283
0.419
0.343
0.245
0.314
0.246
0.214
0.225
0.235
0.368
0.367
0.288
0.281
0.259
0.273
0.289
0.390
0.312
0.376
0.243
0.256
0.259
0.269
0.252
0.255
0.345
0.236
0.349
0.363
0.260
0.297
0.228
0.323
0.314
0.327
0.306
0.244
0.248
0.234
0.265
0.307
0.223
0.327
0.302
0.204
0.283
0.304
0.299
0.235
0.215
0.287
0.214
0.320
0.301
0.339
0.351
0.356
0.381
0.242
0.283
0.241
0.266
0.265
0.238
0.374
0.232
0.238
0.283
0.281
0.314
0.245
0.274
0.238
0.307
0.288
0.274
0.233
0.221
0.301
0.284
0.263
0.294
0.306
0.264
0.316
0.266
0.321
0.308
0.342
0.221
0.280
0.256
0.293
0.280
0.313
0.262
0.232
0.280
0.345
0.239
0.227
0.373
0.342
0.255
0.313
0.317
0.290
0.369
0.251
0.251
0.234
0.262
0.296
0.212
0.320
0.247
0.282
0.210
0.240
0.295
0.249
0.355
0.317
0.239
0.255
0.267
0.254
0.264
0.248
0.305
0.279
0.276
0.305
0.194
0.227
0.249
0.281
0.310
0.282
0.339
0.211
0.309
0.286
0.370
0.247
0.295
0.240
0.302
0.215
0.307
0.281
0.250
0.277
0.284
0.243
0.296
0.287
0.395
0.255
0.251
0.241
0.223
0.272
0.318
0.255
0.239
0.393
0.227
0.279
0.268
0.283
0.327
0.246
0.216
0.266
0.250
0.345
0.272
0.308
0.281
0.292
0.293
0.282
0.279
0.305
0.253
0.289
0.271
0.212
0.234
0.289
0.256
0.359
0.334
0.274
0.302
0.214
0.328
0.328
0.269
0.323
0.242
0.394
0.282
0.310
0.256
0.266
0.213
0.215
0.273
0.347
0.368
0.237
0.298
0.268
0.274
0.277
0.220
0.277
0.296
0.401
0.229
0.397
0.333
0.335
0.251
0.231
0.307
0.256
0.305
0.250
0.249
0.296
0.268
0.296
0.349
0.394
0.256
0.328
0.218
0.251
0.263
0.269
0.222
0.379
0.301
0.266
0.262
0.245
0.255
0.287
0.250
0.344
0.292
0.294
0.227
0.254
0.247
0.280
0.239
0.270
0.324
0.271
0.367
0.313
0.250
0.263
0.269
0.218
0.282
0.286
0.309
0.371
0.253
0.258
0.258
0.283
0.305
0.295
0.307
0.277
0.258
0.292
0.262
0.195
0.224
0.287
0.262
0.207
0.271
0.216
0.335
0.282
0.283
0.229
0.310
0.323
0.247
0.299
0.284
0.357
0.239
0.305
0.293
0.284
0.298
0.296
0.343
0.259
0.260
0.300
0.228
0.298
0.225
0.338
0.253
0.273
0.247
0.523
0.300
0.333
0.287
0.266
0.332
0.335
0.222
0.247
0.228
0.280
0.282
0.285
0.254
0.321
0.256
0.301
0.279
0.328
0.300
0.266
0.326
0.257
0.243
0.292
0.222
0.360
0.349
0.255
0.267
0.245
0.245
0.253
0.309
0.327
0.283
0.268
0.334
0.249
0.252
0.442
0.214
0.264
0.383
0.238
0.358
0.280
0.314
0.263
0.290
0.247
0.317
0.243
0.434
0.274
0.290
0.251
0.259
0.305
0.274
0.311
0.231
0.332
0.226
0.274
0.232
0.278
0.296
0.340
0.310
0.304
0.251
0.304
0.326
0.241
0.287
0.381
0.275
0.310
0.242
0.305
0.323
0.295
0.386
0.250
0.343
0.280
0.283
0.281
0.294
0.252
0.302
0.249
0.326
0.251
0.247
0.254
0.285
0.291
0.267
0.342
0.271
0.309
0.268
0.296
0.219
0.260
0.269
0.288
0.322
0.238
0.274
0.270
0.214
0.290
0.245
0.340
0.303
0.314
0.332
0.218
0.227
0.368
0.305
0.194
0.273
0.211
0.448
0.249
0.245
0.318
0.290
0.272
0.284
0.231
0.286
0.337
0.367
0.245
0.255
0.405
0.269
0.283
0.218
0.239
0.247
0.224
0.251
0.258
0.245
0.300
0.324
0.319
0.420
0.330
0.279
0.302
0.380
0.340
0.239
0.243
0.388
0.279
0.314
0.278
0.304
0.249
0.259
0.288
0.258
0.258
0.322
0.283
0.358
0.262
0.331
0.267
0.307
0.235
0.263
0.252
0.269
0.251
0.255
0.264
0.277
0.248
0.235
0.280
0.251
0.270
0.305
0.224
0.248
0.270
0.306
0.311
0.240
0.399
0.252
0.269
0.300
0.287
0.332
0.207
0.352
0.315
0.303
0.281
0.253
0.260
0.252
0.276
0.332
0.287
0.326
0.240
0.239
0.222
0.431
0.223
0.303
0.265
0.258
0.279
0.235
0.270
0.247
0.305
0.237
0.301
0.265
0.282
0.261
0.317
0.312
0.273
0.270
0.272
0.236
0.256
0.380
0.256
0.271
0.333
0.320
0.291
0.297
0.257
0.241
0.232
0.349
0.244
0.293
0.261
0.291
0.262
0.367
0.304
0.234
0.462
0.370
0.279
0.317
0.296
0.349
0.272
0.250
0.268
0.236
0.388
0.429
0.359
0.321
0.329
0.237
0.289
0.281
0.232
0.231
0.241
0.291
0.247
0.210
0.239
0.230
0.279
0.267
0.223
0.265
0.234
0.272
0.370
0.372
0.294
0.328
0.257
0.276
0.252
0.276
0.307
0.267
0.270
0.207
0.250
0.260
0.248
0.267
0.291
0.282
0.311
0.270
0.373
0.359
0.230
0.279
0.256
0.239
0.286
0.304
0.245
0.255
0.267
0.274
0.303
0.273
0.286
0.224
0.302
0.226
0.253
0.367
0.262
0.232
0.274
0.287
0.241
0.374
0.272
0.240
0.309
0.303
0.334
0.326
0.336
0.338
0.277
0.243
0.337
0.343
0.291
0.233
0.213
0.348
0.259
0.249
0.276
0.297
0.245
0.230
0.245
0.259
0.406
0.274
0.321
0.226
0.246
0.232
0.296
0.258
0.435
0.262
0.288
0.276
0.298
0.259
0.263
0.311
0.313
0.298
0.290
0.303
0.258
0.356
0.288
0.264
0.445
0.258
0.247
0.313
0.258
0.365
0.212
0.273
0.304
0.405
0.292
0.328
0.217
0.306
0.270
0.297
0.283
0.313
0.261
0.297
0.337
0.327
0.243
0.375
0.264
0.307
0.220
0.380
0.355
0.234
0.260
0.269
0.303
0.235
0.523
0.276
0.335
0.345
0.356
0.314
0.309
0.216
0.272
0.277
0.264
0.250
0.230
0.286
0.211
0.297
0.332
0.260
0.231
0.236
0.222
0.292
0.306
0.284
0.309
0.239
0.233
0.318
0.228
0.304
0.283
0.238
0.267
0.289
0.240
0.245
0.214
0.195
0.318
0.294
0.289
0.249
0.339
0.350
0.240
0.300
0.333
0.366
0.312
0.299
0.361
0.242
0.248
0.288
0.335
0.309
0.234
0.251
0.306
0.306
0.340
0.335
0.264
0.258
0.235
0.382
0.285
0.242
0.276
0.317
0.319
0.297
0.397
0.295
0.272
0.333
0.304
0.265
0.268
0.422
0.249
0.303
0.296
0.247
0.291
0.315
0.267
0.233
0.227
0.247
0.296
0.266
0.270
0.331
0.314
0.246
0.250
0.254
0.252
0.273
0.292
0.285
0.258
0.273
0.348
0.233
0.267
0.266
0.274
0.210
0.281
0.233
0.276
0.284
0.287
0.244
0.206
0.276
0.335
0.277
0.260
0.311
0.241
0.287
0.291
0.226
0.250
0.364
0.219
0.269
0.309
0.266
0.307
0.265
0.296
0.318
0.242
0.259
0.238
0.220
0.292
0.311
0.286
0.362
0.266
0.318
0.338
0.309
0.287
0.308
0.300
0.293
0.347
0.349
0.346
0.256
0.272
0.407
0.291
0.302
0.246
0.213
0.245
0.307
0.257
0.222
0.231
0.271
0.299
0.301
0.293
0.306
0.246
0.284
0.317
0.315
0.225
0.345
0.253
0.238
0.325
0.266
0.288
0.242
0.305
0.223
0.246
0.358
0.383
0.363
0.282
0.372
0.278
0.286
0.283
0.349
0.265
0.261
0.352
0.244
0.287
0.282
0.232
0.275
0.291
0.258
0.321
0.262
0.354
0.262
0.271
0.199
0.277
0.264
0.278
0.243
0.234
0.310
0.232
0.335
0.275
0.337
0.277
0.316
0.291
0.326
0.348
0.418
0.301
0.253
0.249
0.274
0.353
0.288
0.259
0.297
0.337
0.237
0.387
0.321
0.269
0.245
0.265
0.253
0.321
0.189
0.264
0.291
0.276
0.302
0.393
0.312
0.275
0.245
0.262
0.260
0.274
0.245
0.243
0.236
0.274
0.240
0.227
0.293
0.214
0.258
0.264
0.263
0.233
0.261
0.377
0.254
0.213
0.246
0.318
0.257
0.322
0.256
0.203
0.225
0.303
0.314
0.329
0.228
0.260
0.236
0.284
0.226
0.383
0.351
0.252
0.278
0.353
0.237
0.257
0.245
0.242
0.294
0.295
0.254
0.303
0.285
0.248
0.241
0.256
0.277
0.274
0.297
0.440
0.216
0.372
0.248
0.357
0.241
0.233
0.385
0.237
0.242
0.354
0.256
0.264
0.256
0.259
0.353
0.291
0.356
0.290
0.239
0.291
0.249
0.214
0.280
0.348
0.300
0.234
0.279
0.302
0.271
0.426
0.307
0.364
0.310
0.278
0.270
0.255
0.238
0.279
0.321
0.317
0.374
0.252
0.325
0.249
0.285
0.386
0.291
0.252
0.237
0.249
0.437
0.295
0.243
0.286
0.261
0.330
0.249
0.243
0.229
0.252
0.267
0.307
0.222
0.265
0.348
0.297
0.290
0.312
0.224
0.270
0.374
0.359
0.308
0.275
0.247
0.295
0.234
0.258
0.267
0.256
0.270
0.249
0.301
0.308
0.332
0.296
0.338
0.287
0.211
0.248
0.297
0.305
0.286
0.261
0.285
0.273
0.275
0.411
0.306
0.352
0.273
0.320
0.286
0.303
0.368
0.357
0.224
0.261
0.242
0.287
0.299
0.251
0.251
0.276
0.345
0.289
0.267
0.260
0.239
0.251
0.364
0.249
0.286
0.405
0.263
0.220
0.274
0.254
0.294
0.293
0.214
0.246
0.296
0.574
0.242
0.237
0.259
0.273
0.287
0.296
0.236
0.236
0.286
0.297
0.310
0.260
0.306
0.263
0.250
0.256
0.284
0.303
0.317
0.373
0.292
0.280
0.270
0.242
0.345
0.256
0.270
0.311
0.334
0.364
0.288
0.293
0.240
0.276
0.360
0.324
0.223
0.333
0.348
0.300
0.217
0.211
0.321
0.297
0.200
0.218
0.291
0.357
0.321
0.302
0.294
0.382
0.306
0.314
0.215
0.295
0.334
0.271
0.258
0.275
0.290
0.281
0.351
0.296
0.379
0.299
0.324
0.266
0.264
0.354
0.269
0.267
0.283
0.310
0.274
0.304
0.242
0.283
0.352
0.270
0.242
0.272
0.305
0.227
0.316
0.287
0.311
0.285
0.355
0.329
0.279
0.263
0.265
0.279
0.272
0.254
0.235
0.290
0.306
0.233
0.258
0.297
0.275
0.249
0.271
0.295
0.312
0.265
0.247
0.338
0.287
0.241
0.295
0.282
0.314
0.301
0.254
0.286
0.293
0.332
0.360
0.309
0.220
0.260
0.281
0.256
0.212
0.327
0.301
0.274
0.297
0.428
0.258
0.353
0.232
0.239
0.256
0.238
0.273
0.303
0.284
0.225
0.282
0.229
0.234
0.296
0.264
0.260
0.294
0.334
0.232
0.277
0.293
0.245
0.300
0.280
0.279
0.292
0.235
0.324
0.251
0.292
0.255
0.278
0.245
0.289
0.338
0.313
0.309
0.232
0.301
0.350
0.431
0.349
0.303
0.297
0.217
0.273
0.290
0.221
0.367
0.304
0.445
0.260
0.251
0.263
0.267
0.299
0.273
0.202
0.250
0.218
0.325
0.249
0.347
0.235
0.300
0.317
0.236
0.282
0.391
0.318
0.286
0.446
0.323
0.309
0.263
0.223
0.302
0.195
0.330
0.273
0.277
0.229
0.303
0.279
0.279
0.260
0.246
0.338
0.372
0.244
0.259
0.299
0.256
0.258
0.278
0.212
0.272
0.339
0.273
0.249
0.304
0.305
0.357
0.335
0.238
0.280
0.341
0.297
0.351
0.364
0.254
0.261
0.251
0.278
0.273
0.306
0.231
0.387
0.256
0.244
0.274
0.339
0.244
0.278
0.295
0.279
0.312
0.389
0.269
0.291
0.247
0.242
0.328
0.230
0.249
0.413
0.282
0.330
0.278
0.327
0.264
0.206
0.273
0.340
0.348
0.247
0.285
0.267
0.265
0.351
0.318
0.287
0.331
0.285
0.305
0.325
0.250
0.286
0.271
0.222
0.197
0.409
0.280
0.253
0.261
0.350
0.404
0.392
0.261
0.230
0.258
0.333
0.339
0.268
0.277
0.204
0.349
0.313
0.339
0.266
0.445
0.246
0.261
0.292
0.279
0.282
0.251
0.247
0.254
0.287
0.245
0.277
0.233
0.253
0.275
0.305
0.250
0.344
0.240
0.254
0.305
0.291
0.244
0.386
0.235
0.301
0.268
0.286
0.244
0.256
0.337
0.254
0.368
0.279
0.296
0.349
0.265
0.336
0.228
0.320
0.471
0.273
0.268
0.280
0.252
0.317
0.310
0.245
0.273
0.299
0.315
0.311
0.309
0.286
0.294
0.281
0.245
0.233
0.267
0.280
0.267
0.336
0.262
0.287
0.271
0.223
0.266
0.243
0.337
0.289
0.260
0.254
0.329
0.251
0.403
0.383
0.280
0.287
0.296
0.343
0.346
0.285
0.249
0.302
0.250
0.231
0.450
0.300
0.319
0.291
0.325
0.325
0.239
0.316
0.245
0.399
0.388
0.286
0.256
0.332
0.254
0.234
0.312
0.271
0.246
0.337
0.257
0.692
0.250
0.249
0.415
0.238
0.289
0.241
0.251
0.230
0.273
0.246
0.236
0.286
0.264
0.302
0.289
0.258
0.282
0.306
0.286
0.244
0.334
0.285
0.280
0.250
0.288
0.279
0.314
0.264
0.227
0.262
0.291
0.280
0.365
0.261
0.251
0.313
0.310
0.304
0.308
0.301
0.269
0.273
0.271
0.241
0.242
0.323
0.262
0.325
0.242
0.266
0.255
0.297
0.331
0.245
0.296
0.353
0.265
0.325
0.250
0.299
0.241
0.315
0.263
0.267
0.359
0.255
0.261
0.262
0.251
0.308
0.289
0.245
0.280
0.274
0.269
0.254
0.325
0.274
0.263
0.329
0.318
0.234
0.306
0.253
0.314
0.298
0.237
0.243
0.251
0.301
0.339
0.229
0.303
0.345
0.304
0.265
0.258
0.332
0.272
0.244
0.224
0.284
0.266
0.275
0.211
0.246
0.293
0.261
0.306
0.262
0.260
0.228
0.348
0.303
0.246
0.235
0.293
0.336
0.313
0.360
0.262
0.301
0.244
0.225
0.212
0.249
0.352
0.249
0.342
0.286
0.214
0.244
0.332
0.268
0.271
0.258
0.267
0.210
0.311
0.234
0.248
0.261
0.332
0.263
0.291
0.283
0.281
0.247
0.263
0.270
0.308
0.285
0.198
0.257
0.267
0.313
0.285
0.265
0.301
0.241
0.294
0.363
0.270
0.311
0.245
0.303
0.298
0.220
0.283
0.287
0.324
0.274
0.371
0.293
0.302
0.234
0.277
0.318
0.303
0.259
0.287
0.250
0.263
0.259
0.307
0.376
0.237
0.303
0.345
0.227
0.284
0.295
0.244
0.316
0.261
0.390
0.243
0.293
0.219
0.256
0.276
0.257
0.266
0.259
0.283
0.373
0.243
0.225
0.290
0.249
0.233
0.246
0.238
0.320
0.274
0.295
0.265
0.242
0.267
0.253
0.237
0.222
0.331
0.331
0.307
0.312
0.236
0.371
0.284
0.346
0.217
0.220
0.283
0.224
0.286
0.272
0.372
0.335
0.273
0.255
0.300
0.231
0.267
0.248
0.247
0.249
0.292
0.308
0.240
0.305
0.262
0.218
0.303
0.246
0.264
0.280
0.302
0.300
0.238
0.340
0.242
0.256
0.316
0.312
0.261
0.263
0.271
0.304
0.290
0.225
0.241
0.223
0.281
0.186
0.311
0.256
0.327
0.272
0.221
0.184
0.456
0.270
0.333
0.280
0.264
0.294
0.304
0.321
0.183
0.249
0.366
0.257
0.335
0.308
0.245
0.368
0.296
0.272
0.224
0.274
0.361
0.278
0.305
0.340
0.216
0.294
0.233
0.317
0.275
0.277
0.254
0.327
0.215
0.268
0.323
0.206
0.309
0.351
0.253
0.273
0.295
0.327
0.310
0.296
0.248
0.248
0.253
0.287
0.270
0.313
0.288
0.298
0.283
0.271
0.300
0.247
0.235
0.305
0.306
0.368
0.305
0.274
0.304
0.315
0.379
0.200
0.258
0.237
0.212
0.309
0.246
0.265
0.247
0.241
0.295
0.218
0.368
0.246
0.240
0.365
0.261
0.267
0.389
0.296
0.308
0.241
0.241
0.312
0.279
0.230
0.259
0.250
0.257
0.352
0.286
0.293
0.431
0.274
0.253
0.257
0.297
0.297
0.295
0.424
0.244
0.314
0.227
0.268
0.262
0.274
0.361
0.228
0.248
0.235
0.279
0.251
0.347
0.254
0.272
0.282
0.210
0.280
0.394
0.236
0.253
0.318
0.286
0.240
0.257
0.286
0.265
0.267
0.262
0.248
0.217
0.254
0.341
0.261
0.240
0.233
0.283
0.274
0.264
0.274
0.266
0.312
0.240
0.247
0.278
0.284
0.297
0.230
0.370
0.236
0.307
0.277
0.303
0.309
0.219
0.292
0.458
0.291
0.382
0.269
0.257
0.249
0.298
0.233
0.281
0.229
0.276
0.339
0.283
0.313
0.320
0.280
0.317
0.268
0.231
0.404
0.234
0.250
0.261
0.281
0.282
0.367
0.271
0.243
0.251
0.273
0.271
0.234
0.238
0.250
0.245
0.319
0.322
0.345
0.342
0.257
0.237
0.335
0.308
0.249
0.209
0.221
0.257
0.224
0.286
0.268
0.281
0.250
0.270
0.242
0.253
0.284
0.242
0.327
0.288
0.245
0.272
0.312
0.259
0.233
0.218
0.311
0.294
0.318
0.212
0.258
0.242
0.289
0.380
0.330
0.232
0.237
0.346
0.268
0.276
0.407
0.230
0.320
0.276
0.372
0.232
0.243
0.290
0.285
0.227
0.316
0.307
0.273
0.280
0.303
0.225
0.320
0.221
0.395
0.274
0.280
0.273
0.259
0.266
0.228
0.345
0.291
0.264
0.245
0.343
0.305
0.312
0.339
0.207
0.199
0.280
0.242
0.246
0.300
0.361
0.260
0.249
0.241
0.248
0.217
0.238
0.300
0.199
0.299
0.236
0.328
0.315
0.239
0.327
0.231
0.281
0.247
0.291
0.224
0.250
0.268
0.339
0.270
0.229
0.240
0.311
0.230
0.243
0.261
0.231
0.269
0.306
0.254
0.299
0.301
0.233
0.249
0.313
0.262
0.365
0.291
0.223
0.285
0.241
0.265
0.177
0.392
0.295
0.237
0.306
0.246
0.326
0.232
0.248
0.322
0.262
0.264
0.251
0.295
0.357
0.270
0.356
0.259
0.276
0.242
0.333
0.284
0.260
0.258
0.248
0.346
0.211
0.257
0.243
0.236
0.398
0.277
0.206
0.256
0.294
0.322
0.332
0.226
0.305
0.290
0.333
0.324
0.243
0.230
0.320
0.280
0.328
0.276
0.219
0.269
0.240
0.240
0.272
0.263
0.377
0.301
0.286
0.231
0.502
0.220
0.286
0.203
0.273
0.244
0.289
0.409
0.199
0.299
0.326
0.246
0.189
0.227
0.282
0.282
0.241
0.322
0.357
0.297
0.235
0.240
0.387
0.273
0.287
0.248
0.315
0.278
0.230
0.269
0.274
0.360
0.271
0.287
0.216
0.194
0.242
0.203
0.357
0.243
0.264
0.313
0.279
0.299
0.218
0.260
0.296
0.278
0.248
0.295
0.274
0.414
0.292
0.325
0.294
0.240
0.321
0.261
0.332
0.234
0.278
0.323
0.268
0.433
0.273
0.311
0.237
0.281
0.211
0.224
0.223
0.235
0.282
0.325
0.361
0.244
0.290
0.263
0.300
0.240
0.254
0.269
0.306
0.285
0.227
0.355
0.304
0.273
0.249
0.254
0.258
0.218
0.232
0.229
0.313
0.236
0.290
0.351
0.307
0.274
0.306
0.241
0.267
0.262
0.312
0.235
0.254
0.246
0.400
0.325
0.226
0.377
0.273
0.288
0.370
0.249
0.281
0.363
0.328
0.232
0.232
0.265
0.398
0.254
0.335
0.307
0.273
0.231
0.239
0.262
0.396
0.318
0.253
0.268
0.397
0.258
0.324
0.232
0.279
0.348
0.388
0.317
0.257
0.301
0.324
0.316
0.336
0.350
0.258
0.292
0.264
0.267
0.269
0.305
0.301
0.259
0.231
0.217
0.370
0.297
0.239
0.278
0.321
0.225
0.303
0.271
0.293
0.350
0.290
0.221
0.321
0.271
0.263
0.287
0.260
0.235
0.210
0.302
0.256
0.225
0.233
0.278
0.294
0.271
0.224
0.339
0.244
0.260
0.259
0.226
0.290
0.276
0.235
0.243
0.380
0.254
0.270
0.283
0.215
0.315
0.249
0.290
0.265
0.400
0.283
0.275
0.320
0.382
0.261
0.250
0.286
0.422
0.294
0.281
0.254
0.228
0.255
0.234
0.297
0.306
0.226
0.331
0.263
0.225
0.227
0.238
0.300
0.269
0.248
0.257
0.189
0.277
0.345
0.317
0.235
0.269
0.329
0.313
0.370
0.239
0.295
0.305
0.194
0.247
0.300
0.262
0.254
0.265
0.275
0.268
0.326
0.304
0.298
0.220
0.247
0.313
0.289
0.307
0.192
0.312
0.234
0.260
0.272
0.240
0.341
0.317
0.240
0.258
0.222
0.230
0.314
0.213
0.309
0.277
0.267
0.269
0.233
0.287
0.237
0.243
0.234
0.266
0.274
0.220
0.255
0.304
0.326
0.218
0.383
0.359
0.320
0.238
0.310
0.232
0.247
0.367
0.265
0.279
0.347
0.427
0.281
0.296
0.290
0.311
0.332
0.268
0.242
0.346
0.304
0.388
0.306
0.343
0.328
0.277
0.361
0.293
0.234
0.234
0.252
0.269
0.218
0.342
0.243
0.322
0.210
0.258
0.397
0.286
0.225
0.295
0.204
0.294
0.316
0.283
0.219
0.333
0.442
0.229
0.274
0.260
0.242
0.258
0.335
0.245
0.255
0.251
0.209
0.272
0.197
0.391
0.206
0.269
0.256
0.243
0.348
0.219
0.233
0.257
0.289
0.245
0.263
0.305
0.404
0.283
0.221
0.275
0.235
0.293
0.312
0.290
0.310
0.277
0.217
0.310
0.266
0.275
0.297
0.341
0.248
0.221
0.235
0.275
0.293
0.370
0.248
0.241
0.295
0.241
0.344
0.230
0.275
0.234
0.249
0.382
0.291
0.306
0.275
0.283
0.351
0.266
0.280
0.224
0.221
0.234
0.259
0.351
0.213
0.352
0.277
0.239
0.307
0.327
0.311
0.236
0.213
0.267
0.205
0.301
0.289
0.288
0.318
0.244
0.253
0.259
0.282
0.460
0.310
0.300
0.303
0.260
0.225
0.268
0.318
0.341
0.252
0.360
0.225
0.284
0.281
0.321
0.383
0.232
0.254
0.238
0.275
0.237
0.253
0.236
0.258
0.229
0.370
0.272
0.251
0.234
0.243
0.353
0.276
0.317
0.290
0.243
0.201
0.234
0.269
0.378
0.264
0.245
0.353
0.289
0.291
0.293
0.286
0.284
0.273
0.393
0.268
0.297
0.253
0.317
0.248
0.319
0.317
0.270
0.272
0.260
0.269
0.215
0.235
0.264
0.255
0.334
0.254
0.219
0.241
0.247
0.337
0.270
0.224
0.276
0.245
0.187
0.296
0.420
0.308
0.265
0.332
0.283
0.263
0.449
0.303
0.275
0.328
0.198
0.271
0.304
0.442
0.274
0.323
0.236
0.231
0.415
0.278
0.329
0.252
0.294
0.256
0.275
0.234
0.194
0.341
0.326
0.297
0.270
0.325
0.419
0.261
0.200
0.361
0.250
0.293
0.251
0.266
0.257
0.246
0.310
0.327
0.233
0.253
0.249
0.328
0.210
0.268
0.399
0.295
0.394
0.390
0.249
0.216
0.317
0.278
0.300
0.340
0.225
0.238
0.220
0.205
0.268
0.217
0.293
0.260
0.243
0.236
0.253
0.288
0.232
0.284
0.238
0.230
0.338
0.293
0.345
0.336
0.236
0.324
0.237
0.342
0.321
0.242
0.350
0.267
0.226
0.245
0.307
0.320
0.225
0.310
0.255
0.304
0.218
0.284
0.355
0.261
0.216
0.335
0.228
0.281
0.287
0.256
0.294
0.339
0.326
0.244
0.281
0.239
0.265
0.226
0.433
0.309
0.237
0.234
0.413
0.473
0.327
0.405
0.238
0.302
0.233
0.268
0.293
0.250
0.319
0.239
0.369
0.471
0.326
0.280
0.290
0.226
0.299
0.292
0.279
0.276
0.371
0.264
0.352
0.249
0.275
0.257
0.336
0.255
0.240
0.238
0.335
0.391
0.225
0.308
0.254
0.306
0.309
0.271
0.229
0.235
0.252
0.321
0.278
0.279
0.275
0.270
0.328
0.235
0.385
0.292
0.196
0.228
0.250
0.257
0.269
0.247
0.253
0.363
0.299
0.280
0.235
0.290
0.229
0.217
0.377
0.248
0.268
0.257
0.240
0.303
0.298
0.242
0.291
0.292
0.246
0.304
0.170
0.229
0.230
0.229
0.230
0.302
0.270
0.220
0.225
0.222
0.238
0.350
0.314
0.243
0.302
0.343
0.253
0.213
0.260
0.339
0.240
0.234
0.279
0.271
0.316
0.193
0.312
0.299
0.463
0.311
0.227
0.285
0.240
0.313
0.221
0.322
0.282
0.230
0.257
0.423
0.295
0.315
0.341
0.216
0.274
0.331
0.251
0.284
0.285
0.245
0.323
0.260
0.279
0.284
0.316
0.264
0.277
0.278
0.245
0.267
0.247
0.244
0.245
0.327
0.291
0.227
0.289
0.356
0.309
0.295
0.235
0.295
0.225
0.214
0.213
0.297
0.272
0.296
0.265
0.254
0.247
0.201
0.194
0.367
0.229
0.246
0.244
0.319
0.283
0.217
0.233
0.321
0.259
0.263
0.247
0.359
0.320
0.310
0.335
0.252
0.395
0.322
0.285
0.345
0.285
0.322
0.281
0.234
0.228
0.345
0.378
0.274
0.287
0.320
0.224
0.251
0.308
0.318
0.475
0.273
0.259
0.220
0.314
0.200
0.302
0.474
0.225
0.341
0.226
0.239
0.259
0.197
0.244
0.352
0.233
0.230
0.277
0.417
0.294
0.244
0.316
0.266
0.279
0.352
0.241
0.298
0.322
0.264
0.236
0.260
0.240
0.276
0.300
0.214
0.344
0.479
0.377
0.283
0.251
0.249
0.243
0.290
0.229
0.227
0.345
0.251
0.224
0.371
0.225
0.253
0.293
0.280
0.250
0.247
0.220
0.302
0.303
0.260
0.304
0.288
0.239
0.309
0.258
0.269
0.322
0.331
0.265
0.277
0.352
0.293
0.276
0.244
0.289
0.223
0.279
0.312
0.252
0.230
0.324
0.247
0.201
0.296
0.304
0.271
0.234
0.280
0.246
0.253
0.276
0.260
0.299
0.278
0.272
0.231
0.381
0.233
0.332
0.271
0.245
0.304
0.219
0.405
0.376
0.243
0.226
0.312
0.284
0.364
0.290
0.292
0.267
0.257
0.238
0.384
0.297
0.302
0.249
0.284
0.264
0.291
0.242
0.285
0.294
0.258
0.268
0.236
0.249
0.237
0.275
0.223
0.249
0.265
0.309
0.319
0.270
0.449
0.277
0.243
0.272
0.347
0.278
0.263
0.283
0.231
0.267
0.236
0.226
0.194
0.214
0.234
0.214
0.274
0.229
0.259
0.308
0.259
0.226
0.315
0.284
0.233
0.220
0.261
0.276
0.189
0.313
0.237
0.337
0.271
0.275
0.287
0.264
0.259
0.286
0.284
0.292
0.299
0.336
0.303
0.242
0.209
0.351
0.362
0.401
0.199
0.313
0.225
0.274
0.254
0.226
0.229
0.396
0.265
0.315
0.323
0.260
0.266
0.315
0.237
0.325
0.237
0.223
0.239
0.353
0.252
0.413
0.308
0.320
0.265
0.226
0.220
0.256
0.314
0.265
0.234
0.245
0.268
0.220
0.269
0.277
0.224
0.316
0.344
0.245
0.215
0.373
0.217
0.293
0.326
0.270
0.225
0.268
0.317
0.202
0.262
0.245
0.280
0.290
0.280
0.267
0.244
0.218
0.262
0.269
0.226
0.299
0.325
0.437
0.277
0.293
0.252
0.279
0.315
0.235
0.278
0.280
0.241
0.250
0.284
0.231
0.250
0.245
0.261
0.260
0.261
0.233
0.252
0.261
0.285
0.230
0.267
0.241
0.316
0.272
0.264
0.248
0.293
0.256
0.400
0.372
0.347
0.221
0.310
0.288
0.316
0.298
0.331
0.292
0.222
0.375
0.343
0.290
0.321
0.313
0.288
0.339
0.266
0.246
0.253
0.303
0.295
0.241
0.231
0.232
0.288
0.227
0.261
0.246
0.305
0.304
0.272
0.286
0.266
0.198
0.288
0.251
0.276
0.247
0.221
0.261
0.258
0.313
0.244
0.205
0.228
0.273
0.243
0.207
0.230
0.338
0.248
0.212
0.280
0.343
0.323
0.258
0.283
0.287
0.331
0.254
0.261
0.216
0.319
0.276
0.245
0.203
0.259
0.218
0.257
0.280
0.240
0.284
0.269
0.268
0.247
0.209
0.437
0.284
0.265
0.198
0.246
0.274
0.220
0.277
0.292
0.260
0.268
0.277
0.321
0.225
0.298
0.281
0.256
0.222
0.323
0.212
0.336
0.264
0.343
0.304
0.273
0.282
0.286
0.273
0.254
0.272
0.229
0.296
0.385
0.332
0.254
0.279
0.263
0.268
0.299
0.325
0.257
0.192
0.337
0.314
0.245
0.245
0.257
0.249
0.371
0.294
0.265
0.266
0.252
0.306
0.278
0.255
0.450
0.248
0.271
0.261
0.263
0.307
0.251
0.317
0.561
0.272
0.253
0.207
0.453
0.232
0.268
0.293
0.335
0.238
0.222
0.273
0.438
0.193
0.299
0.244
0.224
0.244
0.316
0.329
0.254
0.267
0.258
0.252
0.300
0.222
0.354
0.269
0.315
0.351
0.291
0.227
0.278
0.219
0.466
0.282
0.329
0.242
0.294
0.307
0.289
0.343
0.294
0.240
0.339
0.210
0.286
0.236
0.267
0.264
0.238
0.279
0.305
0.277
0.301
0.290
0.250
0.255
0.222
0.252
0.262
0.284
0.299
0.470
0.325
0.292
0.289
0.286
0.266
0.281
0.227
0.289
0.212
0.276
0.232
0.234
0.241
0.289
0.338
0.283
0.246
0.234
0.265
0.265
0.290
0.336
0.322
0.383
0.247
0.304
0.301
0.394
0.223
0.242
0.342
0.252
0.247
0.295
0.272
0.269
0.300
0.249
0.334
0.308
0.262
0.326
0.370
0.281
0.300
0.259
0.216
0.193
0.308
0.284
0.286
0.298
0.224
0.269
0.412
0.276
0.212
0.243
0.277
0.295
0.272
0.265
0.269
0.259
0.259
0.356
0.351
0.310
0.287
0.253
0.189
0.373
0.239
0.305
0.211
0.234
0.267
0.245
0.275
0.433
0.318
0.228
0.253
0.227
0.252
0.261
0.331
0.252
0.570
0.302
0.225
0.237
0.241
0.324
0.266
0.213
0.258
0.215
0.236
0.284
0.253
0.242
0.295
0.242
0.260
0.277
0.307
0.236
0.300
0.246
0.291
0.254
0.230
0.321
0.244
0.297
0.242
0.458
0.248
0.357
0.338
0.259
0.320
0.312
0.288
0.236
0.321
0.263
0.210
0.253
0.262
0.238
0.298
0.216
0.281
0.271
0.324
0.318
0.261
0.310
0.255
0.326
0.334
0.368
0.249
0.246
0.260
0.231
0.322
0.296
0.320
0.260
0.268
0.232
0.231
0.260
0.314
0.245
0.214
0.249
0.304
0.225
0.270
0.246
0.303
0.280
0.245
0.279
0.265
0.248
0.322
0.278
0.236
0.298
0.275
0.328
0.235
0.285
0.317
0.250
0.272
0.242
0.405
0.228
0.288
0.262
0.208
0.243
0.262
0.312
0.235
0.261
0.241
0.303
0.251
0.235
0.287
0.373
0.291
0.298
0.277
0.208
0.283
0.280
0.248
0.288
0.247
0.407
0.300
0.271
0.334
0.372
0.338
0.261
0.300
0.274
0.248
0.344
0.270
0.333
0.279
0.237
0.211
0.286
0.240
0.352
0.228
0.260
0.249
0.298
0.233
0.236
0.294
0.340
0.234
0.265
0.240
0.284
0.260
0.277
0.253
0.203
0.336
0.292
0.319
0.271
0.238
0.276
0.247
0.275
0.297
0.255
0.260
0.258
0.314
0.253
0.368
0.300
0.270
0.197
0.277
0.370
0.231
0.331
0.262
0.238
0.308
0.267
0.331
0.237
0.255
0.275
0.435
0.219
0.306
0.352
0.412
0.249
0.328
0.276
0.259
0.302
0.332
0.323
0.361
0.244
0.257
0.236
0.292
0.277
0.309
0.408
0.358
0.271
0.207
0.266
0.290
0.296
0.244
0.282
0.322
0.224
0.299
0.198
0.240
0.250
0.228
0.239
0.307
0.283
0.216
0.354
0.290
0.296
0.251
0.210
0.291
0.187
0.248
0.339
0.235
0.234
0.253
0.203
0.288
0.271
0.280
0.260
0.293
0.267
0.337
0.332
0.344
0.248
0.305
0.230
0.253
0.213
0.270
0.258
0.292
0.310
0.284
0.302
0.272
0.310
0.240
0.300
0.262
0.278
0.308
0.242
0.276
0.214
0.324
0.207
0.285
0.238
0.248
0.233
0.315
0.362
0.272
0.213
0.352
0.243
0.231
0.225
0.257
0.225
0.315
0.354
0.207
0.269
0.337
0.272
0.242
0.257
0.301
0.290
0.271
0.299
0.262
0.264
0.252
0.262
0.230
0.247
0.295
0.332
0.271
0.310
0.371
0.447
0.257
0.232
0.313
0.231
0.263
0.315
0.281
0.239
0.300
0.231
0.247
0.296
0.238
0.256
0.258
0.270
0.262
0.280
0.264
0.249
0.275
0.246
0.372
0.266
0.253
0.248
0.290
0.313
0.311
0.261
0.249
0.227
0.278
0.343
0.261
0.230
0.328
0.242
0.317
0.301
0.236
0.283
0.262
0.241
0.273
0.319
0.259
0.310
0.264
0.297
0.314
0.267
0.219
0.196
0.282
0.251
0.231
0.357
0.258
0.233
0.280
0.208
0.220
0.206
0.400
0.244
0.260
0.370
0.352
0.333
0.315
0.283
0.291
0.256
0.312
0.342
0.277
0.338
0.238
0.259
0.343
0.257
0.237
0.282
0.251
0.252
0.280
0.236
0.264
0.471
0.292
0.294
0.314
0.330
0.232
0.257
0.258
0.273
0.269
0.244
0.241
0.262
0.357
0.267
0.246
0.217
0.307
0.282
0.210
0.271
0.309
0.329
0.257
0.217
0.200
0.219
0.245
0.270
0.257
0.270
0.211
0.294
0.281
0.246
425.874
0.295
0.314
0.303
0.293
0.309
0.270
0.252
0.239
0.271
0.253
0.209
0.281
0.233
0.264
0.255
0.234
0.259
0.360
0.228
0.199
0.260
0.207
0.241
0.256
0.291
0.352
0.295
0.287
0.299
0.218
0.264
0.315
0.266
0.244
0.266
0.330
0.233
0.272
0.269
0.254
0.255
0.251
0.235
0.293
0.228
0.260
0.351
0.409
0.298
0.322
0.258
0.250
0.275
0.232
0.252
0.273
0.294
0.302
0.273
0.237
0.290
0.214
0.251
0.252
0.274
0.323
0.303
0.236
0.267
0.261
0.387
0.235
0.286
0.219
0.317
0.331
0.288
0.250
0.254
0.215
0.315
0.226
0.395
0.266
0.337
0.271
0.299
0.262
0.292
0.238
0.230
0.316
0.209
0.273
0.368
0.234
0.320
0.287
0.360
0.276
0.239
0.316
0.308
0.294
0.297
0.264
0.221
0.307
0.221
0.341
0.271
0.204
0.240
0.272
0.254
0.302
0.306
0.270
0.239
0.257
0.369
0.258
0.277
0.331
0.275
0.430
0.244
0.266
0.266
0.266
0.301
0.256
0.262
0.280
0.329
0.339
0.332
0.320
0.258
0.260
0.230
0.338
0.246
0.209
0.285
0.266
0.297
0.425
0.297
0.338
0.266
0.316
0.265
0.229
0.284
0.262
0.212
0.360
0.297
0.288
0.239
0.264
0.296
0.313
0.249
0.207
0.299
0.245
0.230
0.338
0.247
0.244
0.320
0.223
0.314
0.326
0.235
0.255
0.281
0.301
0.222
0.233
0.246
0.334
0.266
0.257
0.361
0.313
0.210
0.212
0.279
0.217
0.341
0.280
0.321
0.243
0.257
0.224
0.317
0.227
0.379
0.252
0.278
0.401
0.230
0.222
0.295
0.326
0.242
0.237
0.294
0.281
0.259
0.226
0.323
0.255
0.204
0.361
0.291
0.308
0.297
0.276
0.300
0.229
0.237
0.300
0.275
0.240
0.214
0.255
0.332
0.252
0.235
0.241
0.218
0.251
0.281
0.277
0.276
0.291
0.282
0.362
0.259
0.227
0.275
0.296
0.263
0.263
0.510
0.222
0.232
0.408
0.235
0.277
0.240
0.263
0.245
0.221
0.260
0.287
0.313
0.249
0.246
0.280
0.271
0.300
0.237
0.246
0.297
0.237
0.285
0.219
0.298
0.225
0.233
0.311
0.268
0.273
0.257
0.306
0.225
0.332
0.270
0.245
0.266
0.271
0.298
0.255
0.347
0.334
0.326
0.256
0.211
0.311
0.282
0.243
0.285
0.285
0.294
0.245
0.277
0.237
0.259
0.274
0.410
0.357
0.347
0.271
0.281
0.209
0.248
0.273
0.281
0.235
0.225
0.283
0.269
0.368
0.193
0.237
0.336
0.267
0.222
0.237
0.261
0.291
0.207
441.140
0.272
0.233
0.296
0.214
0.197
0.327
0.263
0.243
0.271
0.260
0.295
0.212
0.293
0.218
0.322
0.249
0.286
0.241
0.251
0.293
0.227
0.243
0.330
0.296
0.261
0.323
0.246
0.263
0.221
0.345
0.259
0.230
0.343
0.232
0.297
0.227
0.237
0.237
0.240
0.290
0.262
0.248
0.301
0.323
0.258
0.281
0.281
0.227
0.300
0.196
0.261
0.247
0.244
0.268
0.224
0.417
0.315
0.215
0.306
0.223
0.282
0.263
0.355
0.280
0.252
0.250
0.257
0.271
0.295
0.481
0.460
0.263
0.321
0.357
0.323
0.273
0.255
0.227
0.245
0.282
0.352
0.258
0.274
0.343
0.230
0.333
0.360
0.268
0.251
0.296
0.329
0.279
0.233
0.244
0.238
0.310
0.308
0.295
0.378
0.278
0.241
0.362
0.253
0.210
0.266
0.314
0.434
0.210
0.348
0.255
0.220
0.326
0.279
0.198
0.275
0.226
0.220
0.286
0.250
0.228
0.256
0.225
0.283
0.334
0.240
0.258
0.439
0.334
0.241
0.228
0.301
0.315
0.266
0.236
0.276
0.230
0.287
0.321
0.280
0.289
0.305
0.309
0.351
0.232
0.401
0.323
0.240
0.313
0.270
0.347
0.275
0.271
0.278
0.535
0.227
0.259
0.242
0.263
0.227
0.264
0.280
0.260
0.280
0.281
0.317
0.319
0.244
0.311
0.463
0.283
0.245
0.299
0.263
0.182
0.235
0.339
0.290
0.242
0.246
0.321
0.261
0.274
0.309
0.342
0.253
0.292
0.284
0.241
0.258
0.370
0.269
0.237
0.271
0.358
0.252
0.216
0.228
0.328
0.263
0.432
0.276
0.194
0.249
0.306
0.281
0.242
0.277
0.266
0.280
0.272
0.279
0.182
0.283
0.262
0.228
0.276
0.298
0.269
0.260
0.268
0.328
0.275
0.278
0.297
0.204
0.264
0.230
0.317
0.272
0.329
0.283
0.244
0.296
0.276
0.227
0.198
0.278
0.384
0.316
0.295
0.285
0.280
0.214
0.318
0.287
0.315
0.205
0.276
0.273
0.327
0.263
0.266
0.260
0.244
0.279
0.241
0.236
0.282
0.256
0.306
0.208
0.256
0.330
0.213
0.247
0.243
0.393
0.393
0.358
0.258
0.286
0.275
0.212
0.335
0.281
0.270
0.284
0.240
0.415
0.240
0.222
0.244
0.336
0.281
0.255
0.226
0.287
0.244
0.291
0.286
0.269
0.274
0.225
0.304
0.647
0.286
0.283
0.282
0.229
0.233
0.270
0.219
0.234
0.227
0.249
0.259
0.333
0.240
0.199
0.360
0.241
0.335
0.262
0.271
0.560
0.267
0.404
0.261
0.297
0.236
0.234
0.436
0.234
0.255
0.214
0.259
0.245
0.471
0.312
0.313
0.261
0.334
0.294
0.304
0.310
0.231
0.331
0.291
0.285
0.414
0.273
0.309
0.246
0.269
0.214
0.339
0.264
0.287
0.258
0.241
0.216
0.272
0.249
0.335
0.259
0.254
0.190
0.268
0.206
0.338
0.235
0.452
0.264
0.347
0.259
0.245
0.264
0.301
0.255
0.294
0.363
0.339
0.380
0.210
0.267
0.266
0.265
0.265
0.304
0.345
0.267
0.277
0.284
0.259
0.382
0.311
0.218
0.255
0.272
0.278
0.257
0.336
0.242
0.429
0.230
0.268
0.330
0.266
0.341
0.281
0.293
0.230
0.303
0.390
0.246
0.319
0.295
0.239
0.303
0.307
0.250
0.274
0.277
0.241
0.328
0.224
0.225
0.241
0.240
0.239
0.250
0.329
0.265
0.239
0.256
0.247
0.236
0.277
0.260
0.343
0.315
0.244
0.276
0.200
0.297
0.289
0.283
0.242
0.323
0.241
0.282
0.216
0.309
0.242
0.340
0.308
0.283
0.341
0.301
0.279
0.248
0.329
0.260
0.262
0.284
0.264
0.357
0.240
0.316
0.275
0.284
0.239
0.268
0.249
0.260
0.339
0.266
0.211
0.266
0.353
0.241
0.246
0.257
0.245
0.302
0.238
0.243
0.271
0.253
0.306
0.315
0.271
0.277
0.256
0.255
0.274
0.252
0.275
0.254
0.277
0.217
0.237
0.264
0.271
0.281
0.258
0.262
0.303
0.255
0.320
0.295
0.317
0.304
0.308
0.318
0.293
0.273
0.316
0.309
0.212
0.228
0.263
0.300
0.198
0.265
0.239
0.265
0.237
0.218
0.302
0.332
0.241
0.289
0.323
0.313
0.264
0.334
0.243
0.252
0.341
0.286
0.259
0.324
0.291
0.257
0.247
0.236
0.223
0.258
0.261
0.296
0.300
0.197
0.228
0.279
0.269
0.216
0.279
0.270
0.350
0.366
0.268
0.308
0.258
0.380
0.284
0.230
0.340
0.332
0.274
0.272
0.245
0.226
0.234
0.371
0.239
0.316
0.272
0.277
0.285
0.262
0.286
0.291
0.264
0.299
0.349
0.281
0.292
0.329
0.346
0.280
0.308
0.245
0.325
0.250
0.213
0.248
0.259
0.318
0.251
0.346
0.233
0.273
0.376
0.292
0.259
0.241
0.227
0.382
0.295
0.438
0.280
0.338
0.287
0.316
0.352
0.281
0.285
0.313
0.260
0.203
0.265
0.229
0.255
0.251
0.301
0.413
0.251
0.269
0.288
0.315
0.312
0.248
0.332
0.261
0.238
0.320
0.246
0.279
0.215
0.275
0.240
0.307
0.292
0.219
0.283
0.215
0.278
0.259
0.272
0.252
0.215
0.246
0.287
0.296
0.262
0.243
0.350
0.224
0.309
0.288
0.273
0.235
0.295
0.268
0.233
0.323
0.284
0.258
0.417
0.265
0.246
0.215
0.229
0.238
0.238
0.302
0.381
0.320
0.259
0.342
0.277
0.286
0.333
0.241
0.295
0.327
0.295
0.232
0.236
0.386
0.231
0.303
0.278
0.235
0.332
0.301
0.279
0.298
0.288
0.274
0.236
0.233
0.305
0.249
0.325
0.240
0.293
0.308
0.352
0.270
0.268
0.241
0.182
0.296
0.259
0.202
0.236
0.244
0.277
0.222
0.295
0.260
0.342
0.319
0.214
0.223
0.219
0.259
0.247
0.262
0.342
0.276
0.258
0.238
0.319
0.299
0.238
0.352
0.363
0.298
0.231
0.274
0.358
0.297
0.283
0.277
0.324
0.262
0.275
0.287
0.250
0.391
0.237
0.260
0.273
0.353
0.252
0.370
0.295
0.262
0.229
0.270
0.328
0.218
0.330
0.259
0.219
0.234
0.288
0.284
0.275
0.292
0.311
0.266
0.217
0.239
0.268
0.273
0.291
0.244
0.290
0.218
0.295
0.250
0.256
0.247
0.332
0.309
0.310
0.273
0.310
0.281
0.228
0.252
0.272
0.265
0.285
0.294
0.261
0.379
0.308
0.291
0.389
0.221
0.215
0.340
0.268
0.218
0.222
0.297
0.205
0.315
0.211
0.286
0.233
0.219
0.249
0.270
0.288
0.253
0.296
0.297
0.242
0.266
0.265
0.354
0.233
0.269
0.260
0.297
0.218
0.283
0.241
0.238
0.314
0.308
0.252
0.230
0.297
0.267
0.269
0.314
0.251
0.328
0.239
0.226
0.283
0.321
0.229
0.354
0.323
0.377
0.318
0.238
0.275
0.240
0.220
0.232
0.324
0.238
0.230
0.313
0.239
0.244
0.247
0.283
0.294
0.264
0.275
0.271
0.231
0.226
0.213
0.346
0.216
0.262
0.346
0.342
0.241
0.323
0.257
0.218
0.223
0.304
0.305
0.352
0.210
0.314
0.245
0.276
0.261
0.285
0.171
0.259
0.289
0.270
0.232
0.247
0.308
0.346
0.350
0.307
0.219
0.203
0.289
0.334
0.283
0.308
0.221
0.273
0.229
0.339
0.229
0.410
0.286
0.374
0.321
0.246
0.264
0.308
0.228
0.249
0.327
0.279
0.270
0.232
0.278
0.356
0.270
0.344
0.318
0.258
0.338
0.218
0.317
0.298
0.282
0.292
0.340
0.217
0.215
0.250
0.305
0.340
0.275
0.247
0.232
0.231
0.212
0.268
0.261
0.299
0.260
0.357
0.269
0.254
0.268
0.297
0.320
0.322
0.238
0.254
0.220
0.320
0.249
0.341
0.233
0.332
0.243
0.348
0.263
0.241
0.247
0.384
0.269
0.261
0.250
0.239
0.355
0.282
0.267
0.283
0.302
0.211
0.230
0.242
0.273
0.268
0.251
0.233
0.308
0.287
0.225
0.222
0.297
0.327
0.450
0.275
0.272
0.228
0.246
0.231
0.254
0.338
0.224
0.223
0.214
0.294
0.257
0.293
0.277
0.258
0.215
0.262
0.268
0.307
0.287
0.248
0.296
0.301
0.232
0.221
0.252
0.322
0.248
0.291
0.286
0.282
0.320
0.302
0.278
0.220
0.234
0.258
0.368
0.341
0.318
0.244
0.273
0.255
0.243
0.279
0.234
0.268
0.196
0.305
0.273
0.255
0.255
0.247
0.244
0.326
0.309
0.237
0.267
0.251
0.253
0.252
0.213
0.350
0.299
0.278
0.288
0.269
0.363
0.404
0.221
0.388
0.216
0.250
0.249
0.271
0.233
0.241
0.286
0.268
0.292
0.252
0.290
0.257
0.216
0.247
0.279
0.245
0.251
0.243
0.177
0.383
0.236
0.314
0.232
0.237
0.236
0.251
0.344
0.414
0.246
0.242
0.303
0.196
0.240
0.317
0.306
0.266
0.316
0.254
0.350
0.272
0.283
0.239
0.243
0.238
0.239
0.313
0.302
0.222
0.295
0.358
0.228
0.332
0.248
0.226
0.249
0.290
0.269
0.231
0.229
0.234
0.284
0.286
0.341
0.261
0.273
0.248
0.293
0.298
0.240
0.324
0.253
0.307
0.289
0.230
0.310
0.292
0.329
0.335
0.311
0.256
0.237
0.299
0.301
0.233
0.191
0.323
0.259
0.231
0.221
0.302
0.280
0.261
0.231
0.238
0.236
0.353
0.317
0.287
0.226
0.301
0.249
0.257
0.291
0.289
0.274
0.277
0.261
0.241
0.235
0.243
0.231
0.244
0.302
0.277
0.251
0.261
0.293
0.261
0.288
0.298
0.341
0.280
0.325
0.318
0.330
0.251
0.268
0.276
0.309
0.291
0.276
0.300
0.300
0.303
0.290
0.244
0.226
0.262
0.311
0.354
0.351
0.280
0.288
0.329
0.248
0.278
0.295
0.281
0.297
0.225
0.308
0.278
0.262
0.274
0.301
0.338
0.384
0.283
0.225
0.281
0.309
0.254
0.323
0.247
0.484
0.273
0.245
0.307
0.315
0.242
0.284
0.313
0.303
0.235
0.256
0.253
0.278
0.302
0.221
0.267
0.434
0.283
0.281
0.213
0.334
0.285
0.217
0.244
0.260
0.288
0.334
0.265
0.255
0.379
0.311
0.313
0.282
0.309
0.244
0.314
0.218
0.212
0.286
0.286
0.207
0.300
0.312
0.342
0.268
0.227
0.231
0.305
0.239
0.222
0.220
0.246
0.273
0.325
0.287
0.248
0.264
0.227
0.240
0.274
0.283
0.364
0.283
0.284
0.259
0.222
0.309
0.376
0.264
0.256
0.421
0.269
0.258
0.264
0.284
0.264
0.243
0.215
0.270
0.396
0.305
0.235
0.255
0.357
0.288
0.231
0.301
0.296
0.230
0.205
0.279
0.244
0.285
0.280
0.289
0.277
0.292
0.322
0.247
0.268
0.418
0.281
0.310
0.244
0.206
0.296
0.226
0.422
0.321
0.335
0.321
0.339
0.295
0.316
0.240
0.236
0.240
0.398
0.269
0.299
0.278
0.235
0.248
0.311
0.237
0.290
0.282
0.272
0.324
0.354
0.285
0.291
0.262
0.255
0.315
0.308
0.312
0.300
0.238
0.240
0.212
0.295
0.260
0.298
0.351
0.236
0.279
0.272
0.272
0.402
0.245
0.338
0.321
0.341
0.241
0.249
0.270
0.274
0.239
0.435
0.257
0.254
0.245
0.252
0.390
0.273
0.262
0.236
0.324
0.237
0.240
0.410
0.237
0.239
0.249
0.230
0.251
0.236
0.281
0.229
0.390
0.269
0.239
0.257
0.300
0.217
0.260
0.310
0.290
0.313
0.260
0.468
0.271
0.320
0.224
0.374
0.327
0.230
0.328
0.209
0.236
0.338
0.240
0.254
0.300
0.267
0.247
0.262
0.320
0.291
0.203
0.207
0.278
0.254
0.269
0.244
0.270
0.392
0.226
0.258
0.284
0.224
0.308
0.272
0.205
0.389
0.270
0.238
0.288
0.246
0.310
0.321
0.247
0.267
0.341
0.200
0.365
0.213
0.261
0.272
0.270
0.289
0.233
0.344
0.299
0.293
0.287
0.301
0.305
0.280
0.322
0.224
0.345
0.270
0.239
0.319
0.292
0.280
0.487
0.360
0.390
0.320
0.234
0.271
0.322
0.242
0.316
0.267
0.262
0.269
0.307
0.379
0.269
0.270
0.302
0.219
0.235
0.232
0.268
0.410
0.248
0.240
0.276
0.264
0.268
0.247
0.257
0.228
0.241
0.388
0.240
0.280
0.258
0.257
0.242
0.264
0.225
0.278
0.279
0.310
0.221
0.242
0.439
0.248
0.222
0.224
0.279
0.272
0.495
0.264
0.360
0.345
0.255
0.315
0.316
0.219
0.352
0.302
0.249
0.328
0.280
0.251
0.211
0.348
0.328
0.315
0.244
0.256
0.382
0.351
0.291
0.284
0.287
0.215
0.332
0.246
0.233
0.252
0.267
0.267
0.304
0.286
0.343
0.201
0.309
0.363
0.270
0.230
0.274
0.330
0.214
0.282
0.314
0.329
0.210
0.272
0.338
0.256
0.316
0.229
0.325
0.358
0.306
0.266
0.334
0.263
0.304
0.269
0.224
0.249
0.316
0.209
0.307
0.261
0.291
0.275
0.267
0.310
0.465
0.239
0.229
0.291
0.247
0.263
0.295
0.318
0.185
0.236
0.362
0.228
0.453
0.268
0.231
0.295
0.307
0.258
0.319
0.324
0.236
0.371
0.229
0.354
0.322
0.324
0.267
0.220
0.336
0.284
0.201
0.288
0.314
0.221
0.260
0.233
0.343
0.376
0.324
0.352
0.292
0.348
0.298
0.275
0.234
0.210
0.215
0.241
0.326
0.280
0.370
0.346
0.212
0.278
0.251
0.248
0.249
0.209
0.277
0.274
0.252
0.285
0.280
0.271
0.225
0.255
0.263
0.246
0.276
0.282
0.539
0.348
0.277
0.291
0.262
0.279
0.278
0.327
0.243
0.334
0.223
0.326
0.254
0.268
0.284
0.243
0.247
0.326
0.289
0.270
0.292
0.216
0.286
0.254
0.231
0.305
0.269
0.315
0.219
0.274
0.223
0.227
0.238
0.309
0.223
0.313
0.301
0.295
0.222
0.285
0.258
0.291
0.341
0.292
0.251
0.365
0.283
0.254
0.270
0.276
0.235
0.200
0.227
0.316
0.281
0.333
0.217
0.221
0.278
0.212
0.274
0.241
0.260
0.289
0.227
0.265
0.275
0.238
0.366
0.362
0.232
0.271
0.277
0.375
0.309
0.252
0.277
0.277
0.298
0.245
0.256
0.293
0.372
0.342
0.305
0.275
0.234
0.336
0.374
0.258
0.243
0.301
0.232
0.277
0.230
0.325
0.380
0.201
0.225
0.257
0.399
0.232
0.268
0.247
0.351
0.268
0.240
0.233
0.348
0.239
0.262
0.252
0.299
0.260
0.310
0.291
0.188
0.406
0.338
0.279
0.245
0.278
0.319
0.322
0.394
0.305
0.281
0.237
0.238
0.211
0.210
0.300
0.299
0.261
0.251
0.275
0.299
0.268
0.349
0.232
0.220
0.267
0.361
0.247
0.256
0.249
0.295
0.237
0.306
0.233
0.222
0.308
0.267
0.277
0.289
0.293
0.388
0.265
0.256
0.307
0.283
0.391
0.250
0.290
0.264
0.343
0.240
0.263
0.304
0.237
0.335
0.272
0.269
0.249
0.283
0.302
0.264
0.275
0.358
0.260
0.285
0.234
0.256
0.309
0.263
0.234
0.312
0.296
0.304
0.213
0.241
0.310
0.247
0.283
0.235
0.320
0.227
0.271
0.286
0.240
0.212
0.293
0.289
0.288
0.274
0.279
0.255
0.299
0.268
0.237
0.203
0.350
0.263
0.286
0.330
0.296
0.324
0.265
0.363
0.237
0.277
0.302
0.257
0.268
0.227
0.226
0.256
0.247
0.304
0.233
0.205
0.263
0.251
0.242
0.301
0.332
0.289
0.200
0.274
0.278
0.242
0.222
0.285
0.265
0.280
0.295
0.262
0.288
0.233
0.261
0.216
0.234
0.226
0.266
0.220
0.217
0.215
0.274
0.276
0.238
0.270
0.284
0.254
0.309
0.276
0.316
0.356
0.364
0.329
0.283
0.277
0.332
0.340
0.338
0.282
0.307
0.353
0.337
0.224
0.265
0.253
0.364
0.252
0.349
0.320
0.293
0.347
0.294
0.236
0.301
0.276
0.274
0.273
0.316
0.277
0.308
0.238
0.266
0.288
0.283
0.258
0.240
0.264
0.243
0.248
0.216
0.271
0.259
0.264
0.307
0.232
0.252
0.292
0.277
0.327
0.286
0.293
0.322
0.308
0.218
0.224
0.495
0.264
0.292
0.374
0.272
0.249
0.277
0.312
0.300
0.228
0.340
0.250
0.287
0.274
0.272
0.266
0.250
0.309
0.229
0.296
0.228
0.212
0.357
0.360
0.232
0.252
0.244
0.203
0.274
0.221
0.241
0.280
0.292
0.319
0.262
0.395
0.231
0.209
0.235
0.243
0.266
0.239
0.298
0.248
0.353
0.279
0.310
0.263
0.286
0.303
0.272
0.292
0.228
0.253
0.176
0.293
0.251
0.280
0.223
0.289
0.251
0.276
0.274
0.216
0.215
0.240
0.268
0.235
0.243
0.273
0.233
0.306
0.203
0.247
0.266
0.245
0.253
0.239
0.269
0.309
0.483
0.302
0.301
0.235
0.305
0.287
0.310
0.250
0.223
0.206
0.233
0.277
0.275
0.294
0.257
0.267
0.259
0.255
0.253
0.271
0.317
0.225
0.269
0.285
0.310
0.271
0.229
0.320
0.246
0.251
0.260
0.260
0.211
0.311
0.345
0.326
0.200
0.271
0.372
0.262
0.248
0.239
0.265
0.261
0.209
0.348
0.238
0.269
0.301
0.228
0.280
0.265
0.244
0.214
0.242
0.328
0.276
0.231
0.285
0.246
0.261
0.262
0.239
0.315
0.232
0.236
0.270
0.262
0.359
0.225
0.254
0.274
0.263
0.297
0.360
0.310
0.305
0.256
0.271
0.213
0.262
0.265
0.459
0.253
0.257
0.355
0.258
0.270
0.300
0.405
0.275
0.220
0.258
0.323
0.303
0.243
0.214
0.291
0.230
0.276
0.413
0.304
0.237
0.342
0.246
0.215
0.223
0.277
0.252
0.238
0.212
0.246
0.270
0.277
0.295
0.269
0.314
0.235
0.315
0.206
0.357
0.247
0.276
0.280
0.240
0.285
0.259
0.300
0.285
0.310
0.268
0.312
0.309
0.307
0.294
0.225
0.240
0.270
0.222
0.254
0.270
0.344
0.248
0.222
0.445
0.304
0.211
0.227
0.331
0.245
0.224
0.303
0.262
0.314
0.303
0.291
0.221
0.245
0.232
0.349
0.304
0.280
0.292
0.217
0.259
0.230
0.392
0.229
0.282
0.265
0.372
0.323
0.287
0.234
0.274
0.276
0.284
0.336
0.288
0.235
0.236
0.263
0.222
0.286
0.255
0.270
0.280
0.227
0.243
0.291
0.288
0.332
0.290
0.303
0.229
0.284
0.226
0.236
0.252
0.217
0.255
0.292
0.296
0.337
0.242
0.279
0.244
0.327
0.218
0.238
0.317
0.227
0.370
0.242
0.255
0.204
0.313
0.259
0.237
0.240
0.301
0.259
0.216
0.258
0.287
0.336
0.230
0.245
0.327
0.254
0.262
0.236
0.213
0.313
0.334
0.251
0.246
0.229
0.299
0.232
0.359
0.283
0.293
0.278
0.277
0.301
0.329
0.301
0.364
0.241
0.259
0.226
0.234
0.363
0.229
0.296
0.252
0.212
0.339
0.278
0.287
0.349
0.326
0.262
0.270
0.254
0.361
0.210
0.242
0.372
0.290
0.334
0.215
0.266
0.260
0.261
0.253
0.239
0.299
0.246
0.285
0.212
0.235
0.300
0.280
0.213
0.252
0.264
0.253
0.259
0.248
0.245
0.246
0.225
0.250
0.254
0.217
0.260
0.348
0.248
0.258
0.293
0.257
0.257
0.254
0.245
0.317
0.376
0.253
0.246
0.293
0.266
0.256
0.227
0.236
0.260
0.198
0.253
0.361
0.369
0.268
0.276
0.220
0.262
0.272
0.280
0.234
0.360
0.278
0.234
0.283
0.253
0.252
0.244
0.299
0.278
0.273
0.238
0.370
0.255
0.259
0.250
0.249
0.239
0.263
0.248
0.271
0.265
0.305
0.267
0.326
0.271
0.222
0.221
0.276
0.242
0.190
0.206
0.248
0.252
0.221
0.272
0.314
0.214
0.276
0.283
0.274
0.371
0.226
0.228
0.239
0.320
0.350
0.338
0.307
0.301
0.246
0.247
0.216
0.295
0.281
0.237
0.253
0.369
0.283
0.239
0.226
0.255
0.251
0.279
0.238
0.294
0.256
0.244
0.333
0.264
0.249
0.262
0.258
0.261
0.187
0.300
0.249
0.322
0.316
0.252
0.304
0.252
0.336
0.241
0.356
0.276
0.272
0.298
0.334
0.247
0.257
0.258
0.287
0.224
0.310
0.291
0.305
0.372
0.290
0.231
0.288
0.320
0.415
0.381
0.219
0.292
0.238
0.279
0.248
0.294
0.224
0.227
0.268
0.315
0.214
0.344
0.270
0.245
0.268
0.223
0.238
0.307
0.216
0.237
0.251
0.292
0.307
0.279
0.285
0.293
0.230
0.224
0.292
0.270
0.323
0.223
0.272
0.285
0.344
0.317
0.206
0.228
0.239
0.207
0.275
0.279
0.275
0.368
0.333
0.262
0.241
0.210
0.259
0.210
0.325
0.302
0.318
0.251
0.286
0.296
0.326
0.279
0.316
0.237
0.248
0.281
0.449
0.286
0.227
0.230
0.290
0.272
0.219
0.340
0.233
0.325
0.335
0.242
0.296
0.227
0.317
0.245
0.234
0.273
0.293
0.285
0.226
0.410
0.248
0.225
0.182
0.257
0.209
0.338
0.261
0.241
0.265
0.274
0.230
0.266
0.332
0.290
0.228
0.296
0.230
0.306
0.228
0.272
0.241
0.266
0.253
0.274
0.239
0.277
0.403
0.291
0.274
0.270
0.206
0.277
0.321
0.232
0.239
0.291
0.280
0.352
0.371
0.289
0.182
0.309
0.338
0.222
0.277
0.217
0.276
0.273
0.292
0.251
0.282
0.254
0.233
0.296
0.309
0.220
0.269
0.270
0.263
0.275
0.272
0.271
0.313
0.266
0.240
0.230
0.308
0.281
0.268
0.264
0.197
0.375
0.230
0.284
0.226
0.307
0.265
0.333
0.249
0.329
0.399
0.285
0.319
0.253
0.296
0.339
0.311
0.356
0.254
0.265
0.219
0.275
0.285
0.252
0.297
0.257
0.275
0.269
0.285
0.263
0.291
0.312
0.273
0.244
0.232
0.203
0.320
0.282
0.221
0.242
0.224
0.249
0.274
0.383
0.264
0.310
0.304
0.396
0.225
0.227
0.277
0.299
0.308
0.306
0.329
0.247
0.262
0.251
0.230
0.285
0.269
0.319
0.228
0.243
0.246
0.290
0.260
0.260
0.267
0.196
0.306
0.253
0.259
0.249
0.428
0.231
0.269
0.410
0.288
0.285
0.268
0.244
0.251
0.307
0.233
0.294
0.243
0.351
0.225
0.265
0.241
0.192
0.215
0.305
0.250
0.379
0.378
0.270
0.254
0.281
0.295
0.304
0.413
0.301
0.292
0.219
0.276
0.256
0.222
0.248
0.245
0.248
0.252
0.241
0.232
0.293
0.297
0.246
0.255
0.242
0.214
0.329
0.248
0.220
0.291
0.251
0.430
0.234
0.276
0.344
0.239
0.282
0.256
0.250
0.238
0.279
0.319
0.264
0.266
0.267
0.340
0.297
0.224
0.337
0.267
0.358
0.301
0.305
0.281
0.206
0.234
0.226
0.302
0.322
0.249
0.217
0.246
0.254
0.228
0.292
0.248
0.283
0.236
0.290
0.226
0.229
0.251
0.310
0.303
0.253
0.320
0.212
0.264
0.277
0.205
0.250
0.269
0.251
0.224
0.406
0.324
0.284
0.271
0.244
0.307
0.289
0.225
0.271
0.283
0.281
0.273
0.287
0.242
0.287
0.331
0.260
0.256
0.264
0.279
0.236
0.293
0.279
0.241
0.334
0.270
0.334
0.257
0.239
0.197
0.226
0.307
0.247
0.241
0.274
0.255
0.321
0.273
0.239
0.264
0.398
0.217
0.456
0.343
0.255
0.307
0.355
0.238
0.232
0.256
0.261
0.376
0.270
0.275
0.250
0.385
0.238
0.267
0.275
0.287
0.364
0.244
0.232
0.264
0.205
0.328
0.400
0.220
0.477
0.314
0.298
0.310
0.318
0.281
0.229
0.217
0.229
0.368
0.225
0.278
0.219
0.310
0.273
0.313
0.207
0.256
0.233
0.252
0.286
0.264
0.243
0.238
0.345
0.278
0.283
0.212
0.229
0.266
0.213
0.286
0.284
0.236
0.261
0.308
0.257
0.358
0.305
0.270
0.250
0.306
0.261
0.343
0.163
0.233
0.279
0.240
0.232
0.235
0.250
0.274
0.231
0.313
0.276
0.260
0.368
0.413
0.280
0.337
0.243
0.249
0.234
0.251
0.535
0.395
0.347
0.234
0.263
0.218
0.218
0.315
0.245
0.282
0.330
0.253
0.248
0.342
0.272
0.293
0.332
0.294
0.243
0.311
0.271
0.305
0.244
0.253
0.421
0.264
0.227
0.384
0.286
0.255
0.251
0.183
0.322
0.247
0.263
0.283
0.312
0.299
0.314
0.288
0.251
0.242
0.360
0.249
0.316
0.343
0.201
0.332
0.289
0.259
0.261
0.286
0.225
0.260
0.288
0.324
0.240
0.295
0.338
0.258
0.239
0.424
0.253
0.278
0.182
0.345
0.247
0.344
0.208
0.342
0.287
0.243
0.275
0.260
0.238
0.240
0.338
0.299
0.278
0.242
0.246
0.253
0.327
0.306
0.401
0.311
0.227
0.277
0.229
0.325
0.373
0.282
0.239
0.297
0.316
0.186
0.248
0.213
0.274
0.266
0.258
0.253
0.348
0.237
0.245
0.288
0.273
0.257
0.227
0.251
0.298
0.275
0.272
0.300
0.240
0.291
0.292
0.281
0.221
0.510
0.366
0.289
0.257
0.273
0.245
0.217
0.331
0.273
0.269
0.219
0.200
0.234
0.287
0.255
0.255
0.450
0.251
0.224
0.233
0.309
0.321
0.348
0.251
0.262
0.444
0.260
0.252
0.307
0.300
0.327
0.284
0.227
0.348
0.285
0.279
0.372
0.243
0.282
0.368
0.272
0.369
0.284
0.282
0.275
0.389
0.314
0.261
0.251
0.329
0.288
0.282
0.337
0.267
0.262
0.261
0.277
0.294
0.337
0.293
0.233
0.267
0.283
0.272
0.346
0.288
0.330
0.358
0.237
0.299
0.242
0.320
0.224
0.259
0.318
0.233
0.209
0.276
0.237
0.326
0.259
0.245
0.246
0.345
0.349
0.187
0.256
0.263
0.209
0.209
0.234
0.256
0.309
0.189
0.251
0.231
0.169
0.284
0.240
0.259
0.311
0.311
0.302
0.330
0.265
0.223
0.245
0.273
0.219
0.275
0.242
0.309
0.255
0.284
0.249
0.324
0.357
431.451
0.256
0.238
0.235
0.249
0.217
0.232
0.254
0.306
0.237
0.203
0.306
0.357
0.213
0.257
0.443
0.219
0.237
0.263
0.214
0.419
0.278
0.254
0.340
0.247
0.276
0.270
0.299
0.232
0.265
0.367
0.315
0.308
0.238
0.418
0.238
0.273
0.314
0.350
0.237
0.285
0.313
0.332
0.307
0.274
0.298
0.241
0.280
0.354
0.215
0.250
0.232
0.271
0.273
0.194
0.257
0.305
0.258
0.247
0.292
0.281
0.260
0.303
0.249
0.274
0.360
0.221
0.339
0.282
0.283
0.275
0.310
0.206
0.298
0.255
0.233
0.250
0.267
0.277
0.260
0.256
0.296
0.262
0.278
0.247
0.266
0.334
0.323
0.233
0.278
0.262
0.268
0.243
0.300
0.270
0.279
0.317
0.298
0.328
0.182
0.263
0.290
0.211
0.268
0.299
0.330
0.216
0.253
0.275
0.215
0.298
0.259
0.253
0.234
0.252
0.389
0.311
0.298
0.266
0.322
0.323
0.368
0.284
0.250
0.186
0.292
0.257
0.254
0.293
0.359
0.230
0.287
0.373
0.225
0.319
0.271
0.336
0.216
0.275
0.241
0.302
0.232
0.289
0.315
0.239
0.383
0.230
0.240
0.254
0.321
0.215
0.317
0.315
0.258
0.235
0.250
0.257
0.236
0.414
0.282
0.326
0.226
0.379
0.277
0.230
0.288
0.293
0.305
0.313
0.229
0.204
0.251
0.319
0.312
0.221
0.279
0.297
0.260
0.252
0.283
0.320
0.322
0.258
0.264
0.261
0.277
0.283
0.272
0.245
0.242
0.338
0.334
0.293
0.229
0.238
0.234
0.391
0.285
0.212
0.225
0.302
0.317
0.303
0.283
0.184
0.268
0.220
0.258
0.339
0.315
0.241
0.229
0.359
0.293
0.311
0.249
0.275
0.324
0.269
0.392
0.308
0.275
0.263
0.279
0.235
0.270
0.357
0.317
0.265
0.247
0.295
0.255
0.295
0.257
0.283
0.365
0.297
0.261
0.244
0.257
0.281
0.281
0.251
0.223
0.303
0.185
0.230
0.225
0.217
0.293
0.367
0.250
0.260
0.249
0.313
0.231
0.265
0.233
0.344
0.212
0.234
0.295
0.189
0.268
0.245
0.214
0.274
0.350
0.266
0.324
0.287
0.300
0.249
0.231
0.307
0.414
0.265
0.295
0.247
0.308
0.294
0.273
0.260
0.270
0.301
0.291
0.221
0.460
0.220
0.299
0.300
0.201
0.214
0.310
0.278
0.293
0.242
0.386
0.300
0.277
0.307
0.218
0.236
0.338
0.253
0.292
0.249
0.287
0.201
0.271
0.269
0.359
0.319
0.279
0.287
0.264
0.268
0.320
0.315
0.195
0.271
0.330
0.241
0.253
0.204
0.222
0.242
0.248
0.316
0.303
0.267
0.278
0.262
0.299
0.233
0.399
0.282
0.288
0.250
0.226
0.256
0.218
0.233
0.238
0.354
0.237
0.243
0.278
0.190
0.261
0.235
0.263
0.275
0.245
0.202
0.254
0.267
0.278
0.261
0.380
0.349
0.228
0.288
0.216
0.205
0.341
0.269
0.244
0.339
0.202
0.252
0.344
0.305
0.438
0.350
0.360
0.326
0.240
0.239
0.309
0.257
0.238
0.259
0.307
0.242
0.249
0.239
0.308
0.213
0.393
0.263
0.251
0.223
0.210
0.210
0.325
0.245
0.239
0.303
0.335
0.349
0.317
0.272
0.267
0.265
0.317
0.253
0.352
0.239
0.276
0.231
0.263
0.331
0.257
0.277
0.238
0.304
0.297
0.279
0.294
0.260
0.305
0.313
0.257
0.227
0.254
0.274
0.326
0.305
0.260
0.279
0.392
0.207
0.279
0.364
0.239
0.284
0.247
0.375
0.248
0.307
0.238
0.241
0.249
0.242
0.238
0.320
0.268
0.349
0.297
0.304
0.305
0.349
0.266
0.276
0.246
0.252
0.275
0.285
0.283
0.222
0.344
0.263
0.204
0.381
0.259
0.299
0.290
0.279
0.202
0.245
0.336
0.235
0.208
0.361
0.302
0.293
0.271
0.274
0.315
0.216
0.270
0.289
0.208
0.279
0.268
0.238
0.326
0.255
0.290
0.273
0.253
0.334
0.240
0.261
0.307
0.304
0.219
0.255
0.254
0.298
0.244
0.242
0.193
0.277
0.390
0.238
0.288
0.283
0.288
0.245
0.293
0.307
0.249
0.214
0.245
0.303
0.325
0.269
0.277
0.221
0.285
0.292
0.286
0.200
0.297
0.245
0.247
0.361
0.259
0.246
0.291
0.294
0.302
0.357
0.284
0.254
0.263
0.315
0.335
0.239
0.269
0.273
0.274
0.241
0.260
0.252
0.233
0.251
0.266
0.264
0.241
0.227
0.303
0.240
