6.730846774193548
7.063508064516129
7.013104838709677
7.141129032258064
7.5
6.9265456989247305
7.233636286055636
7.395085784163923
7.552267731341701
6.9826824778854775
7.189516129032258
7.192540322580645
7.281865763546794
7.065524193548387
7.09375
7.033266129032258
7.188508064516129
6.6875
7.096774193548387
6.6875
6.825604838709677
7.36732414322792
6.778427419354838
7.386241657397102
7.087977382276603
6.597782258064516
6.614919354838709
6.49516129032258
6.759072580645161
7.3015456989247305
7.361895161290322
7.251962498013663
6.971774193548387
7.077497005785377
7.0625
7.292405913978494
6.794422043010752
7.0969086021505365
6.77220489697547
6.761088709677419
7.146445124212087
6.719758064516129
6.703629032258064
7.0706989247311824
7.112096774193548
6.492002688172042
7.127538362278347
6.785260776229908
7.187839663117746
7.7939721751387445
7.032846208965504
6.974865591397849
7.411872502368883
7.087133521372954
7.127500463477937
6.658266129032258
7.36836932842216
7.127054721068903
7.3684331797235
7.198588709677419
7.115266154045348
7.0625
6.969086021505375
7.720481090100107
7.2504659792479575
7.4375
7.145228494623655
7.35483870967742
7.107862903225806
7.21875
7.428494623655914
6.90464769055564
7.993635785793732
7.725031303152825
7.037365591397849
7.659341397849462
7.316532258064516
6.923454301075268
6.986986201599658
7.59306603898511
6.958413632725364
6.75
7.64018817204301
7.386940883756789
6.912298387096774
7.252016129032258
7.480846774193548
7.099726731936132
7.254461973983661
6.970766129032258
6.911290322580645
7.254577837809203
7.070666481275486
6.736895161290322
7.1295026881720425
7.448641862504482
7.293346774193548
7.8384992788079515
7.241640182213036
7.402936506238784
6.662298387096774
6.537298387096774
7.5
7.188508064516129
6.235954301075268
7.037298387096774
7.184677419354838
7.157258064516129
7.358775292653209
6.469758064516129
7.109669142963076
7.40141129032258
7.401411290322581
7.656746583505479
7.639112903225806
7.696618781303149
7.589043896510523
7.344758064516129
6.924395161290322
7.287365591397849
7.113104838709677
7.390166690208403
7.28125
6.540456989247311
6.914314516129032
7.441532258064516
7.164314516129032
6.728091397849462
6.6315257693733765
6.878225806451612
6.837870782350757
6.285349462365591
7.282258064516129
7.0675224455744425
7.230966800266018
7.104323770974213
7.109946236559139
7.222782258064516
7.344758064516129
7.282258064516129
7.739593448923256
7.25
6.90625
7.5233378062632745
7.532258064516129
7.3459005376344075
7.889633837715036
7.056451612903225
7.313844086021504
7.785282258064516
7.0303798385625385
7.519499178981936
7.188539367668953
6.811358520048727
6.522423577637701
7.193958565072301
6.679275252926529
7.563709677419355
7.277217741935483
7.010627733048476
7.3529569892473114
7.554367617458549
6.641129032258064
7.441532258064516
7.27116935483871
6.343951612903225
7.131048387096774
6.724865591397849
7.342809139784946
7.166397849462365
6.794354838709677
7.486151941310447
6.609946236559139
6.380040322580645
7.5356239075162845
7.703882810480417
7.456142737962814
6.594758064516129
7.603091397849461
7.505210154139517
6.766993087557597
7.03125
6.691532258064516
7.131048387096774
7.475806451612903
6.945564516129032
6.95374824908334
7.435724217384392
8.085744448564247
7.209472348759052
7.063508064516129
7.74277371682822
7.017137096774193
6.66633064516129
6.07883064516129
6.719758064516129
6.994220430107527
7.148185483870967
6.776552651093808
6.992829996292175
7.224798387096774
7.4100091371364964
6.875
7.334467713979671
7.6208242476943795
7.777582933123809
6.536290322580645
7.591740676000962
7.352822580645161
6.913306451612903
7.439981115113201
7.417751867153978
7.0132392473118275
7.269153225806452
6.380040322580645
7.265120967741935
7.423095657432419
7.037298387096774
7.15382784958007
7.0503820863456514
7.0283602150537625
7.6432795698924725
7.0
6.71875
7.221774193548387
6.7317431258129234
6.871720746449608
7.28125
6.952620967741935
6.321572580645161
6.3495875046347745
7.0475134408602145
6.753024193548387
6.565524193548387
6.565524193548387
7.063508064516129
6.502016129032258
6.850806451612903
7.006048387096774
7.421905622649502
7.356854838709677
7.26008064516129
6.9467811457174635
7.097782258064516
6.876008064516129
7.50203003337041
7.326174769438111
7.063508064516129
7.812530309985812
6.658266129032258
7.189516129032258
7.036290322580645
7.450644565390112
7.897411512497716
7.724653605416952
7.478189390327875
7.2516360771227255
6.795144406483389
7.269153225806452
7.415322580645161
6.812708234016627
7.07258064516129
6.605846774193548
6.987903225806452
7.443548387096774
7.265082418148321
6.629032258064516
7.003091397849462
6.485887096774193
7.09375
6.594758064516129
7.352822580645161
7.4375
6.334677419354838
7.0969086021505365
7.247621070737031
6.774879495736001
7.46875
7.134072580645161
7.158333333333333
7.01008064516129
6.450604838709677
6.953629032258064
6.84375
7.251008064516129
6.724865591397849
7.012096774193548
7.393421604093181
7.663508064516128
6.9425443009077545
7.4328376015180755
7.506808674835645
7.376597343609299
7.499961965381873
6.594758064516129
6.993010752688172
7.04133064516129
7.027284946236558
7.570681709836321
6.93620045935813
6.877016129032258
6.471774193548387
7.137365591397848
7.244633918639755
7.255040322580645
7.1890599343185535
7.422897618232711
7.201612903225806
6.987789416223784
7.52038229403357
6.9375
7.396169354838709
6.942540322580645
6.758064516129032
7.072552836484978
7.465793010752687
7.357761931246356
7.091649966747295
6.699663978494623
7.0105510752688165
7.002419354838708
7.63336629176451
6.9723618541471675
7.772874775391457
7.315524193548387
6.966801075268817
7.094924254462627
6.995639371494485
7.3246328592616115
6.945241074739124
7.021537819799776
7.221841397849461
7.2102008183696125
7.105913978494623
7.827417699560354
6.539314516129032
6.3358198924731175
6.658266129032258
7.296370967741935
7.209811827956989
6.606922043010752
7.0192876344086015
7.490553988558713
7.0859008539764865
6.508064516129032
7.253360215053762
7.2059209306637
7.2260150166852055
7.318755296890722
6.942941230997402
7.894899425287354
7.524193548387096
7.423387096774193
7.157258064516129
7.072647849462365
7.095766129032258
6.629032258064516
7.347782258064516
6.493346774193547
7.306596468150969
7.65625
7.169995431431749
7.4497311827956985
6.54133064516129
7.238266724932463
7.35727281488544
6.943548387096774
7.494682657391221
7.04133064516129
7.3368279569892465
7.500336021505375
7.94810091753918
6.876008064516129
7.1069892473118275
6.660282258064516
7.457649887293932
6.917338709677419
7.25510752688172
7.158266129032258
6.384072580645161
7.313692131468824
7.0072494570686965
7.434924570804712
7.420907489803485
6.817540322580645
7.586693548387097
7.175349263732184
6.858609617682198
7.16633064516129
6.96875
7.253024193548387
7.464512671339698
7.795540349065096
7.252016129032258
7.088844086021505
7.573464269529338
7.220861804120979
7.388845079188513
6.581720430107526
6.582381585065119
6.84375
7.7242087769479255
7.193445281647447
7.729905913978494
6.3368279569892465
6.970766129032258
7.256048387096774
6.19758064516129
6.827654735420304
6.757056451612903
6.808952076381163
6.746169354838709
7.107930107526881
6.84885752688172
6.5435553392658505
7.190524193548387
6.42641129032258
7.042405913978494
6.78125
7.581610372489123
6.930443548387096
7.095766129032258
6.940524193548387
7.36391129032258
7.09375
7.07258064516129
6.581653225806451
7.189516129032258
6.7077956989247305
7.750770734384469
7.19758064516129
7.063508064516129
6.831653225806451
7.688341396378102
7.007056451612902
6.845766129032258
6.970766129032258
6.813508064516129
6.962970430107526
7.127016129032258
7.055712365591396
6.59375
7.551478494623655
6.787298387096774
7.430011851792998
6.719758064516129
7.508131720430107
6.76008064516129
7.1451124780031865
6.937499999999999
6.902594152232634
7.2123722125112515
6.901050954617412
7.176465105260988
6.704704301075268
6.95888950685947
6.660282258064516
6.5625
7.40307271159607
7.462884024577571
7.377542691467884
6.55102428624397
7.171784125218494
7.4931862121934385
6.570631720430107
6.813508064516129
6.98393817204301
7.133131720430107
7.364400774523127
7.077459265438964
7.283266129032258
6.689516129032258
7.451630302040476
7.352004873139463
7.131048387096774
7.285282258064516
6.5625
6.915322580645161
6.5
7.034542348641346
7.2985346004673
6.857930107526881
7.423516429189397
7.290322580645161
7.091269730917946
6.925403225806451
7.266984480110174
6.537634408602149
6.6594086021505365
7.255212986504697
7.171657698736395
7.352822580645161
7.155895108321414
6.823764500238355
6.934946236559139
6.8905073097091964
6.455846774193548
7.449440227304521
7.439556848879703
7.546128671775222
6.752016129032258
7.0182795698924725
7.509349858161035
7.067540322580645
6.888172043010752
7.225806451612903
6.969758064516129
7.264112903225807
6.742069892473118
7.098790322580645
7.531214760963088
7.221774193548387
6.690524193548387
7.338152179670527
6.549462365591397
6.839919354838709
6.662365591397849
6.969758064516129
7.638744107209067
7.403379747338309
7.01646505376344
6.486380700778638
7.019556451612902
7.162887666189941
7.047379032258064
7.379775146988715
7.314516129032258
6.540524193548386
7.220766129032258
7.561604169015177
6.922379032258064
7.480325030457118
7.205846774193548
6.325604838709677
7.396320647280043
6.688508064516129
6.193548387096774
6.762096774193548
7.483198262619836
7.094758064516129
6.875
7.142137096774194
7.032258064516129
7.095026881720429
7.201612903225806
7.467597963051243
7.032258064516129
6.751008064516129
7.30439906774723
6.968426742529911
7.827254341979034
7.044354838709677
7.708669354838709
7.592228835978831
7.295922755148279
7.41375867365856
6.964887904550027
7.286290322580645
6.576612903225806
7.472170798241428
6.4608198924731175
6.78125
6.009072580645161
6.834677419354838
6.880040322580645
7.3075646956347695
7.503197850639451
8.015282254669069
7.406525769373377
7.585954301075269
6.701612903225806
7.402670810012298
7.7145992240055055
7.244600150961383
8.014006671139596
7.196892233286836
7.241935483870967
7.549395161290322
6.644220430107526
7.1576983685576545
7.159966283819172
7.4648521505376335
7.10516281317866
6.659274193548387
7.1139569760050785
7.109879032258064
6.802889784946236
7.203629032258064
7.208938172043009
7.631115591397848
7.283938539882641
7.24943076816686
7.344572342285074
7.679783092324801
7.145200538811492
7.171370967741935
7.407240193168999
6.75
7.305443548387096
7.403225806451612
6.6301747311827945
7.021719569362781
6.348790322580645
7.3098922744848736
6.7239247311827945
6.832661290322581
6.857936397584615
7.384181650755621
7.2800466494223395
7.073588709677419
6.955645161290322
6.916906019916306
7.779994158706615
7.078696236559139
7.948588709677419
6.512096774193548
6.949596774193548
7.113178995179828
6.668346774193549
6.859072580645161
7.458485177534118
6.981854838709677
7.474798387096774
7.202620967741935
6.944556451612903
7.335685483870968
6.94758064516129
6.763104838709677
7.463240277262803
6.908115020510736
7.186559139784946
6.959677419354838
6.683602150537634
6.330645161290322
7.174395161290323
7.281317204301075
7.3292886790731595
6.87112201953692
7.205645161290322
7.670301032599419
7.693881434760185
7.240927419354838
6.5860577743642255
7.54133064516129
7.9411416491574975
6.811969317760473
7.4961021505376335
7.0989247311827945
6.994959677419355
6.88508064516129
7.491281538570191
6.733870967741935
6.364919354838709
7.382123655913978
7.08366935483871
7.296020232651209
7.398319892473118
6.973790322580645
6.831653225806452
7.509072580645161
7.007883759733036
6.516938978347484
6.945014522308737
7.123991935483871
7.230846774193548
7.113911290322581
7.4234675433020785
7.5578397661128465
7.14171566290587
7.508221620436581
6.756394377056222
6.888172043010752
6.799395161290323
7.527644325558669
7.088709677419354
6.964126807563959
7.047446236559138
7.104106414534667
6.701251390433811
6.669422043010752
7.089717741935483
7.1463037634408595
7.3742713464696195
7.191489882938713
6.878091397849462
7.399813137466083
7.4981182795698915
7.345756208680286
7.017137096774193
6.805443548387097
6.818548387096774
7.042338709677419
7.827620967741935
6.901954552677574
7.0442618120663125
6.972782258064516
7.441599462365591
7.212701612903225
7.404502541036185
7.128299962921765
7.203696236559139
6.782258064516129
6.59375
7.492943548387096
6.939852150537633
6.928519452831186
6.936306765012268
7.445009004714228
6.472782258064516
6.5
7.150573614783845
7.126008064516129
7.34205532602362
7.587817188116127
6.9719086021505365
6.851814516129032
6.890375549552408
6.865968139202286
7.2653295328142375
7.266901569056739
6.990664745072418
7.598925877144727
6.980517373801574
7.31760752688172
7.196639784946236
7.0573928409579105
7.476814516129032
7.110954301075268
7.347782258064516
7.269220430107526
7.571639784946236
7.284274193548387
7.5
6.924462365591397
6.469758064516129
6.954124670698636
6.866291580592186
6.567264737127081
7.5597157963467705
6.856922043010752
6.908266129032258
7.3814012924413355
6.726814516129032
7.495495656549601
7.286672029768522
7.1200940860215045
7.28635752688172
7.721568098660699
6.882273329860923
6.567540322580645
7.135289210233592
7.3983198924731175
7.55732994038055
7.221774193548387
7.483870967741935
7.207716098427997
7.275797218838092
7.694748138505087
7.3186827956989235
7.1762298718152415
6.678494623655913
7.214411515440433
7.286290322580645
6.95766129032258
6.881048387096774
6.913373655913978
7.14333154563271
7.096774193548387
7.130040322580645
6.90625
7.255040322580645
6.94260752688172
7.447647849462365
7.006966073414902
7.032940554172474
6.506048387096774
7.170362903225807
6.915322580645161
6.861895161290322
7.371302954193664
6.888104838709677
6.791661700831609
6.969758064516129
7.616631280493902
6.453794229037551
7.540996609989933
7.271858281688647
7.044354838709677
6.76518817204301
7.300403225806451
6.784274193548387
7.125
7.352016129032257
6.7440188172043
7.050403225806451
6.78125
7.043413978494623
7.2106184634897055
7.229905913978494
6.844758064516129
6.616203188728216
6.912574156470151
6.292338709677419
7.483868025024862
7.861970163791631
7.59383607447428
7.63010752688172
7.0709995232798315
7.219969130897937
6.816733870967741
6.914381720430107
6.614986559139784
7.486895161290322
6.659274193548387
7.503024193548387
6.75
7.630669659409923
6.809413899041259
7.545564516129032
7.642329513686575
7.319930103112802
7.362523173896919
7.115138697612278
7.159274193548387
7.085238264444321
7.199596774193549
7.173655913978494
7.261155913978494
7.438117308473257
6.2037634408602145
6.65625
7.002016129032258
6.814653890634143
6.7037634408602145
7.129032258064516
7.297654801631442
6.65625
7.3670698924731175
7.062701612903226
7.418346774193548
7.25
7.545705876900258
6.8555680621030985
7.40612063080083
7.377016129032258
7.359879032258065
7.163373655913978
7.318958565072302
6.962903225806452
7.034687387808907
6.849714482876326
7.131048387096774
6.984946236559139
6.876008064516129
6.99502688172043
6.673387096774194
7.1846843715239155
7.1904599687483435
7.292831982626197
7.24060132951957
6.558790852269713
6.878635984427141
6.675470430107526
7.385147849462365
7.04133064516129
7.211693548387096
7.01008064516129
6.275201612903225
7.077833542266242
6.990927419354839
7.114919354838709
7.151412136353734
7.307535820223523
6.965988002542506
7.720938277980823
7.840760309809248
7.12887684581928
6.535282258064516
6.695900537634408
7.613058343779976
7.665123469051442
7.408266129032258
6.4538375973303665
7.693544414428726
6.908070659050913
7.084756100252486
6.956720430107526
6.761180081042425
6.838776881720429
7.36391129032258
6.704912866147571
6.818548387096774
7.34375
6.508064516129032
7.282325268817204
7.72566811278574
7.162298387096774
7.000067204301075
7.311088047566075
6.798387096774194
6.954637096774193
6.639112903225806
6.852822580645161
6.417338709677419
7.024462365591397
7.162574156470152
7.172654801631442
8.000201612903226
7.1983761719370705
6.794556451612903
7.513622793697875
7.178427419354838
7.273185483870968
7.048387096774194
7.1654569892473114
6.880956868595908
7.004032258064515
7.1473118279569885
7.149193548387096
7.27172707329131
6.947280046612636
6.862103726362625
7.064516129032258
7.479686607988884
7.346774193548387
7.225873655913978
7.606922043010752
6.815524193548387
7.5354325941228035
7.344758064516129
6.461693548387096
7.254032258064516
6.881048387096774
7.199798387096773
7.075604838709677
7.21875
6.849798387096774
6.844758064516129
7.260147849462365
7.03125
6.764314516129032
7.591687376038038
7.203629032258064
8.088447818043198
6.893689931787813
7.067741935483871
6.634072580645161
7.673152231168079
7.913817969407512
7.497307855288942
7.351814516129032
6.821639784946236
7.2049761345645615
6.844758064516129
7.469758064516129
7.172379032258065
7.182594086021505
6.700672043010752
6.7944892473118275
7.815650331417845
7.016196236559139
7.192540322580645
6.861895161290322
7.6365131230467655
7.2336398908840485
7.327076050108583
6.8012616531595915
7.1875
6.653733829769698
7.1875
6.970766129032258
6.362970430107526
7.25997205890142
7.084677419354838
7.66765667591585
6.879032258064516
7.386155913978494
6.844758064516129
7.210066078711793
7.221774193548387
7.210418653000684
7.150431696594098
7.536657132263355
6.854838709677419
6.977822580645161
7.09375
6.847782258064516
7.359879032258064
6.66633064516129
7.194556451612903
6.968718917550949
7.558534946236558
7.224932795698924
7.334744623655913
6.555719317760474
7.287444897622869
7.222513593655136
7.423283476349378
7.178629032258064
7.095766129032258
