67.792
71.374
60.467
60.590
48.658
58.600
70.616
60.036
70.165
59.620
50.347
69.421
58.803
59.132
68.932
58.601
59.934
60.028
58.230
61.208
60.435
61.951
70.014
49.052
59.194
58.452
68.169
59.877
58.464
71.687
61.094
58.090
60.233
73.814
48.145
58.931
69.214
59.116
50.602
58.124
60.698
58.959
60.292
58.261
59.963
70.083
60.615
60.352
71.125
49.704
70.420
48.954
61.087
61.370
69.114
60.035
58.238
60.699
60.400
57.037
70.533
60.618
58.214
61.136
69.861
61.789
59.427
60.699
58.854
60.119
49.809
67.310
57.231
66.983
50.184
59.223
60.788
59.776
59.013
70.235
61.541
62.069
58.693
68.684
60.651
58.840
71.387
60.530
69.981
59.903
69.111
62.525
59.976
58.192
60.174
70.025
62.362
58.292
58.755
61.197
49.705
61.721
60.933
59.689
71.234
59.437
61.090
60.767
48.596
68.563
58.103
59.697
60.086
59.495
59.948
70.108
68.982
70.678
59.676
70.433
70.509
58.314
60.863
61.777
72.559
58.966
58.655
50.665
59.353
69.601
60.551
59.187
59.200
68.459
59.208
60.885
60.028
61.169
60.439
59.810
68.527
58.729
60.182
71.689
48.895
61.192
50.284
67.383
61.179
50.213
58.909
60.476
59.360
60.875
60.327
59.465
71.553
59.253
71.720
59.672
58.903
60.712
59.860
58.003
59.954
57.729
58.986
58.599
57.986
70.485
58.825
61.580
59.277
58.756
58.504
60.347
71.412
56.523
59.227
70.764
60.857
50.525
59.813
58.909
58.371
49.994
69.213
59.076
59.877
49.428
49.880
70.606
82.531
58.343
60.488
60.159
60.026
59.209
59.611
59.008
61.392
56.759
59.042
50.517
60.417
59.438
69.757
70.042
59.960
58.231
60.879
58.260
58.666
59.051
48.609
58.508
71.343
58.095
61.223
69.253
59.311
50.114
70.425
70.722
50.638
72.404
61.297
61.376
70.808
58.617
61.119
61.692
71.075
60.013
66.737
70.668
59.713
60.585
58.918
48.817
79.158
69.416
71.412
71.511
61.309
72.462
50.064
49.733
60.451
59.468
59.051
68.943
58.651
62.269
59.639
58.687
60.864
59.187
57.983
70.204
62.054
68.966
62.515
60.310
70.136
59.092
59.890
60.380
59.473
68.537
60.843
49.371
50.184
70.659
67.917
60.409
60.083
60.559
67.296
58.798
71.105
59.111
58.061
60.677
49.464
59.112
60.152
72.101
60.101
60.565
60.009
60.436
58.886
59.778
72.043
70.028
59.453
60.143
69.243
70.577
60.480
70.692
50.688
60.526
72.845
50.277
60.445
69.493
61.340
59.332
70.195
71.104
60.061
58.768
72.447
63.365
60.106
60.745
59.954
59.513
59.248
70.893
48.972
70.429
68.612
49.700
59.502
59.168
59.898
49.416
70.151
59.853
58.509
60.707
59.396
58.631
61.243
58.439
59.130
61.677
50.223
60.630
59.005
58.507
60.745
60.317
59.730
60.900
59.860
70.792
51.101
70.266
71.514
61.266
57.811
61.851
68.648
57.806
48.336
58.601
50.200
59.339
59.775
59.700
58.543
60.310
68.517
49.499
61.325
60.825
61.145
49.064
59.768
61.934
70.648
68.453
59.922
60.403
60.307
59.237
61.519
58.457
68.989
60.722
60.073
69.846
68.710
60.487
70.531
59.680
61.619
57.881
70.568
60.705
59.475
61.080
60.523
69.659
60.712
48.523
60.456
58.766
48.913
68.854
61.331
58.952
58.802
69.499
61.429
58.877
58.441
60.069
62.322
50.004
58.621
59.991
49.305
60.586
58.969
59.743
71.965
59.048
69.574
68.882
69.228
71.811
62.189
58.913
61.492
60.954
69.433
58.938
60.702
61.745
47.699
70.369
61.091
58.797
71.648
60.263
71.127
60.268
60.044
50.398
61.095
59.298
59.681
60.065
60.684
70.538
58.383
59.688
49.753
70.107
60.247
48.843
49.581
59.464
60.069
70.459
59.135
49.510
60.794
70.244
60.348
59.335
58.283
69.721
58.229
60.695
49.709
58.609
71.202
59.992
60.393
59.446
60.433
58.133
68.598
57.875
58.594
61.404
57.542
58.584
81.455
71.310
61.614
58.939
60.648
70.669
61.869
60.158
59.131
60.407
59.735
60.261
60.390
60.404
76.596
48.448
70.800
68.794
58.764
69.568
68.288
68.840
70.875
60.922
58.832
70.331
61.211
61.868
61.278
59.554
71.991
61.626
48.803
59.751
60.566
60.887
60.171
61.004
59.860
59.295
71.500
60.872
69.094
58.395
60.239
60.748
61.490
60.523
49.115
59.683
60.359
69.966
61.508
58.321
69.879
61.460
69.911
47.704
60.297
59.587
60.535
59.117
58.909
50.208
59.786
60.733
59.877
59.558
71.171
62.084
50.457
59.786
50.141
72.759
59.526
69.786
70.212
71.593
60.746
60.885
58.973
59.289
70.028
59.737
69.941
59.943
59.287
71.096
60.265
70.208
59.766
60.381
62.177
61.909
72.438
60.560
71.064
60.428
73.345
70.821
58.816
62.459
49.907
49.438
61.326
57.734
61.865
57.291
59.789
49.790
60.585
59.284
59.019
49.729
60.443
60.917
68.839
60.379
61.531
50.417
50.300
71.422
48.944
59.205
60.415
60.341
61.658
59.488
59.708
73.060
71.493
71.164
60.412
61.380
61.068
59.502
61.235
59.697
51.585
60.594
70.449
60.786
59.090
59.421
61.109
61.153
60.157
69.393
60.229
58.767
70.931
69.595
60.053
71.522
60.322
59.755
61.279
49.652
60.965
59.063
61.421
49.640
60.733
50.070
59.786
60.783
59.288
61.010
59.548
61.438
59.168
58.928
61.637
59.160
49.392
72.287
48.431
61.198
50.431
50.488
70.969
59.202
58.609
69.826
62.222
59.715
59.701
69.205
72.625
60.275
58.808
60.605
60.742
60.990
62.668
60.296
59.024
61.637
70.660
61.724
50.221
60.257
71.190
58.164
58.573
61.652
49.849
49.305
49.036
70.193
79.640
50.467
57.780
60.536
58.894
60.123
59.448
59.612
70.203
60.644
50.497
61.661
71.403
69.713
59.027
71.091
60.504
61.118
49.897
61.325
60.451
59.252
57.461
61.238
60.096
61.277
62.031
59.457
61.596
60.247
60.398
58.397
70.534
62.102
59.096
70.457
70.815
60.990
59.304
59.336
59.179
69.645
60.424
50.414
69.512
59.995
60.499
59.306
61.407
60.590
61.023
70.862
59.958
60.582
68.427
59.793
49.044
59.888
49.882
60.229
59.314
60.614
68.521
70.465
49.326
58.504
71.059
60.430
71.025
60.372
49.770
60.952
61.005
57.484
70.237
62.596
59.873
61.058
60.605
49.618
70.596
71.169
60.165
61.147
59.948
50.206
61.204
59.458
60.821
60.519
60.870
60.291
58.927
70.338
59.253
60.024
71.732
71.909
60.935
58.594
60.576
70.459
51.382
62.542
50.459
71.951
48.602
60.485
50.919
59.370
50.874
51.479
61.513
62.094
80.433
61.347
59.960
71.106
60.125
62.246
60.870
59.562
59.467
61.332
70.450
48.529
61.397
59.626
59.923
59.734
68.072
59.603
59.245
61.377
58.548
61.467
60.567
59.396
58.002
50.201
70.044
59.922
47.992
71.628
61.545
51.580
62.317
61.599
59.683
59.709
70.869
69.662
69.618
60.557
59.744
58.546
60.240
57.347
60.557
60.161
61.499
61.640
73.275
59.923
72.369
68.833
59.557
59.658
61.438
59.484
71.445
58.816
61.901
61.733
70.594
59.919
70.484
60.006
70.017
63.314
61.538
60.017
70.685
61.301
61.152
61.878
59.081
61.563
61.532
61.094
69.164
60.946
69.929
70.400
61.413
60.191
61.048
69.129
59.066
61.471
61.804
49.654
60.935
59.565
60.519
71.730
60.431
71.540
71.012
60.734
58.705
60.245
62.023
59.859
71.736
60.751
60.078
59.361
61.678
71.668
59.934
49.151
60.836
60.473
58.124
61.496
70.270
60.008
60.745
61.541
61.558
61.171
59.787
59.828
60.825
61.145
59.233
58.209
61.688
59.467
62.816
50.834
59.932
48.818
61.749
48.198
48.194
61.587
49.800
59.559
48.249
59.702
49.399
60.182
60.492
59.143
60.613
71.844
59.824
61.553
58.988
58.542
49.245
59.950
61.379
50.915
59.758
60.304
60.394
69.470
63.772
60.531
59.788
60.882
60.881
50.422
60.435
71.159
61.302
60.451
61.203
59.681
60.340
50.080
61.574
48.923
70.730
62.159
72.825
50.787
58.695
51.041
60.060
61.250
59.270
60.700
61.158
59.807
60.708
60.563
58.237
61.311
59.919
60.978
70.755
60.209
