4.062000000000000000e+04
3.070000000000000000e+04
3.037000000000000000e+04
4.042000000000000000e+04
3.072000000000000000e+04
3.038000000000000000e+04
2.779000000000000000e+04
3.584000000000000000e+04
3.230000000000000000e+04
2.797000000000000000e+04
3.580000000000000000e+04
3.539000000000000000e+04
3.348000000000000000e+04
5.037000000000000000e+04
3.574000000000000000e+04
3.071000000000000000e+04
2.558000000000000000e+04
3.070000000000000000e+04
5.622000000000000000e+04
3.070000000000000000e+04
2.538000000000000000e+04
2.398000000000000000e+04
2.522000000000000000e+04
3.306000000000000000e+04
3.022000000000000000e+04
3.554000000000000000e+04
2.544000000000000000e+04
3.527000000000000000e+04
2.545000000000000000e+04
4.007000000000000000e+04
3.027000000000000000e+04
4.346000000000000000e+04
3.044000000000000000e+04
3.329000000000000000e+04
3.581000000000000000e+04
2.548000000000000000e+04
3.540000000000000000e+04
2.530000000000000000e+04
2.880000000000000000e+04
3.538000000000000000e+04
3.527000000000000000e+04
4.061000000000000000e+04
4.020000000000000000e+04
3.544000000000000000e+04
2.532000000000000000e+04
2.520000000000000000e+04
3.305000000000000000e+04
2.850000000000000000e+04
2.361000000000000000e+04
3.342000000000000000e+04
3.235000000000000000e+04
3.031000000000000000e+04
2.838000000000000000e+04
2.380000000000000000e+04
4.030000000000000000e+04
5.096000000000000000e+04
3.234000000000000000e+04
3.217000000000000000e+04
3.244000000000000000e+04
3.539000000000000000e+04
3.373000000000000000e+04
2.555000000000000000e+04
3.012000000000000000e+04
2.875000000000000000e+04
2.806000000000000000e+04
3.582000000000000000e+04
3.036000000000000000e+04
2.557000000000000000e+04
4.540000000000000000e+04
4.571000000000000000e+04
3.022000000000000000e+04
3.289000000000000000e+04
3.270000000000000000e+04
2.374000000000000000e+04
2.547000000000000000e+04
3.062000000000000000e+04
3.579000000000000000e+04
3.022000000000000000e+04
2.380000000000000000e+04
3.329000000000000000e+04
3.385000000000000000e+04
3.060000000000000000e+04
4.009000000000000000e+04
2.855000000000000000e+04
3.570000000000000000e+04
3.583000000000000000e+04
3.053000000000000000e+04
2.363000000000000000e+04
3.710000000000000000e+04
2.046000000000000000e+04
3.538000000000000000e+04
3.250000000000000000e+04
2.450000000000000000e+04
4.993000000000000000e+04
3.025000000000000000e+04
4.708000000000000000e+04
2.547000000000000000e+04
3.290000000000000000e+04
3.403000000000000000e+04
3.242000000000000000e+04
3.567000000000000000e+04
3.057000000000000000e+04
2.558000000000000000e+04
3.579000000000000000e+04
3.551000000000000000e+04
3.068000000000000000e+04
2.501000000000000000e+04
3.531000000000000000e+04
2.365000000000000000e+04
3.060000000000000000e+04
3.818000000000000000e+04
3.553000000000000000e+04
3.023000000000000000e+04
2.828000000000000000e+04
3.043000000000000000e+04
3.338000000000000000e+04
2.364000000000000000e+04
4.089000000000000000e+04
2.032000000000000000e+04
3.557000000000000000e+04
4.005000000000000000e+04
2.361000000000000000e+04
3.575000000000000000e+04
3.990000000000000000e+04
3.061000000000000000e+04
2.556000000000000000e+04
3.569000000000000000e+04
3.507000000000000000e+04
3.538000000000000000e+04
3.004000000000000000e+04
3.397000000000000000e+04
3.037000000000000000e+04
3.566000000000000000e+04
3.348000000000000000e+04
2.360000000000000000e+04
3.778000000000000000e+04
3.043000000000000000e+04
3.548000000000000000e+04
4.531000000000000000e+04
4.592000000000000000e+04
2.812000000000000000e+04
4.550000000000000000e+04
3.052000000000000000e+04
3.686000000000000000e+04
3.563000000000000000e+04
3.001000000000000000e+04
3.253000000000000000e+04
3.518000000000000000e+04
3.010000000000000000e+04
4.537000000000000000e+04
3.295000000000000000e+04
2.342000000000000000e+04
2.343000000000000000e+04
2.793000000000000000e+04
4.567000000000000000e+04
3.008000000000000000e+04
2.893000000000000000e+04
4.438000000000000000e+04
2.530000000000000000e+04
3.774000000000000000e+04
3.551000000000000000e+04
2.821000000000000000e+04
4.056000000000000000e+04
3.566000000000000000e+04
3.065000000000000000e+04
3.543000000000000000e+04
2.554000000000000000e+04
4.518000000000000000e+04
3.041000000000000000e+04
5.469000000000000000e+04
3.519000000000000000e+04
3.362000000000000000e+04
3.538000000000000000e+04
2.551000000000000000e+04
3.781000000000000000e+04
2.841000000000000000e+04
2.849000000000000000e+04
3.537000000000000000e+04
2.515000000000000000e+04
3.852000000000000000e+04
2.873000000000000000e+04
3.573000000000000000e+04
3.551000000000000000e+04
2.552000000000000000e+04
3.061000000000000000e+04
2.548000000000000000e+04
3.731000000000000000e+04
3.296000000000000000e+04
2.826000000000000000e+04
3.272000000000000000e+04
3.061000000000000000e+04
2.380000000000000000e+04
5.013000000000000000e+04
2.042000000000000000e+04
3.974000000000000000e+04
3.064000000000000000e+04
3.505000000000000000e+04
2.541000000000000000e+04
3.512000000000000000e+04
3.002000000000000000e+04
3.530000000000000000e+04
2.840000000000000000e+04
4.059000000000000000e+04
2.816000000000000000e+04
2.805000000000000000e+04
3.301000000000000000e+04
3.047000000000000000e+04
3.714000000000000000e+04
2.554000000000000000e+04
3.516000000000000000e+04
2.803000000000000000e+04
1.901000000000000000e+04
3.047000000000000000e+04
3.059000000000000000e+04
4.585000000000000000e+04
3.037000000000000000e+04
2.801000000000000000e+04
3.047000000000000000e+04
2.795000000000000000e+04
3.601000000000000000e+04
2.526000000000000000e+04
3.507000000000000000e+04
4.096000000000000000e+04
3.071000000000000000e+04
3.062000000000000000e+04
4.125000000000000000e+04
2.822000000000000000e+04
3.069000000000000000e+04
3.061000000000000000e+04
3.036000000000000000e+04
2.372000000000000000e+04
2.543000000000000000e+04
2.558000000000000000e+04
4.051000000000000000e+04
2.555000000000000000e+04
3.070000000000000000e+04
2.555000000000000000e+04
3.571000000000000000e+04
2.552000000000000000e+04
5.151000000000000000e+04
3.042000000000000000e+04
2.554000000000000000e+04
2.550000000000000000e+04
4.042000000000000000e+04
5.028000000000000000e+04
3.919000000000000000e+04
3.225000000000000000e+04
3.048000000000000000e+04
3.316000000000000000e+04
2.556000000000000000e+04
4.087000000000000000e+04
3.037000000000000000e+04
2.805000000000000000e+04
2.336000000000000000e+04
3.615000000000000000e+04
3.287000000000000000e+04
2.893000000000000000e+04
2.874000000000000000e+04
4.043000000000000000e+04
3.028000000000000000e+04
1.952000000000000000e+04
3.534000000000000000e+04
2.551000000000000000e+04
3.047000000000000000e+04
3.045000000000000000e+04
3.668000000000000000e+04
5.049000000000000000e+04
4.568000000000000000e+04
3.047000000000000000e+04
7.115000000000000000e+04
4.092000000000000000e+04
4.553000000000000000e+04
4.080000000000000000e+04
3.060000000000000000e+04
3.513000000000000000e+04
2.807000000000000000e+04
3.974000000000000000e+04
3.067000000000000000e+04
3.549000000000000000e+04
2.554000000000000000e+04
3.048000000000000000e+04
3.528000000000000000e+04
3.035000000000000000e+04
2.559000000000000000e+04
3.563000000000000000e+04
3.063000000000000000e+04
3.026000000000000000e+04
4.043000000000000000e+04
4.470000000000000000e+04
3.235000000000000000e+04
4.921000000000000000e+04
2.839000000000000000e+04
2.364000000000000000e+04
3.332000000000000000e+04
2.557000000000000000e+04
3.546000000000000000e+04
3.028000000000000000e+04
3.519000000000000000e+04
3.252000000000000000e+04
2.890000000000000000e+04
2.556000000000000000e+04
3.565000000000000000e+04
4.882000000000000000e+04
3.870000000000000000e+04
4.030000000000000000e+04
3.258000000000000000e+04
5.233000000000000000e+04
4.525000000000000000e+04
2.754000000000000000e+04
3.767000000000000000e+04
3.056000000000000000e+04
2.538000000000000000e+04
3.063000000000000000e+04
2.534000000000000000e+04
2.836000000000000000e+04
3.021000000000000000e+04
3.717000000000000000e+04
2.855000000000000000e+04
3.040000000000000000e+04
2.510000000000000000e+04
3.494000000000000000e+04
2.807000000000000000e+04
2.811000000000000000e+04
3.300000000000000000e+04
3.573000000000000000e+04
3.962000000000000000e+04
3.299000000000000000e+04
3.312000000000000000e+04
2.342000000000000000e+04
2.382000000000000000e+04
3.219000000000000000e+04
3.530000000000000000e+04
2.921000000000000000e+04
3.043000000000000000e+04
2.818000000000000000e+04
2.547000000000000000e+04
4.434000000000000000e+04
2.047000000000000000e+04
3.535000000000000000e+04
3.028000000000000000e+04
3.047000000000000000e+04
2.536000000000000000e+04
3.313000000000000000e+04
3.315000000000000000e+04
3.054000000000000000e+04
3.033000000000000000e+04
4.031000000000000000e+04
4.044000000000000000e+04
2.835000000000000000e+04
2.807000000000000000e+04
3.501000000000000000e+04
5.566000000000000000e+04
3.546000000000000000e+04
4.068000000000000000e+04
3.051000000000000000e+04
3.069000000000000000e+04
3.067000000000000000e+04
3.059000000000000000e+04
5.013000000000000000e+04
4.113000000000000000e+04
3.069000000000000000e+04
4.538000000000000000e+04
5.031000000000000000e+04
3.042000000000000000e+04
2.416000000000000000e+04
3.338000000000000000e+04
4.049000000000000000e+04
3.264000000000000000e+04
3.029000000000000000e+04
3.012000000000000000e+04
3.501000000000000000e+04
3.809000000000000000e+04
3.068000000000000000e+04
3.559000000000000000e+04
3.060000000000000000e+04
3.295000000000000000e+04
3.054000000000000000e+04
3.054000000000000000e+04
3.068000000000000000e+04
2.547000000000000000e+04
3.375000000000000000e+04
3.296000000000000000e+04
3.355000000000000000e+04
3.025000000000000000e+04
4.560000000000000000e+04
3.542000000000000000e+04
2.842000000000000000e+04
4.524000000000000000e+04
3.064000000000000000e+04
4.092000000000000000e+04
3.064000000000000000e+04
2.758000000000000000e+04
3.344000000000000000e+04
4.576000000000000000e+04
3.016000000000000000e+04
2.770000000000000000e+04
2.878000000000000000e+04
3.230000000000000000e+04
3.504000000000000000e+04
3.202000000000000000e+04
2.543000000000000000e+04
2.823000000000000000e+04
2.384000000000000000e+04
3.051000000000000000e+04
3.522000000000000000e+04
3.071000000000000000e+04
4.081000000000000000e+04
2.529000000000000000e+04
3.304000000000000000e+04
3.050000000000000000e+04
2.520000000000000000e+04
2.527000000000000000e+04
3.054000000000000000e+04
4.086000000000000000e+04
5.026000000000000000e+04
2.558000000000000000e+04
3.044000000000000000e+04
3.051000000000000000e+04
3.063000000000000000e+04
2.877000000000000000e+04
3.551000000000000000e+04
3.063000000000000000e+04
2.550000000000000000e+04
3.035000000000000000e+04
4.568000000000000000e+04
2.544000000000000000e+04
3.542000000000000000e+04
4.567000000000000000e+04
3.527000000000000000e+04
3.216000000000000000e+04
3.070000000000000000e+04
4.067000000000000000e+04
2.535000000000000000e+04
2.843000000000000000e+04
2.028000000000000000e+04
3.565000000000000000e+04
3.579000000000000000e+04
3.069000000000000000e+04
3.039000000000000000e+04
3.553000000000000000e+04
3.030000000000000000e+04
3.072000000000000000e+04
3.535000000000000000e+04
2.537000000000000000e+04
3.297000000000000000e+04
3.064000000000000000e+04
4.048000000000000000e+04
3.542000000000000000e+04
2.850000000000000000e+04
2.519000000000000000e+04
3.338000000000000000e+04
3.334000000000000000e+04
2.851000000000000000e+04
2.870000000000000000e+04
3.991000000000000000e+04
3.794000000000000000e+04
3.573000000000000000e+04
7.040000000000000000e+04
2.809000000000000000e+04
2.342000000000000000e+04
3.374000000000000000e+04
4.383000000000000000e+04
2.867000000000000000e+04
3.314000000000000000e+04
3.040000000000000000e+04
4.087000000000000000e+04
2.536000000000000000e+04
3.529000000000000000e+04
3.299000000000000000e+04
2.392000000000000000e+04
3.565000000000000000e+04
4.553000000000000000e+04
2.776000000000000000e+04
3.778000000000000000e+04
3.040000000000000000e+04
3.569000000000000000e+04
3.067000000000000000e+04
3.558000000000000000e+04
2.544000000000000000e+04
2.830000000000000000e+04
4.635000000000000000e+04
3.040000000000000000e+04
3.265000000000000000e+04
3.545000000000000000e+04
2.830000000000000000e+04
2.540000000000000000e+04
2.365000000000000000e+04
2.996000000000000000e+04
4.960000000000000000e+04
3.677000000000000000e+04
3.725000000000000000e+04
2.553000000000000000e+04
2.870000000000000000e+04
3.389000000000000000e+04
3.042000000000000000e+04
4.194000000000000000e+04
3.023000000000000000e+04
3.182000000000000000e+04
3.301000000000000000e+04
3.288000000000000000e+04
3.048000000000000000e+04
3.049000000000000000e+04
3.270000000000000000e+04
3.556000000000000000e+04
3.549000000000000000e+04
3.057000000000000000e+04
3.572000000000000000e+04
3.565000000000000000e+04
3.525000000000000000e+04
3.062000000000000000e+04
3.211000000000000000e+04
3.070000000000000000e+04
3.550000000000000000e+04
2.849000000000000000e+04
3.542000000000000000e+04
4.020000000000000000e+04
3.554000000000000000e+04
4.092000000000000000e+04
3.873000000000000000e+04
3.300000000000000000e+04
3.021000000000000000e+04
2.401000000000000000e+04
3.009000000000000000e+04
2.381000000000000000e+04
2.531000000000000000e+04
2.371000000000000000e+04
3.063000000000000000e+04
3.479000000000000000e+04
3.561000000000000000e+04
2.806000000000000000e+04
3.519000000000000000e+04
2.834000000000000000e+04
4.549000000000000000e+04
3.025000000000000000e+04
4.183000000000000000e+04
4.079000000000000000e+04
3.574000000000000000e+04
3.010000000000000000e+04
3.676000000000000000e+04
2.557000000000000000e+04
2.558000000000000000e+04
3.023000000000000000e+04
3.063000000000000000e+04
3.032000000000000000e+04
3.533000000000000000e+04
2.774000000000000000e+04
3.059000000000000000e+04
2.542000000000000000e+04
2.822000000000000000e+04
2.779000000000000000e+04
2.834000000000000000e+04
4.549000000000000000e+04
3.540000000000000000e+04
4.128000000000000000e+04
2.831000000000000000e+04
2.379000000000000000e+04
4.024000000000000000e+04
3.537000000000000000e+04
4.042000000000000000e+04
2.401000000000000000e+04
4.029000000000000000e+04
3.584000000000000000e+04
3.041000000000000000e+04
3.059000000000000000e+04
3.049000000000000000e+04
3.233000000000000000e+04
2.792000000000000000e+04
4.038000000000000000e+04
3.009000000000000000e+04
3.550000000000000000e+04
3.048000000000000000e+04
2.852000000000000000e+04
2.798000000000000000e+04
3.321000000000000000e+04
3.264000000000000000e+04
3.364000000000000000e+04
3.039000000000000000e+04
3.050000000000000000e+04
4.488000000000000000e+04
2.351000000000000000e+04
3.324000000000000000e+04
2.988000000000000000e+04
2.891000000000000000e+04
3.048000000000000000e+04
2.841000000000000000e+04
3.055000000000000000e+04
3.977000000000000000e+04
3.545000000000000000e+04
2.517000000000000000e+04
3.481000000000000000e+04
3.676000000000000000e+04
3.235000000000000000e+04
2.358000000000000000e+04
3.228000000000000000e+04
2.842000000000000000e+04
4.056000000000000000e+04
3.214000000000000000e+04
3.583000000000000000e+04
2.044000000000000000e+04
3.557000000000000000e+04
3.522000000000000000e+04
2.428000000000000000e+04
2.539000000000000000e+04
3.307000000000000000e+04
4.943000000000000000e+04
3.063000000000000000e+04
2.782000000000000000e+04
2.858000000000000000e+04
3.766000000000000000e+04
3.069000000000000000e+04
2.538000000000000000e+04
2.368000000000000000e+04
3.864000000000000000e+04
3.537000000000000000e+04
3.068000000000000000e+04
2.557000000000000000e+04
3.068000000000000000e+04
3.511000000000000000e+04
3.060000000000000000e+04
4.000000000000000000e+04
3.244000000000000000e+04
4.059000000000000000e+04
3.063000000000000000e+04
4.090000000000000000e+04
3.059000000000000000e+04
2.555000000000000000e+04
3.067000000000000000e+04
4.042000000000000000e+04
2.327000000000000000e+04
3.287000000000000000e+04
3.957000000000000000e+04
3.065000000000000000e+04
3.539000000000000000e+04
3.557000000000000000e+04
3.044000000000000000e+04
4.538000000000000000e+04
2.343000000000000000e+04
2.840000000000000000e+04
3.506000000000000000e+04
2.798000000000000000e+04
4.754000000000000000e+04
3.541000000000000000e+04
3.912000000000000000e+04
3.062000000000000000e+04
2.855000000000000000e+04
4.502000000000000000e+04
3.017000000000000000e+04
3.540000000000000000e+04
2.537000000000000000e+04
3.049000000000000000e+04
2.777000000000000000e+04
2.553000000000000000e+04
2.540000000000000000e+04
3.043000000000000000e+04
2.538000000000000000e+04
2.880000000000000000e+04
3.043000000000000000e+04
3.566000000000000000e+04
5.029000000000000000e+04
3.574000000000000000e+04
3.959000000000000000e+04
2.880000000000000000e+04
3.999000000000000000e+04
4.559000000000000000e+04
3.062000000000000000e+04
3.547000000000000000e+04
3.340000000000000000e+04
3.295000000000000000e+04
3.303000000000000000e+04
4.552000000000000000e+04
3.638000000000000000e+04
3.058000000000000000e+04
3.519000000000000000e+04
2.343000000000000000e+04
2.535000000000000000e+04
2.036000000000000000e+04
3.497000000000000000e+04
3.011000000000000000e+04
2.925000000000000000e+04
3.548000000000000000e+04
3.036000000000000000e+04
3.005000000000000000e+04
2.818000000000000000e+04
2.378000000000000000e+04
3.049000000000000000e+04
2.877000000000000000e+04
3.999000000000000000e+04
2.774000000000000000e+04
3.576000000000000000e+04
3.578000000000000000e+04
2.549000000000000000e+04
4.061000000000000000e+04
2.540000000000000000e+04
3.357000000000000000e+04
2.846000000000000000e+04
2.045000000000000000e+04
3.566000000000000000e+04
4.028000000000000000e+04
3.298000000000000000e+04
3.004000000000000000e+04
3.044000000000000000e+04
4.089000000000000000e+04
3.072000000000000000e+04
3.037000000000000000e+04
3.489000000000000000e+04
3.183000000000000000e+04
3.244000000000000000e+04
2.836000000000000000e+04
3.055000000000000000e+04
3.548000000000000000e+04
4.068000000000000000e+04
4.529000000000000000e+04
2.816000000000000000e+04
3.752000000000000000e+04
3.021000000000000000e+04
2.036000000000000000e+04
2.915000000000000000e+04
3.821000000000000000e+04
6.490000000000000000e+04
2.786000000000000000e+04
3.259000000000000000e+04
2.820000000000000000e+04
2.900000000000000000e+04
3.546000000000000000e+04
3.038000000000000000e+04
3.265000000000000000e+04
2.558000000000000000e+04
3.037000000000000000e+04
3.040000000000000000e+04
3.049000000000000000e+04
4.041000000000000000e+04
3.062000000000000000e+04
2.559000000000000000e+04
3.546000000000000000e+04
3.061000000000000000e+04
3.189000000000000000e+04
2.343000000000000000e+04
2.357000000000000000e+04
4.696000000000000000e+04
4.544000000000000000e+04
2.555000000000000000e+04
2.872000000000000000e+04
3.561000000000000000e+04
2.386000000000000000e+04
2.357000000000000000e+04
3.501000000000000000e+04
3.041000000000000000e+04
3.746000000000000000e+04
2.790000000000000000e+04
2.554000000000000000e+04
4.536000000000000000e+04
3.031000000000000000e+04
2.803000000000000000e+04
3.057000000000000000e+04
4.993000000000000000e+04
2.338000000000000000e+04
2.818000000000000000e+04
2.876000000000000000e+04
2.509000000000000000e+04
3.328000000000000000e+04
3.018000000000000000e+04
2.868000000000000000e+04
2.553000000000000000e+04
2.532000000000000000e+04
3.058000000000000000e+04
4.064000000000000000e+04
2.393000000000000000e+04
3.555000000000000000e+04
3.052000000000000000e+04
2.557000000000000000e+04
3.062000000000000000e+04
3.556000000000000000e+04
3.532000000000000000e+04
2.345000000000000000e+04
4.702000000000000000e+04
3.056000000000000000e+04
3.554000000000000000e+04
3.493000000000000000e+04
2.533000000000000000e+04
2.873000000000000000e+04
3.550000000000000000e+04
2.380000000000000000e+04
4.013000000000000000e+04
2.815000000000000000e+04
2.360000000000000000e+04
2.439000000000000000e+04
3.783000000000000000e+04
3.526000000000000000e+04
3.034000000000000000e+04
2.542000000000000000e+04
3.556000000000000000e+04
2.558000000000000000e+04
3.019000000000000000e+04
3.976000000000000000e+04
3.539000000000000000e+04
3.066000000000000000e+04
2.545000000000000000e+04
3.828000000000000000e+04
4.545000000000000000e+04
3.066000000000000000e+04
3.038000000000000000e+04
3.508000000000000000e+04
4.013000000000000000e+04
2.809000000000000000e+04
3.301000000000000000e+04
3.800000000000000000e+04
6.834000000000000000e+04
3.263000000000000000e+04
2.832000000000000000e+04
3.018000000000000000e+04
2.546000000000000000e+04
3.540000000000000000e+04
3.038000000000000000e+04
4.039000000000000000e+04
3.063000000000000000e+04
3.555000000000000000e+04
2.800000000000000000e+04
2.851000000000000000e+04
4.053000000000000000e+04
2.766000000000000000e+04
2.779000000000000000e+04
2.385000000000000000e+04
2.884000000000000000e+04
2.548000000000000000e+04
3.707000000000000000e+04
3.068000000000000000e+04
2.524000000000000000e+04
3.028000000000000000e+04
3.237000000000000000e+04
5.007000000000000000e+04
3.070000000000000000e+04
4.571000000000000000e+04
4.134000000000000000e+04
3.058000000000000000e+04
3.533000000000000000e+04
3.040000000000000000e+04
3.068000000000000000e+04
3.510000000000000000e+04
4.000000000000000000e+04
3.577000000000000000e+04
3.069000000000000000e+04
4.486000000000000000e+04
2.339000000000000000e+04
3.640000000000000000e+04
3.578000000000000000e+04
2.550000000000000000e+04
3.062000000000000000e+04
4.448000000000000000e+04
3.032000000000000000e+04
2.804000000000000000e+04
2.814000000000000000e+04
3.068000000000000000e+04
4.073000000000000000e+04
3.061000000000000000e+04
3.058000000000000000e+04
2.550000000000000000e+04
3.496000000000000000e+04
3.233000000000000000e+04
2.768000000000000000e+04
2.358000000000000000e+04
2.839000000000000000e+04
3.007000000000000000e+04
3.052000000000000000e+04
3.061000000000000000e+04
2.556000000000000000e+04
4.490000000000000000e+04
4.478000000000000000e+04
3.494000000000000000e+04
2.816000000000000000e+04
3.058000000000000000e+04
3.503000000000000000e+04
2.824000000000000000e+04
2.823000000000000000e+04
2.394000000000000000e+04
3.780000000000000000e+04
4.122000000000000000e+04
3.293000000000000000e+04
3.542000000000000000e+04
2.996000000000000000e+04
2.821000000000000000e+04
2.838000000000000000e+04
2.554000000000000000e+04
3.041000000000000000e+04
3.828000000000000000e+04
2.846000000000000000e+04
3.212000000000000000e+04
3.514000000000000000e+04
2.931000000000000000e+04
2.528000000000000000e+04
2.537000000000000000e+04
3.544000000000000000e+04
4.065000000000000000e+04
2.559000000000000000e+04
3.057000000000000000e+04
3.493000000000000000e+04
2.797000000000000000e+04
2.551000000000000000e+04
3.045000000000000000e+04
2.860000000000000000e+04
3.521000000000000000e+04
3.052000000000000000e+04
3.065000000000000000e+04
3.048000000000000000e+04
3.574000000000000000e+04
4.525000000000000000e+04
3.018000000000000000e+04
4.032000000000000000e+04
3.516000000000000000e+04
3.334000000000000000e+04
4.468000000000000000e+04
2.793000000000000000e+04
3.554000000000000000e+04
3.032000000000000000e+04
2.550000000000000000e+04
3.541000000000000000e+04
2.880000000000000000e+04
3.044000000000000000e+04
3.515000000000000000e+04
4.024000000000000000e+04
3.228000000000000000e+04
3.345000000000000000e+04
3.507000000000000000e+04
3.566000000000000000e+04
2.807000000000000000e+04
2.046000000000000000e+04
3.061000000000000000e+04
3.062000000000000000e+04
4.545000000000000000e+04
2.802000000000000000e+04
3.580000000000000000e+04
4.066000000000000000e+04
3.575000000000000000e+04
4.075000000000000000e+04
2.991000000000000000e+04
3.057000000000000000e+04
3.567000000000000000e+04
3.576000000000000000e+04
3.066000000000000000e+04
3.044000000000000000e+04
3.069000000000000000e+04
5.044000000000000000e+04
2.343000000000000000e+04
2.539000000000000000e+04
3.696000000000000000e+04
3.397000000000000000e+04
2.523000000000000000e+04
3.048000000000000000e+04
2.791000000000000000e+04
3.274000000000000000e+04
2.800000000000000000e+04
3.063000000000000000e+04
3.020000000000000000e+04
3.290000000000000000e+04
2.558000000000000000e+04
3.069000000000000000e+04
3.534000000000000000e+04
3.041000000000000000e+04
3.038000000000000000e+04
2.525000000000000000e+04
3.725000000000000000e+04
3.047000000000000000e+04
3.059000000000000000e+04
3.975000000000000000e+04
2.810000000000000000e+04
3.794000000000000000e+04
3.364000000000000000e+04
2.421000000000000000e+04
3.059000000000000000e+04
3.306000000000000000e+04
4.075000000000000000e+04
3.579000000000000000e+04
3.520000000000000000e+04
3.289000000000000000e+04
3.525000000000000000e+04
3.765000000000000000e+04
3.054000000000000000e+04
3.058000000000000000e+04
3.034000000000000000e+04
3.305000000000000000e+04
3.565000000000000000e+04
2.824000000000000000e+04
2.380000000000000000e+04
3.322000000000000000e+04
3.528000000000000000e+04
3.060000000000000000e+04
2.560000000000000000e+04
3.036000000000000000e+04
3.529000000000000000e+04
3.059000000000000000e+04
3.052000000000000000e+04
3.763000000000000000e+04
3.033000000000000000e+04
3.544000000000000000e+04
5.472000000000000000e+04
3.014000000000000000e+04
2.786000000000000000e+04
4.300000000000000000e+04
3.841000000000000000e+04
4.032000000000000000e+04
5.015000000000000000e+04
