960
825
742
798
740
861
870
776
865
818
637
888
779
834
916
849
802
778
841
745
768
757
872
744
815
877
976
779
855
804
693
838
785
691
784
791
896
846
685
882
788
799
773
851
824
863
756
759
855
679
854
747
751
741
910
761
863
738
737
875
821
756
927
735
892
715
816
750
864
790
686
945
924
950
664
849
752
786
821
847
705
696
852
910
752
844
812
782
850
780
904
696
837
848
844
848
705
896
809
746
691
719
725
787
785
838
739
763
740
933
873
868
787
791
817
879
924
866
770
813
865
873
733
732
785
840
865
685
802
902
762
775
797
987
807
737
760
739
755
765
936
880
783
827
739
715
677
957
747
690
836
775
807
708
785
785
772
789
823
761
847
771
812
888
790
913
858
855
877
882
856
721
814
873
838
782
831
911
833
855
736
703
741
819
873
673
909
829
788
719
732
872
860
820
781
776
764
813
907
849
742
959
815
680
788
768
856
901
788
891
767
878
836
823
747
834
829
899
740
878
788
676
912
878
659
754
704
712
873
816
760
700
829
777
1026
821
797
756
817
758
959
860
833
797
741
768
711
710
740
805
825
938
882
688
769
839
763
857
839
829
716
882
679
770
843
801
795
755
788
921
742
702
661
803
919
760
783
750
953
819
888
823
843
735
698
831
764
799
743
765
755
774
835
775
757
856
823
761
922
840
781
820
656
759
763
677
759
877
694
787
903
795
773
839
770
685
781
795
792
815
797
802
749
815
881
734
821
823
762
709
814
759
828
767
806
839
711
843
801
719
683
750
837
862
732
789
779
746
760
842
651
792
767
747
864
708
912
878
814
849
673
836
780
793
830
804
937
722
760
765
755
717
775
761
849
951
748
767
808
858
720
880
912
720
793
844
928
759
832
785
689
873
853
758
807
722
798
858
750
753
741
865
760
883
723
847
844
877
712
802
852
766
698
686
853
746
676
743
843
814
767
798
850
917
869
771
690
851
752
754
846
859
748
720
782
902
732
875
754
793
825
744
782
713
767
795
794
745
725
801
856
778
716
857
771
722
716
804
748
816
832
699
788
831
782
773
890
871
836
766
715
831
809
761
763
751
750
826
981
838
830
711
876
819
850
782
694
838
788
837
696
777
803
784
789
737
770
724
1061
748
838
879
868
867
922
925
836
727
815
809
717
707
748
801
772
714
739
784
751
737
735
738
789
798
765
723
900
867
770
739
745
752
743
812
800
861
709
850
862
702
843
764
761
786
740
767
782
633
822
752
749
809
816
669
674
773
638
760
807
832
858
775
726
724
839
769
839
755
851
811
828
848
792
842
746
759
670
719
755
766
820
735
729
850
815
703
674
699
722
876
702
906
810
710
762
841
794
704
784
733
935
755
724
669
686
778
717
808
757
749
709
789
785
743
829
802
799
698
759
783
698
753
607
717
820
742
828
790
736
767
756
920
752
838
798
891
778
852
782
772
742
732
757
816
681
703
717
663
783
767
799
713
802
724
801
830
707
783
682
743
734
747
637
660
795
807
806
867
675
793
813
893
738
785
831
743
790
727
649
761
807
712
822
693
695
746
807
856
821
697
669
750
758
841
914
648
891
743
838
792
760
754
865
740
650
724
764
861
792
805
763
709
666
700
750
794
909
739
758
757
713
742
691
769
758
865
862
686
858
859
850
727
810
773
816
883
771
674
854
746
781
759
726
782
697
865
747
756
905
784
721
783
699
773
774
760
960
870
705
848
825
756
833
724
678
745
757
864
855
659
766
705
749
698
823
798
797
678
793
670
708
783
729
735
741
760
810
847
771
766
798
766
737
842
756
830
653
654
705
753
743
751
679
778
647
613
719
683
880
749
803
820
726
652
720
759
801
721
809
733
716
769
792
797
918
766
798
698
865
681
802
795
872
657
790
786
776
775
721
620
694
736
812
805
813
901
904
770
755
829
759
876
766
740
671
699
739
805
737
901
803
814
699
833
775
829
670
712
837
739
817
783
844
673
719
764
800
709
724
714
832
750
699
760
897
716
881
832
689
768
697
890
793
709
694
709
748
783
740
792
762
792
848
730
805
762
671
770
826
752
783
793
705
753
758
736
720
727
837
710
822
784
743
720
743
773
758
786
737
702
752
873
697
787
667
651
796
722
678
738
773
730
705
777
765
754
725
765
738
816
754
741
789
719
812
809
712
771
711
663
779
757
727
884
594
736
781
752
713
679
739
795
747
765
720
783
755
687
690
704
801
685
756
676
827
639
778
731
781
757
720
790
760
725
832
711
746
759
805
770
