648
72
60
90
78
144
894
438
78
90
72
84
78
54
66
90
84
84
90
66
90
96
60
72
60
78
84
72
84
66
90
102
78
96
72
84
78
78
72
84
84
72
84
84
78
72
90
78
72
72
66
90
90
90
102
72
60
90
78
72
54
78
90
96
66
84
72
78
72
78
90
78
102
90
90
84
90
84
84
72
84
102
72
90
72
96
60
90
84
96
66
84
72
84
66
84
84
66
84
84
72
78
72
96
72
90
78
72
90
78
84
66
78
72
90
108
90
72
78
78
78
72
84
84
66
78
90
72
84
78
66
78
90
72
72
84
84
90
90
60
72
72
66
78
72
78
78
102
72
84
72
96
96
84
78
78
84
66
60
60
84
72
84
72
66
72
90
66
72
96
96
66
96
84
78
78
78
84
90
84
102
96
78
90
84
78
78
78
72
90
84
84
78
72
66
72
84
90
72
78
78
84
78
78
84
66
66
66
72
78
90
66
90
84
72
66
84
78
72
78
84
84
72
72
66
78
84
78
90
114
72
72
78
84
66
78
78
84
66
72
72
72
90
78
78
126
84
102
108
72
66
84
84
72
84
66
66
72
66
72
84
78
78
72
102
90
66
84
84
72
90
84
78
78
78
78
84
84
84
78
84
72
78
72
66
66
78
60
72
78
78
78
72
78
78
72
78
60
78
78
