9.81350806451613
9.68145161290323
9.978830645161292
9.651276881720435
9.595766129032258
9.61297043010753
10.316532258064518
9.632056451612906
9.52780457687577
10.879607375331796
10.453842967789024
10.09979838709678
10.087980729617275
9.25100806451613
9.585819892473118
10.684081739852044
9.724798387096776
9.892405913978498
10.735297529068385
10.457997311827961
9.686926648362974
10.378387735117432
9.87701612903226
9.71579301075269
9.68235760192101
9.56350806451613
9.985012931543809
9.637096774193552
10.346774193548388
9.633198924731186
10.25739942528736
9.291515742064966
9.571639784946237
10.03125
9.68951612903226
9.710752688172043
10.141712394792208
10.56451612903226
10.007056451612904
9.362415249748405
9.528293010752693
9.860191732730664
10.071572580645164
10.9566318911077
9.957661290322584
11.098058027437897
10.29448924731183
9.290322580645165
9.378293010752694
9.141196236559143
10.369681958495926
9.698588709677422
10.571482533502834
10.47076612903226
10.12701612903226
9.942353943897334
10.419489247311828
9.951612903225815
9.51209677419355
9.911424731182802
10.365994623655917
10.105767179355892
10.87777840310516
9.589639355309549
9.3991935483871
11.326703869967217
10.00100806451613
9.87573659886647
9.780309139784949
10.069556451612906
9.458669354838712
9.451067323481125
10.165389784946237
10.330712365591399
9.422379032258071
9.50302419354839
9.611962365591399
9.401276881720433
9.53225806451613
9.764247311827964
10.068125629005783
9.65826612903226
10.27816790849327
9.567540322580648
10.036693548387102
9.569556451612906
10.291243283248292
9.775477382276609
10.263172043010755
9.53447580645162
10.013373655913984
9.398904058595388
9.498991935483875
10.33568548387097
9.90242630700779
10.045059509095946
9.759072580645162
10.102822580645164
8.942540322580646
10.43655913978495
10.480846774193552
10.254032258064516
10.129099462365591
10.30759408602151
10.34072580645162
10.138795641541751
9.861077453784633
9.981508738398343
10.235887096774201
9.795362903225808
9.795430107526885
10.134780377668312
9.85087365591398
9.915849332659677
9.860798226718696
10.488273198910019
9.966733870967746
10.040322580645162
9.95262096774194
9.835752688172047
10.167531101123984
10.184610215053764
10.27685244039527
10.119153225806453
10.400268817204301
9.794354838709681
10.437500000000005
10.188508064516133
9.51310483870968
10.377419354838713
10.060752688172045
10.567540322580651
10.28125
9.547584801749156
10.867936769385608
9.890396737115317
10.867955319255373
9.804912866147578
10.295831714838945
11.16253428265387
10.175739247311837
9.236895161290326
9.28427419354839
10.254032258064518
9.38622311827957
10.43850806451613
9.65725806451613
10.003024193548388
9.380040322580646
9.723790322580648
9.590456989247317
10.442385945945457
9.545362903225808
9.446572580645164
9.537365591397851
9.991196236559146
10.286424731182798
10.37903225806452
9.624656033158548
9.548821772869331
9.824207452725254
10.21975806451613
10.401552651093812
10.179384354161899
9.57560483870968
8.9375
10.065524193548388
9.21875
10.096146364861603
9.166330645161292
10.042338709677423
9.900369310992227
10.200940860215056
9.850806451612906
9.505040322580648
10.205645161290326
10.138469367786664
10.399193548387101
10.304973780390915
10.18850806451613
9.987641360771232
10.461962365591402
9.370094086021508
9.337321892049372
9.649327956989255
9.796231262249067
9.438306451612906
10.26612903225807
10.101814516129036
10.339758461782939
10.756996199480911
10.109834339742577
10.73778272154246
9.631115591397851
9.789992371006
9.092173843953605
10.12600806451613
9.490642564342515
10.592792292729728
9.826881720430112
9.09791666666667
10.15108494865865
9.597849462365591
9.908333333333333
10.099798387096776
9.781980130547984
10.881532905462276
9.87600806451613
10.412298387096774
10.106989247311834
10.204841363781858
10.011484983314794
9.637096774193553
9.505241935483879
10.59873271889401
9.485954301075276
9.838776881720435
10.90335609524987
9.820564516129036
9.598857526881723
9.526276881720431
10.12600806451613
10.129099462365591
10.43850806451613
9.646236559139789
9.807503413551807
9.380040322580644
10.105248887652952
9.509139784946239
9.902490899647464
10.183736080948266
9.984879032258064
9.62600806451613
9.715195124212093
10.418558980878236
10.195564516129034
9.65725806451613
9.571459028550244
9.708803763440862
10.479194401775052
9.671438172043013
10.575098360318057
9.99200268817205
10.210752688172049
9.698588709677423
10.101814516129036
9.979185904679513
10.626509981696302
9.602822580645164
10.939857631348183
10.1066364155352
9.916228391402198
10.982862903225811
8.99704301075269
9.910282258064518
10.461318793368296
9.81754032258065
9.998991935483875
10.184543010752693
9.47076612903226
10.639619602321218
10.452753721065742
9.096774193548388
9.68447580645162
10.098255053663845
10.04435483870968
9.888088616981838
8.520161290322585
10.036290322580646
10.756115591397851
9.72076612903226
9.400336021505376
9.614643585465336
10.24307795698925
10.192540322580646
9.924253653383246
10.255040322580648
9.90201612903226
10.9581429763229
9.685483870967749
10.012096774193552
9.71875
9.021169354838714
9.698812172254897
9.346908602150544
10.130040322580646
9.637231182795702
9.808087033573695
11.236391147424238
10.276019693907628
10.758208047154097
9.870302651093812
9.922446236559145
9.053427419354845
9.484879032258068
9.7421370967742
9.894992819770351
9.9681521134594
9.225873655913981
9.84696260100877
9.922446236559145
9.68850806451613
10.905340663641557
10.226814516129034
9.657459677419357
9.664381720430109
9.855316091954025
10.380753416494523
10.496993352402146
9.460685483870968
9.574663978494627
10.59475806451613
9.998051075268824
10.172446236559141
10.020295698924732
9.722782258064518
9.46975806451613
10.880933400427285
9.195564516129034
10.788306451612904
10.244563955541432
9.31350806451613
10.464019251255074
10.80213041680645
10.495168242491662
9.600806451612906
9.755241935483875
10.930960694128107
9.613755032046196
10.73887505811867
9.871034946236563
9.667055840999117
9.071572580645162
9.385080645161292
9.705712365591399
9.28629032258065
9.675403225806457
10.435237933388661
10.012410467833169
10.188575268817209
10.43951612903226
10.302851382488486
10.04858870967742
9.050403225806456
9.374059139784947
9.22816555431962
9.811626344086026
9.161290322580646
10.269153225806456
10.578629032258068
9.103897849462367
10.068548387096778
10.533602371241418
10.019973140349954
10.081233631136307
8.824663978494625
10.051545698924734
10.10786290322581
10.56191024271531
9.557594086021508
9.868739259082698
10.29389136077123
10.350428054981728
10.60972343609301
10.122285858478856
9.74906065358652
9.351814516129037
9.954173618835748
10.204637096774198
9.575096006144403
9.817540322580648
9.97278225806452
10.355336507053693
9.13911290322581
10.4386634399774
9.703629032258068
10.064094700823011
9.81962365591398
10.385328164450806
10.130040322580648
9.34375
10.49793538970403
9.988911290322585
10.004032258064518
9.96875
9.75
10.465498922965557
10.20447392311269
10.185384596709682
9.785282258064525
10.441226289057218
9.68850806451613
9.667338709677422
10.033920074333036
9.50100806451613
10.313044586577686
9.963892615387337
9.650013941122122
9.674361062556288
9.831922043010758
9.666397849462369
9.560618279569898
9.805244252873571
10.53225806451613
10.338776881720433
10.684359605911336
9.236895161290326
9.863639383265358
9.65826612903226
9.625342973674458
9.010349462365596
9.90625
10.233473559460768
9.90725806451613
9.05606229143493
9.96975806451613
10.283641987569968
10.301387454314321
10.411290322580648
9.46875
10.242667962933536
9.699872433215038
9.943685848767887
10.487970430107532
10.082239525398599
9.679288862992985
10.007258064516131
9.501283833889511
9.974798387096774
9.909274193548388
10.081181361124358
9.503024193548388
9.182728494623658
10.064667936449087
9.896236559139787
10.05258624368052
9.628797539594265
9.358870967741938
10.548521505376348
10.076907395636539
10.134790162202572
8.953629032258068
10.04637096774194
10.583499118656238
9.819556451612906
9.805920930663707
9.659274193548388
9.70772849462366
9.736962365591403
10.342543007809976
10.153129395683626
9.819623655913981
9.508064516129032
9.84375
10.067540322580644
10.675027709642558
10.03528225806452
10.389112903225808
10.072520257211583
10.751672677166281
10.34576612903226
8.84677419354839
9.00100806451613
10.393279569892476
9.658266129032258
9.654502688172046
9.923301359014653
9.864842549923196
10.03326612903226
9.619287634408607
10.233938172043015
10.088028879825325
9.709677419354845
9.974798387096776
10.71234046795087
10.928340535633362
9.25100806451613
10.425470430107529
9.600103510072927
10.078897849462368
10.085641836020043
9.608064516129035
9.665456989247316
10.51479189840564
10.109517078058516
10.708736559139792
10.34123154916398
9.877016129032258
9.676545698924734
10.255040322580646
10.428695175483274
10.730273869623142
10.357025700219523
10.213661716790199
9.53225806451613
10.398252688172049
10.45339435057177
9.855913978494625
10.40625
9.360887096774196
9.533266129032258
9.791875231738972
10.06607573229515
9.630040322580648
10.972707660186806
10.08507163309026
10.06550585306426
9.913306451612906
9.990927419354845
9.938242226812866
10.196572580645164
9.541330645161292
10.031493809768289
10.549692780337946
10.271017915261528
10.713873881031839
8.78326612903226
9.689516129032262
9.561700500556178
10.611558146617941
9.521236559139787
9.74550908269624
9.97076612903226
9.776271915885383
9.193548387096776
10.280309139784949
10.511023749198113
10.811169818316655
9.45020161290323
10.592151411395019
9.998994105737719
10.573317464731538
9.824663978494625
10.35799731182796
10.00201612903226
9.90625
9.782258064516132
9.763104838709678
9.28225806451613
10.166397849462372
9.543346774193553
9.473588231485904
10.720278756231204
10.03225806451613
10.04549731182796
9.849590484135819
10.662263736603286
10.038306451612906
9.900403225806453
10.57352352849433
10.021303763440862
10.319623655913983
9.980948082887746
9.678494623655917
10.752370358599508
9.086895161290322
10.348261332403444
9.682869855394888
9.551411290322584
9.572647849462367
9.875
10.67741935483871
10.233804462336165
10.129032258064518
10.376928583199442
10.511458020669648
10.001198311174674
10.91755128420173
10.635080645161294
10.764187059695965
9.643279569892476
10.068548387096776
10.566655079718208
10.008064516129036
10.285282258064518
9.598872093331222
9.701712378380906
9.745161290322585
10.20873655913979
10.40725806451613
10.11620318872822
9.902437636468507
10.330039366197601
9.38823924731183
9.856854838709681
9.211895161290323
9.8307123655914
9.540322580645167
10.160866424186786
10.659341397849463
9.920698924731184
9.96875
9.486155913978495
8.863104838709681
9.78989750516447
9.520228494623659
10.2462521187563
10.726814516129034
10.28938172043011
10.022177419354843
9.53326612903226
10.132051596129743
9.076612903225811
9.40625
10.032258064516128
10.13508064516129
9.54334677419355
9.851948924731188
9.687977382276609
10.618457861762925
10.021060106467504
9.380241935483875
9.746034946236565
9.961169818316653
10.040322580645164
9.223857526881721
10.363268711266496
9.351948924731186
9.46875
9.220101038190586
9.753024193548388
10.155241935483874
9.789314516129034
9.37802419354839
10.264112903225808
10.743010752688175
10.389224836826344
9.421848350018546
10.716325090782831
10.48897849462366
9.416610907837272
10.22076612903226
9.875
10.361895161290324
9.847782258064518
9.413306451612906
9.689004169830092
10.486804500138762
10.380040322580648
10.036290322580644
10.311693548387101
9.326612903225808
10.078696236559145
10.723790322580646
10.398252688172045
9.84778225806452
10.375128670303864
10.21200194513599
9.752016129032258
10.537298387096778
9.979031086636766
10.438575268817207
11.114646417830517
9.665322580645162
9.07146204483524
10.188281953493304
9.598857526881723
10.006716641359302
10.208160522273428
9.737903225806454
10.12916666666667
9.745967741935488
10.165351566408301
9.5625
10.59090178093238
9.4375
9.15625
10.716935483870971
10.14031463530908
10.939503401780934
9.891129032258068
10.346787435775205
10.383131720430113
10.293012128408405
10.361165036401411
9.671370967741938
9.396438172043014
10.515860730029253
10.392740953635007
10.443548387096774
9.834744623655917
9.29334677419355
10.127083333333333
11.327366716987125
10.04233870967742
10.272264308735393
9.784408602150542
9.731922043010755
10.287657398579256
10.02841550700978
10.511166066352388
10.39894460018209
9.83852561612573
10.595020113471175
9.203696236559141
10.528293010752693
9.767204301075273
10.443391772298895
10.062672816718992
10.483094693692586
10.500134408602154
10.33286290322581
9.654509640341125
9.504099462365593
9.603830645161292
10.073588709677423
9.626283833889513
9.334744623655915
9.749126344086024
9.511155913978497
9.757272962021299
10.159274193548388
9.496034946236563
10.966555284825585
10.300156258276395
9.702620967741938
10.145295698924734
10.02829301075269
9.765030773463758
10.240994623655915
9.917405913978497
10.010697254739245
9.839784946236565
9.07661290322581
9.634072580645164
10.274938276509472
9.997326946165936
10.199665492296196
10.511440143663457
9.490994623655915
9.573588709677423
10.719547586677738
10.363942777395227
10.663631437929274
9.689448152267952
9.528615679679369
9.144153225806452
10.650529284448918
9.457661290322584
10.164314516129034
9.913493240578902
10.474177038046616
10.807369667060996
9.584744623655917
10.602889784946237
9.439583333333333
9.596774193548391
8.819556451612906
10.321639784946239
9.693548387096776
9.759274193548393
9.953763440860216
9.695974694104567
10.333669354838714
8.859946236559145
9.827620967741938
9.962768817204303
9.612648312940308
9.719825268817207
9.362970430107529
9.60887096774194
10.036290322580648
11.219170678382307
9.874969395742482
10.164314516129034
10.263306451612907
10.06451612903226
9.662298387096776
9.718517972418143
9.595833333333337
9.817434899741638
10.40826612903226
9.863978494623659
9.75100806451613
10.282459677419357
10.235039116066654
9.802368703321154
10.362921948843812
9.660483870967747
9.875
9.835504727474978
9.945907489803492
10.36505870946917
10.11260744595701
10.259651118821033
9.226814516129036
9.930080753815467
9.72076612903226
9.004032258064518
9.539314516129032
9.735080645161291
10.37701612903226
9.87701612903226
9.71875
9.486962365591399
8.9235956618465
10.29334677419355
10.18447580645162
10.144506498990653
9.90625
9.95900537634409
10.375
9.83387096774194
9.331720430107529
9.171646737115317
9.165389784946237
10.54074566979184
10.355618221281462
10.6130217805204
10.65826612903226
9.572580645161295
10.378024193548388
10.160282258064518
10.160282258064518
10.24112903225807
9.726520060502267
10.091033142124633
10.299702454520313
9.394220430107529
10.1539789581016
10.281276852293262
10.138104838709678
9.892615141162146
10.22071282906934
9.16566555431962
9.527217741935484
9.507056451612904
11.087903225806453
9.351814516129034
10.110922188675254
10.422792237836736
9.709785784910927
9.81795050055618
10.332453608065396
9.994491233645851
9.981660177975531
9.437029569892475
9.384139784946239
9.786290322580648
9.90625
10.03125
10.675167514169184
9.039314516129036
10.55557795698925
10.681518817204307
10.16733870967742
10.206674082313686
9.944623655913983
9.694758064516133
9.634072580645164
9.51310483870968
10.15725806451613
9.910282258064518
10.264321505082084
10.078198071343241
11.044026431484735
9.40927419354839
9.808948918619397
10.450604838709678
10.460470518389041
9.03225806451613
10.425191019121783
10.511512313799582
9.695564516129036
10.15913706293295
10.661071825838237
9.899260752688175
10.24136761304448
9.357862903225808
9.957930107526884
9.047379032258068
9.523185483870972
10.246034946236561
10.21710152668162
10.295362903225808
9.121034946236563
11.11344689844412
10.756525769373386
8.928837597330372
9.877016129032258
10.008064516129036
9.832213408784602
10.569852452166133
10.487633930410635
10.43850806451613
9.78125
10.006048387096776
9.806451612903231
9.889466176410005
9.368920199398511
10.315606479274448
9.606922043010755
10.029509640341123
9.46975806451613
10.256695968771893
9.671816421538345
10.82404924489881
10.205718361377432
10.40767519466074
9.646370967741941
9.993545738651413
9.375
10.194741548516582
9.761155913978495
9.5625
9.06451612903226
9.66733870967742
9.730846774193552
10.597512962668695
8.97177419354839
10.356746625948523
10.32957187880714
10.709038150855449
10.099798387096778
9.58272849462366
10.218884408602154
10.663306451612906
10.62639290399997
10.521679511626678
10.426411290322584
9.572715053763446
10.339187059695965
9.454106414534671
9.742338709677425
9.878024193548388
9.408266129032258
10.658104647433067
10.345833333333335
9.90880030574831
10.576612903225808
9.582661290322585
9.948588709677422
10.26755540400563
10.479965136159528
10.144354838709683
10.386930253191384
9.307526881720433
11.021073385478283
9.879032258064518
9.286559139784949
10.409408602150542
10.295397664071196
10.3236559139785
10.73574161619907
10.006048387096778
9.373185483870971
10.34993279569893
9.393145161290327
9.895161290322585
10.5047910376609
9.93951612903226
10.789602534562215
10.19934090494436
10.862211172319627
9.893145161290326
9.061521289086643
10.633064516129034
9.910349462365593
9.769153225806456
10.98666178401996
9.917626912030418
10.254742047080764
9.955861046371336
9.660091422862564
9.864919354838712
9.589784946236561
10.715855764194195
10.437690221192724
10.090793010752693
9.353024193548388
10.163440860215054
9.503024193548393
10.446639784946237
9.766577612691355
9.33073491416095
10.891562384130518
9.721841397849463
10.0625
10.192540322580646
10.222782258064518
10.236230070448649
9.509072580645165
11.055814367521824
10.017137096774196
10.003040930251723
10.866588243256771
10.072647849462374
10.07232510696777
10.54536290322581
10.627015135865253
9.955220122593602
9.926073545630002
9.687500000000002
9.526209677419356
10.441280367142438
10.269982373124758
10.495641357828513
9.506048387096776
10.09879032258065
10.67745827227196
