3582
2549
3538
3547
3069
3548
4561
3538
3604
3205
2838
3564
2837
4073
2535
4229
3554
3513
4223
3498
2808
3665
3579
3035
2814
4040
2821
5040
4091
5383
4921
3228
3037
3070
3068
3520
4580
4090
3068
3305
3036
5030
3048
4261
2548
4522
3042
3523
3525
3047
3307
3534
2875
2556
4081
4265
2529
3046
3570
4520
3043
3752
2824
3242
3545
3211
3580
4988
3545
4049
3508
2865
4053
2538
3014
3560
3540
3524
4594
4039
2848
3553
2859
3063
3502
3054
3212
4041
3050
4495
4460
2816
3036
3543
2530
3271
4028
4043
3066
4522
4551
2558
3564
3513
3011
2330
2876
3254
3052
3542
4545
4536
4590
4607
3244
2368
3038
3533
4033
4518
3716
2543
3348
4062
3546
2547
4071
3052
3540
3029
4012
3547
3554
2837
5025
3979
3731
3980
3196
3746
4532
3059
5585
3065
4555
4084
3070
4089
4074
3051
3481
2823
5039
3066
4577
3533
3521
3052
3751
2379
3519
3575
3950
3356
3563
4073
3061
3549
2373
3049
3053
2825
4035
3567
3576
3531
2820
3526
2865
3069
3509
4513
4542
3300
3954
4710
3529
3570
3549
2856
3006
4817
4398
3556
4184
3374
3052
2793
4102
4483
3009
3675
4586
4557
3574
3739
4655
4576
3065
4030
2782
2863
3040
2997
3271
3549
3535
3779
3039
3546
3538
3067
3573
3065
3524
4255
4092
3993
6919
2818
3351
3556
3053
3988
4241
3057
3570
3538
4942
3199
4531
4167
3535
3030
3554
4046
2335
2823
4003
3266
2814
4998
3544
5011
4049
2873
3559
2540
3027
3044
5711
3281
2045
5057
3647
5552
2845
4993
3574
5067
3580
3517
2852
4548
3052
3367
4083
3981
4740
4566
4070
4088
4046
4263
3530
4088
4443
3240
2785
3317
3295
3510
4013
3047
3044
3014
3278
3535
4050
3288
5016
4067
3686
3070
3546
3573
3514
2867
2860
2554
3041
4090
3015
3035
4025
2556
4051
2783
3572
3575
3271
4068
2813
3248
4058
3567
2534
2813
2818
2856
3503
2841
4559
3560
2544
3045
3530
3261
4206
3056
5055
3032
3020
2551
3048
3526
5021
3055
3545
3571
3042
5960
3250
3296
2797
3046
5051
3024
3737
3023
2869
3977
2796
3321
4125
3735
3569
3017
3564
3514
3550
4049
3239
2535
4617
3042
3272
3556
3261
4054
3072
2347
3045
5079
3071
3555
4213
3247
3240
3498
3273
4091
4059
4078
4090
3984
2797
3280
3375
3041
2993
2532
2821
3070
3543
3259
3033
4680
3068
3500
5004
3572
3681
3580
3520
4075
2795
2373
2555
2553
2767
3233
3673
3542
3264
3314
4492
4982
4084
3042
3737
4065
4005
3721
3542
3326
4136
3046
2861
3241
4620
3028
3033
3248
4045
3958
3573
3049
3527
3269
2774
3564
2558
4062
3552
2765
4070
4071
3230
2818
3548
3067
3067
4042
3578
3016
2808
3028
3065
3546
3037
3869
5019
4038
2820
4237
3065
3540
5188
3023
4298
3024
3541
3458
3245
4038
2783
4074
3559
3989
2769
3297
5135
3704
3579
3513
3282
4043
4090
3039
3071
3529
4531
3557
3242
3196
3325
5058
3528
3377
3049
3059
2836
2369
2386
3350
3567
3053
3530
3348
4009
4236
6067
3851
2557
4493
2836
3490
3961
4686
5946
2338
3055
4030
4092
3070
4574
3070
3576
5494
4032
2775
4058
3045
3024
2799
5027
4049
3548
4165
3026
4521
4202
2534
3821
3519
3312
3536
3048
4556
4601
2549
3729
3533
4699
2805
2863
3672
4062
2980
3541
3063
2817
3046
5068
3352
4173
4469
3529
3069
4478
2750
3731
4013
4558
3046
3050
4036
2793
3579
3033
3059
3535
4040
2371
4023
4195
3062
3545
3561
3554
3683
3051
2559
3581
2557
4079
3022
5501
2348
2811
3013
4041
3494
3054
4545
2853
3560
4084
3536
3579
3544
3566
4091
3060
5035
2816
3492
2793
3545
3631
3575
3072
3049
3580
4028
3266
3279
2553
3570
4537
2550
3044
3067
5491
4078
3636
3686
3069
4070
3234
3495
3740
3064
3792
3868
3065
3314
3986
3574
3547
2545
3262
2547
2828
5052
4587
3514
2866
2815
3546
2391
3047
3289
2801
4074
4018
2827
3721
3558
4476
3573
3049
2840
3028
4284
4004
3568
3204
4918
2790
4105
2782
3716
3047
3037
3534
2820
4156
4522
3519
3505
3984
3559
3571
3063
3537
3537
4031
4042
2874
4073
2535
4095
2841
4078
5025
3028
2871
3537
3549
2886
3047
3056
3556
5084
3607
3350
3337
3046
4055
2778
3189
3673
2786
2829
3057
2815
3553
3021
3696
3694
2344
4021
4067
3066
3041
3556
3060
3068
3037
3042
4039
4031
3052
3044
3551
3004
4047
3036
4016
3548
3192
3326
3063
3558
4071
3044
2812
5003
3763
4551
4523
4087
3516
2825
3799
2833
3541
3063
3523
4485
3312
3248
2832
3044
2801
4089
4094
3067
4547
3069
3580
4090
3546
5485
3068
4500
3707
4095
3532
3072
3048
3049
3523
5099
3285
3177
3256
3581
5111
3579
3069
3568
3004
4210
2803
3239
2542
2996
4495
3054
3235
3003
3983
3052
3069
4964
3037
3343
3243
4037
4000
3320
3883
3009
3529
3561
2554
4082
4067
3343
3059
3539
3039
4073
3534
3508
4470
3057
3557
3070
4059
3683
3745
3779
3548
3676
3564
3743
3070
3470
4626
4056
3331
3665
3028
2777
2548
5046
2548
3534
3551
3787
4563
3041
3723
4020
3041
3069
3546
3300
3320
3699
3580
3567
3579
4046
4077
2817
2829
3539
4519
3056
3271
3273
3727
3274
4030
3510
2840
3062
4186
3554
3574
4077
2557
2542
2842
3050
4169
2872
3342
4073
3046
3540
3554
4698
3324
3056
4007
3940
3534
4402
3582
3063
3722
3033
3316
3046
3042
4052
4666
3711
4009
4301
4063
3309
2555
3036
3506
2885
3028
3258
2552
4490
3506
4031
3037
3292
4063
4313
3278
3756
4557
2825
2556
3563
5008
3654
3232
3269
3378
2830
3056
3480
2852
3223
3052
3064
3535
2541
3049
2837
2818
2810
3061
3564
3549
3068
3549
3539
3295
3036
3254
3306
3033
2380
3520
2856
3297
3689
3573
5511
3265
3731
3285
3561
3036
3252
