1046
1017
1121
1034
1141
979
1170
1098
1107
1087
1171
994
902
1056
1098
1097
1092
1104
1081
1312
1189
1069
1162
1124
1128
1116
1067
1113
1113
1113
1132
1133
1024
1142
1095
1250
1294
1070
1164
1129
1030
1109
1022
999
1031
1058
1087
1170
1229
1062
1029
1095
1125
1112
1150
1038
1039
1071
1139
1017
1113
1158
1089
1088
1050
1091
1321
1150
1090
1073
1147
965
1145
1224
1109
1021
1088
1199
1020
982
1042
1126
1116
1146
1048
1012
1008
1203
1165
1251
1089
1183
1038
1030
1087
1034
1108
1063
1157
1216
1193
1297
1238
1071
1164
1120
964
972
1225
1162
1141
1077
941
1020
912
1208
1090
1038
1096
1058
1113
1099
999
1194
1242
1148
1074
1096
1058
1103
1134
1078
1035
1165
1026
1017
1169
1323
1005
1067
1050
1077
1166
984
1055
1090
1116
1151
1223
1009
1063
1047
1139
1041
1139
1069
956
1066
1108
1062
1047
1096
1084
1141
1161
1201
1222
1052
1130
934
1146
1145
1107
1101
1090
1112
1090
1045
1198
1065
995
1323
1091
947
991
1093
1048
1189
1031
1070
1168
1281
1113
1048
1131
1153
1070
1117
1020
1068
1104
1027
1015
1132
969
1193
1192
1100
1245
941
1017
1035
1056
1138
1009
957
1087
927
1160
1068
1067
1023
1011
971
1014
1044
1063
1058
1149
1181
1152
1027
1084
1089
1083
1013
1074
927
1124
1092
977
1010
1074
1068
1025
1121
1114
1037
1035
1066
1009
1137
1213
1079
1149
1032
1086
1022
1096
1069
1170
1179
1077
1123
971
1116
1130
1162
1128
1088
1121
1023
895
1080
1042
1083
1118
1089
1121
1189
1012
1170
1044
1068
1037
1120
1108
1047
1106
1081
1045
1080
1131
1056
1181
1017
1097
1065
1059
1112
961
949
1134
1136
1094
1074
991
1124
1099
1019
1113
1016
1045
1159
1233
1100
1320
1060
1088
974
987
1033
1022
973
1225
1031
1080
1025
1135
1095
1120
1181
1058
983
1140
1025
1251
984
1122
1108
1061
1064
1086
1091
1042
1072
1129
1068
1100
1126
1109
1055
1063
1025
1223
1074
1194
1120
1090
1028
1010
1080
954
1057
1080
1044
1093
1140
1114
1102
995
1074
1063
1075
1105
1202
1075
1042
1106
1082
984
1172
985
1072
971
1090
1148
987
1005
1112
1021
1069
1023
1113
1073
1060
1064
1104
1004
1068
1142
1007
982
1020
1075
919
966
1043
1055
1015
1029
989
1134
1081
1041
1109
987
1032
931
1050
957
1140
966
1186
1118
1095
1051
1023
1033
1156
1127
1047
1193
981
948
1080
1081
1045
968
1046
931
1154
993
1070
989
1115
1082
1032
994
1142
1228
1098
1024
979
1000
1177
974
1046
1090
1064
1096
1080
1061
1002
1040
982
1058
1141
1154
950
1024
1117
1162
1101
1074
979
1173
1105
1035
1101
1152
1002
1041
1008
969
1098
1134
971
1144
1057
1043
1158
1190
1061
1107
1058
1071
1018
1010
1007
942
1154
1010
1020
1010
1133
1156
1135
1041
1063
1065
1051
1094
1235
1051
1097
1001
1055
1075
1135
1008
1041
1073
1143
968
1044
1038
1056
1196
1035
1066
1062
953
1002
1117
1167
1188
1075
1085
1071
1050
1101
1074
1063
1104
1014
975
1085
1002
1197
1076
1047
1025
967
1013
1046
1010
1013
1083
1045
952
1043
1004
1085
1002
1032
1048
1052
1186
1024
1095
1162
1060
1152
1078
1077
1084
1126
1151
1091
1009
1032
995
1043
1041
955
1140
1100
1010
1131
954
1065
1143
997
1010
999
1096
1074
978
1074
1113
1005
1041
976
1108
1096
1146
1026
993
1184
1015
1132
1100
914
1037
1014
1038
966
1149
1139
1090
948
1006
1028
1104
1073
1075
991
1099
998
1034
1111
1093
1025
945
1159
989
1059
1084
1109
1143
1095
938
962
976
1128
1005
1043
1102
1063
984
943
1055
1074
1104
1006
1034
983
1089
1013
1120
977
1052
1011
1022
1038
1071
945
1035
1028
1049
960
1132
1074
1079
1051
952
1012
986
1006
1140
1078
1054
1052
955
1005
1095
1018
1181
980
1019
1066
1115
1064
1140
1199
990
994
1152
996
1056
1074
1015
984
1046
1049
1094
1128
963
1032
1045
998
934
990
1110
979
1089
1077
1085
1029
992
1203
979
952
1002
970
998
986
1043
1058
1059
1060
1024
1062
1116
956
1093
947
1047
1089
1008
993
1073
1041
1047
981
1086
1043
1145
1091
1005
1026
1062
1099
957
1050
969
1108
1077
1106
999
975
1086
996
1133
1063
965
991
1124
1004
1077
1089
1083
1020
996
1072
1058
1133
1010
936
1108
944
959
992
1034
994
1078
979
1003
1089
972
1041
1011
1081
1097
1003
988
1084
941
1021
1037
964
1011
1040
888
897
1037
1018
933
1038
984
963
1070
1053
989
1187
1152
983
1058
1006
1058
961
991
1049
1039
993
979
990
988
1002
1166
1032
990
1042
1013
1040
1071
1039
940
1017
1032
1058
1061
998
1122
1064
986
1091
1058
1083
1007
1117
1053
1163
1005
1080
1066
1108
1079
1030
996
1043
1012
968
1026
1122
1028
1040
1072
1100
1092
1066
961
1015
1079
1075
1016
1003
854
1028
1092
995
1049
1051
1090
941
1080
953
973
978
1000
1044
959
1110
1034
981
1011
1013
1041
1042
965
1031
1128
1031
1051
990
1037
999
934
1036
1083
1025
967
1151
912
1170
1030
1051
1032
1024
1211
1073
966
1012
1091
1059
1028
1085
1009
1000
949
1043
1002
1072
1075
1007
1092
992
1058
1086
1118
1015
1006
1120
998
994
1015
947
1060
1015
1070
993
1101
1129
1080
985
1052
1025
921
1000
1011
1001
1154
939
976
1013
995
1031
1008
1068
1003
1077
1067
967
920
1006
1074
980
988
904
1005
1074
1000
1038
1112
1073
911
1107
1066
1025
1017
1092
1036
1026
1031
975
1072
924
1066
1063
