2826
3066
2880
2682
2298
2688
2112
2688
1716
1032
378
54
72
114
60
90
78
78
90
90
90
84
78
84
228
972
2118
2304
2496
2496
2490
2484
2112
2292
2496
2298
2688
2112
2112
2490
2496
2496
2298
2298
2304
2688
2688
2682
2688
2688
2874
2688
2304
2682
2490
2490
3072
2304
2490
2682
2688
1920
2298
2112
2496
2676
3264
2112
2874
1920
2496
2682
2496
2112
2112
2304
2496
3072
2496
1914
2874
2496
2304
2106
2496
2274
2688
2880
2112
2112
2298
2298
2496
2304
2298
3072
2304
2298
2880
2304
2688
3450
2682
2112
2676
2112
2880
2496
3264
2496
2496
2688
2490
2874
2112
2688
2304
2682
2304
2490
2496
2682
2496
2112
2304
2688
2496
2106
2496
2298
2688
2688
2496
2106
2688
2682
2298
2682
2490
2496
2298
2880
2112
2490
1920
2496
2688
3066
2304
2106
2304
1920
2496
2682
2490
2496
2688
2688
2496
2880
2688
2670
2682
2304
2490
2688
2490
2688
2688
2304
2688
2496
2688
1920
2490
2106
2304
2880
2490
2496
2496
2298
2496
2106
2298
2298
2112
2304
2682
2112
2874
2496
2472
2298
2112
2880
2304
3456
3072
2112
2298
2112
2304
2304
1914
2880
2496
2112
2490
2298
2496
2490
2496
2874
2304
2496
2490
1722
2106
4032
2298
2682
2112
2682
2496
2484
3072
2292
2304
2304
2496
2682
3072
2112
2298
2304
3072
2880
2292
2880
2496
2682
3072
2874
2688
2304
2304
2298
3072
2874
2496
2496
2292
2304
2304
2688
2304
1914
2112
2298
2112
2874
2496
2880
2298
2496
2304
2496
2304
2112
2688
2874
2304
2106
2874
2292
2688
2112
2880
2112
2304
2682
2688
2298
2496
2490
2688
2496
2688
3072
2682
2880
2484
3060
3066
2682
2304
2298
2304
2490
