0.732
0.623
0.781
0.740
0.720
0.771
0.616
0.764
0.574
0.699
0.949
0.476
0.702
0.944
0.585
0.769
0.705
0.669
0.813
0.802
0.784
0.672
0.706
0.687
0.881
0.632
0.747
0.649
0.694
0.664
0.710
0.695
0.613
0.665
0.762
0.703
0.719
0.596
0.582
0.669
0.712
0.751
0.649
0.641
0.710
0.783
0.810
0.807
0.732
0.788
0.791
0.779
0.627
0.780
0.772
0.678
0.831
0.693
0.723
0.794
0.805
0.604
0.683
0.662
0.734
0.810
0.986
0.634
0.893
0.554
0.762
0.778
0.792
0.622
0.644
0.723
0.756
0.990
0.768
0.592
0.872
0.756
0.683
0.631
0.735
0.667
0.794
0.894
0.632
0.697
0.731
0.704
0.736
0.692
0.710
0.948
0.708
0.686
0.933
0.719
0.826
0.979
0.839
0.656
0.792
0.645
0.918
0.751
1.011
0.727
0.743
0.778
0.732
0.852
0.611
0.780
0.644
0.762
0.649
0.692
0.665
0.760
0.678
0.595
0.644
0.787
0.714
0.609
0.726
0.650
0.761
0.737
0.729
0.604
0.768
0.747
0.648
0.751
0.751
0.755
0.649
0.823
0.560
0.742
0.518
0.751
0.733
0.882
0.642
0.614
0.649
0.585
0.692
0.747
0.662
0.701
0.757
0.779
0.699
0.814
0.772
0.821
0.753
0.774
0.688
0.727
0.730
0.711
0.832
0.652
0.796
0.724
0.747
0.550
0.731
0.606
0.687
0.857
0.753
0.692
0.732
0.673
0.721
0.609
0.646
0.675
0.635
0.625
0.781
0.644
0.814
0.705
0.755
0.704
0.607
0.850
0.666
0.993
0.890
0.620
0.674
0.593
0.661
0.683
0.560
0.831
0.688
0.610
0.724
0.634
0.695
0.681
0.721
0.828
0.696
0.706
0.712
0.543
0.578
1.103
0.667
0.809
0.660
0.817
0.710
0.743
0.908
0.702
0.690
0.671
0.705
0.765
0.945
0.630
0.758
0.873
1.065
0.798
0.770
0.859
0.734
0.827
0.960
1.018
0.784
0.675
0.673
0.673
0.857
0.866
0.739
0.748
0.725
0.725
0.653
0.774
0.660
0.526
0.607
0.683
0.623
0.796
0.758
0.807
0.753
0.706
0.690
0.718
0.674
0.614
0.764
0.801
0.668
0.611
0.866
0.646
0.805
0.611
0.823
0.624
0.697
0.777
0.767
0.653
0.702
0.697
0.765
0.727
0.731
0.892
0.713
0.823
0.765
0.873
0.867
0.748
0.674
0.658
0.696
0.733
