81.633
88.758
59.408
68.087
78.599
69.994
81.884
67.981
80.114
81.143
80.570
77.957
71.973
68.335
69.096
67.141
67.330
79.094
78.380
69.195
81.306
80.342
70.147
70.733
79.922
68.371
67.509
79.861
81.795
70.609
78.765
80.353
80.867
70.176
67.738
78.522
68.752
68.451
88.217
80.626
77.088
98.594
80.969
69.862
79.144
77.679
68.462
69.543
79.654
79.668
79.218
89.277
88.853
78.860
80.588
68.362
80.774
79.475
69.694
67.860
68.465
78.446
77.696
68.324
81.456
97.090
67.922
78.467
87.281
88.186
69.281
80.135
80.956
91.085
81.120
81.322
65.894
77.515
68.995
80.096
78.907
71.427
90.845
79.246
81.919
81.336
77.714
70.518
78.152
77.988
80.210
80.698
80.087
91.148
78.753
68.650
59.362
80.139
79.724
78.651
69.465
69.593
77.566
80.265
78.831
68.477
70.528
78.755
69.106
79.102
91.508
79.147
66.436
68.576
78.968
69.465
76.830
67.957
69.329
69.642
79.832
77.542
69.547
69.455
78.222
77.561
69.495
77.738
77.597
79.203
70.712
78.926
68.719
69.718
80.816
80.112
65.449
98.729
79.495
70.194
89.899
78.348
80.794
77.945
89.758
79.247
80.720
69.824
78.576
77.527
78.628
78.421
71.505
79.226
59.261
89.882
68.000
78.708
70.571
80.169
78.195
68.822
82.153
68.813
70.268
69.473
81.199
67.851
67.824
79.795
90.537
80.164
80.470
80.722
78.650
81.162
82.439
70.953
92.370
80.435
69.192
80.422
80.427
69.472
68.805
69.216
78.488
81.677
70.431
80.744
88.127
78.194
80.776
69.327
81.058
69.294
79.528
67.937
68.698
68.331
80.127
57.316
68.738
79.561
79.983
87.395
81.237
80.676
69.278
81.644
78.333
79.988
90.751
68.004
79.899
69.039
90.648
69.804
79.531
69.749
80.975
91.968
70.201
71.756
80.109
70.083
79.451
78.542
68.610
81.579
69.836
67.830
79.976
70.237
79.344
81.134
80.247
78.985
69.206
71.037
69.076
77.565
80.346
80.300
68.196
69.277
78.312
67.911
69.484
91.327
68.219
76.802
59.857
81.811
69.721
80.950
68.428
79.920
79.614
80.217
78.166
80.380
57.688
71.149
80.234
68.329
79.608
79.930
79.152
68.028
81.140
80.441
79.955
71.635
81.029
80.762
68.202
80.086
102.327
78.604
67.757
69.069
78.224
69.556
80.603
79.212
80.996
76.974
92.400
70.521
68.121
80.705
78.748
69.634
79.643
70.320
87.894
69.004
70.227
81.338
80.183
80.597
78.610
78.679
77.184
79.838
68.171
79.461
78.422
79.878
88.712
80.793
80.858
89.478
79.936
78.990
79.080
68.721
80.491
68.205
68.324
77.542
68.503
79.980
79.978
72.752
89.772
67.898
79.293
78.465
69.406
81.000
80.159
81.364
69.062
90.145
81.706
81.802
81.221
71.745
78.085
69.376
77.830
79.075
89.513
67.947
79.316
68.862
69.768
81.682
69.064
79.728
69.977
79.650
78.764
69.916
79.054
77.278
79.936
80.787
80.870
70.625
78.928
68.048
80.443
70.128
77.819
78.797
69.386
70.468
70.222
59.027
69.996
70.111
81.615
69.709
70.070
82.561
69.027
68.659
82.554
68.504
82.088
78.906
69.796
72.465
78.146
90.341
79.464
68.841
81.832
79.200
70.227
79.865
81.114
80.855
88.817
70.062
69.351
81.084
79.187
81.899
69.272
80.558
81.231
80.779
76.659
80.009
78.062
79.106
80.464
79.112
79.436
68.672
81.741
92.567
68.534
81.978
79.863
79.868
68.260
70.537
69.334
82.690
80.202
79.860
79.801
80.023
82.261
78.596
79.405
79.491
77.947
78.889
80.715
70.420
78.765
80.862
79.777
78.518
69.163
80.124
81.079
81.015
78.859
68.406
71.766
69.577
68.882
68.701
61.233
70.887
78.085
70.157
69.366
80.357
68.416
70.540
77.644
69.453
80.170
78.867
77.931
70.040
79.610
69.068
78.692
68.629
69.339
80.615
69.925
79.995
82.182
71.411
80.433
80.062
81.153
71.380
80.218
88.862
81.618
80.291
68.811
70.358
80.428
81.117
82.073
80.048
80.074
79.747
80.769
78.723
70.305
70.659
80.337
69.959
79.871
69.904
81.688
72.762
60.711
80.876
69.580
70.444
70.743
81.302
80.438
68.660
81.616
91.450
70.518
69.902
80.842
68.497
67.077
80.823
81.021
80.494
78.870
69.560
77.025
78.613
69.659
79.591
69.884
78.169
68.838
81.168
82.720
68.953
79.990
68.841
81.134
70.620
69.013
79.009
80.210
68.368
90.829
104.038
68.451
80.275
77.119
82.421
59.059
81.228
70.144
71.365
80.411
70.916
69.257
77.341
71.763
79.264
79.072
82.760
79.994
79.245
70.503
79.806
68.932
57.526
91.572
81.248
88.905
69.379
80.891
67.825
69.554
80.230
80.417
69.213
90.411
92.480
80.761
69.778
82.854
82.965
79.193
71.069
81.529
70.340
81.908
91.625
79.743
80.979
70.539
79.984
83.258
92.589
80.376
79.676
81.171
69.564
79.596
70.619
78.022
70.951
70.780
79.770
80.130
78.697
82.297
59.744
80.080
59.785
67.857
70.276
80.467
81.016
91.051
89.890
70.744
79.602
81.432
80.343
68.937
69.952
91.109
79.958
70.622
78.688
70.180
82.392
92.810
82.392
69.585
80.734
60.757
69.379
69.183
80.252
80.196
70.686
80.103
70.808
81.067
81.514
68.765
81.977
80.886
91.903
82.209
80.952
80.498
68.971
80.624
92.319
79.437
81.732
68.641
71.400
80.802
91.344
91.659
81.103
67.927
79.906
80.661
70.305
80.392
70.690
79.912
80.322
71.033
80.793
69.738
82.519
70.224
82.060
79.659
79.786
69.629
78.947
80.212
69.685
69.386
78.723
82.114
82.275
69.420
67.714
79.119
81.669
68.412
92.887
71.381
93.424
68.071
69.802
82.157
70.381
70.506
79.504
68.991
79.449
70.589
88.945
80.739
78.467
69.064
70.016
79.693
67.796
68.856
79.720
71.263
78.933
81.271
93.522
79.973
78.408
68.952
70.563
80.217
81.243
70.682
70.499
82.369
70.902
69.260
79.753
81.511
58.113
69.660
80.001
90.543
71.929
70.543
70.853
71.149
69.661
82.160
78.872
70.026
69.931
69.840
80.969
71.884
78.809
81.725
72.715
72.488
69.806
91.104
80.784
80.845
92.593
69.263
80.542
81.164
71.442
70.695
79.883
92.022
69.649
68.545
90.856
80.731
80.314
89.486
77.963
80.442
82.051
69.802
79.555
81.426
61.010
79.953
81.773
67.893
68.962
71.354
81.105
69.180
79.432
92.230
92.491
82.627
81.800
79.022
67.833
69.036
69.001
68.811
82.080
69.562
81.334
79.971
90.826
81.620
80.864
67.848
79.834
70.647
80.361
68.425
81.223
70.556
69.889
82.326
80.521
91.382
70.936
68.970
78.931
68.878
90.962
70.503
79.333
80.000
80.579
71.033
84.247
66.812
78.049
80.703
80.603
80.246
80.308
80.889
68.885
90.762
81.744
71.671
88.208
71.848
70.848
70.433
79.942
71.048
69.662
70.139
79.208
79.568
90.374
71.096
83.077
81.629
80.635
70.809
69.232
79.499
78.747
78.509
90.151
79.709
82.399
69.370
83.669
79.484
69.519
80.430
81.148
68.153
79.062
70.324
70.893
83.259
69.555
79.462
79.491
89.035
78.723
79.753
80.533
80.764
82.676
81.755
70.735
70.203
79.819
80.170
79.975
69.478
82.301
79.489
69.249
80.050
69.230
68.736
70.070
69.543
72.118
68.890
82.943
70.496
78.647
82.255
70.412
82.429
90.588
67.182
81.584
78.559
69.647
89.253
69.946
80.257
79.441
80.466
70.573
88.459
81.934
71.009
71.174
83.013
71.318
68.815
82.220
80.121
79.979
80.548
81.343
69.520
79.235
68.241
83.803
81.628
80.554
82.131
69.848
80.100
80.890
69.445
90.474
79.283
69.695
70.570
81.061
91.285
67.821
69.367
79.012
91.475
67.433
82.544
78.378
80.900
68.908
81.061
81.442
79.761
69.304
81.207
80.028
68.741
78.397
79.811
79.554
70.502
59.959
70.272
69.745
79.287
80.822
80.351
79.902
70.941
80.633
80.727
70.824
81.059
80.364
70.663
70.410
60.716
81.001
68.800
79.308
80.336
82.164
80.830
80.508
70.428
78.627
79.363
70.417
82.827
70.774
78.882
81.308
73.017
81.420
79.862
81.508
72.565
71.469
78.699
79.629
81.488
68.881
70.347
69.182
81.695
68.604
79.539
81.096
82.435
80.669
