8.522379032258065
8.67036290322581
8.861591921653105
8.54459253668097
9.113219383971611
8.81350806451613
8.798034375349447
8.644220430107529
8.404570223528792
8.360909461423924
9.07782688436888
8.872060740623043
9.21517162491857
9.52575219526694
8.704771505376346
8.125
8.598790322580648
8.818548387096774
8.601814516129034
8.634072580645164
8.902440873457287
8.818615591397853
8.388104838709678
8.37701612903226
8.715336484983316
9.017579760648454
8.503780839674887
8.12600806451613
8.035282258064516
8.795535567149862
8.099798387096774
8.478427419354842
8.132056451612904
8.904301075268819
8.338529435998844
8.56552419354839
8.512365591397849
9.327287190058327
8.18850806451613
8.095766129032258
8.836827956989252
8.916077718629166
8.045220402151713
8.769153225806454
8.494959677419356
8.865296427247213
8.8125
8.22325964034112
9.34576612903226
8.345235446792735
8.71875
8.510452757393805
8.75100806451613
9.011042361883579
8.820833333333335
9.2678123032058
8.143145161290324
9.1918608492093
8.834811827956992
8.233938172043013
8.27024537846284
9.129020340060391
9.081854838709683
8.003024193548388
8.018145161290322
8.321639784946239
8.9375
8.19148326182531
9.695814983794687
8.287298387096774
8.79133064516129
8.847849462365595
8.625
8.71975806451613
8.829336387873653
9.612075108439129
8.45111896816569
8.54845430107527
8.87829996292177
8.891196236559141
8.533333333333333
8.321572580645162
8.391263440860214
7.860954301075268
8.28225806451613
8.671505376344086
8.032258064516128
8.882345316077242
8.887163978494629
8.258064516129034
9.114791420214122
8.285282258064518
8.722916666666666
8.645985471805835
8.764314516129035
8.51041534244399
8.960887096774197
8.663306451612904
8.787298387096774
8.588776881720433
9.236444263467348
8.317372808411463
8.258064516129034
8.415874119391916
8.813128858637757
8.422446236559141
8.64745318872822
8.515389784946239
8.162567204301075
9.472993508366146
9.222118822501201
8.733777462907053
8.645362903225807
8.438508064516132
8.192607526881721
9.123118279569894
8.90725806451613
8.721774193548388
8.16935483870968
9.26404886234559
9.000197824155004
8.69858870967742
9.393761108756937
8.694556451612907
9.041080882050016
8.43951612903226
8.476814516129034
8.692540322580648
8.35483870967742
8.320643717661238
8.323655913978497
8.472782258064518
8.475811123176255
8.3994623655914
8.602105372586468
9.21588674195043
8.771757536072057
8.32939807458022
8.259139784946239
8.76922043010753
8.283166334139638
8.80329834442738
8.328629032258066
8.91834677419355
9.385223992266544
8.343031430934664
8.705779569892474
8.783612597183238
9.179419262143131
8.725806451612904
8.31451612903226
9.369481853735193
8.648252688172045
9.372457350975154
8.51108870967742
8.77432795698925
9.415322580645162
8.720084485407073
9.03528225806452
9.518586973474353
9.167698751110875
9.191599462365593
8.425470430107527
8.408333333333333
8.639112903225808
8.84106182795699
8.903850729205294
9.39129923165658
8.806518817204305
8.477956989247314
8.736961703480059
8.76789491998753
8.159341397849463
9.161357526881725
8.19858870967742
8.347782258064518
8.392204301075273
8.912298387096774
8.817540322580648
8.160349462365591
8.71875
8.04334677419355
8.884072580645164
8.19959677419355
9.262231182795698
9.39139075581651
9.243951612903228
8.202620967741938
8.628024193548388
9.579489194116563
8.425403225806456
8.746034946236563
8.605047274749726
8.384206989247314
8.037298387096774
8.671505376344088
8.974768923142125
8.79637096774194
7.972782258064516
9.26122311827957
8.305443548387101
8.959269889824677
8.852889784946239
9.121282906933637
8.913160492846256
9.990543909752763
7.815524193548387
8.03125
9.08481182795699
8.90927419354839
9.293284872442271
8.0932123655914
8.84778225806452
8.875403225806453
9.42842741935484
9.356412070142609
8.161290322580646
9.149666038396576
8.678629032258069
8.767155672675699
8.639357411889396
8.929502688172045
8.15625
8.631048387096776
8.17908772828128
9.07400683298904
9.305047096488984
9.245463034833175
8.818548387096776
8.74092741935484
8.283266129032258
8.533266129032258
8.231737350730675
9.048040481487371
7.8690860215053755
9.045940448234669
8.850006810692298
8.16337365591398
8.595766129032258
8.252016129032258
8.041397849462365
8.375
8.348790322580648
9.022676776371163
8.808894840534169
8.088844086021506
8.396722916703453
9.165559947560789
8.653753967574882
8.49106182795699
9.108064516129035
8.841880381493848
9.06552419354839
8.606854838709678
8.732862903225808
9.077620967741938
8.534348350018542
8.30645161290323
8.80985012006286
8.455712365591399
8.37204301075269
9.222782258064518
8.682002489538647
9.18454301075269
9.25271171377957
8.47983870967742
9.050893408902315
8.818645754247814
8.58111559139785
8.218010752688173
8.690524193548388
8.553427419354838
8.736895161290324
8.602822580645164
8.222849462365591
8.658534946236562
8.193548387096776
9.224437689211051
8.376276881720432
8.32468461429807
8.891415395412894
8.371399769585258
8.160282258064518
8.157735446792735
8.734946236559143
8.53125
8.537298387096774
8.979889250843092
8.915389784946239
8.474798387096776
8.693646379575188
9.08682795698925
8.682661290322585
8.624230332350468
8.226814516129034
8.231989247311832
8.037072805763016
8.374555649722504
9.079243324446335
8.694428995179834
9.47586078152681
8.81350806451613
9.564703175486
8.717009640341121
9.226814516129034
8.871034946236565
8.813692462524505
9.15725806451613
8.40725806451613
8.180443548387098
8.913200844854074
8.43850806451613
8.713709677419356
8.637096774193548
8.87600806451613
9.50100806451613
8.75
8.349798387096776
8.252016129032258
8.667529029903887
8.331653225806454
8.793413978494625
8.90725806451613
9.178270020775583
8.03837365591398
8.693548387096776
8.345833333333333
9.402213438211778
8.21875
8.502150537634408
9.383845329319472
9.009072580645164
8.644728784481298
8.128158602150537
8.842855824293538
8.851814516129034
8.428451255363104
9.15625
9.169693214388712
9.442246712985037
8.724193548387102
8.805443548387101
8.569556451612904
7.887858066417575
9.275268817204303
8.766074450515497
9.09576612903226
9.043682795698924
7.675403225806452
9.267204301075274
8.275403225806452
8.53106843435681
8.24092741935484
8.283266129032258
9.42870318872822
8.182237281576825
9.057598389745221
9.87600806451613
8.299462365591399
8.381115591397851
8.829099462365594
8.91438172043011
8.68081153515665
8.808534946236565
8.162298387096778
8.128024193548388
8.266196236559141
8.394287634408606
9.197104256051702
8.699731182795698
8.537365591397851
8.753024193548388
8.578965053763444
8.603091397849463
8.41834677419355
8.691599462365593
8.313709677419357
8.825444276709574
9.112029569892476
7.92641129032258
8.690524193548388
8.224200500556174
8.54536290322581
8.8298456618465
9.22076612903226
8.35087365591398
8.40725806451613
8.8125
8.82358870967742
9.040208881414392
8.368010752688173
8.995248210828024
8.538440860215054
9.053494623655917
8.504233870967743
8.50100806451613
8.627016129032258
9.229461159077408
8.22385752688172
8.381048387096774
9.11607606335082
8.952119602321224
7.918413978494623
9.240755123270427
8.697181759862524
9.133229234717009
8.728830645161294
9.225154271942376
9.438806529594908
8.29435483870968
8.832031328165925
8.816008527994073
9.425886971708715
8.722782258064518
8.627132697412176
8.54133064516129
9.2101847805616
9.714271184620191
8.520228494623659
7.950672043010752
8.966801075268819
8.27741935483871
8.661357526881723
7.97002688172043
9.163306451612907
8.51209677419355
9.535837364855725
8.395161290322584
8.41337365591398
9.035282258064516
9.160692436040048
8.149260752688173
8.699586217196067
9.23339608677484
8.897647849462368
8.8296370967742
8.052709690661578
7.981854838709677
9.224865591397851
8.365113732619294
9.530517704857251
9.036008263149538
7.942540322580645
8.422446236559143
9.203629032258068
8.110013440860214
8.374126344086022
8.818750000000001
9.190591397849463
9.100873655913981
9.200604838709683
9.095422051838908
8.559543010752694
8.870927022088043
8.59833379681127
8.504099462365595
9.172379032258068
9.0
8.218592601420744
8.547034403305265
8.83841834842948
8.4375
8.25100806451613
8.377016129032258
8.608870967741938
9.001075268817207
8.548454301075271
7.729905913978494
8.750564633837719
8.787298387096776
8.36161398467433
9.050085118091241
8.121102150537634
8.82459677419355
8.46372358175751
8.807031328165934
8.254032258064516
8.310826844642198
8.174395161290326
8.676478494623659
8.484213941416394
8.610222005932524
8.676865204430559
8.949596774193552
8.23855809070631
8.709347761475124
9.475803992746435
8.751418242491663
8.53145161290323
8.728897849462365
8.40725806451613
8.832978441654753
8.933877919911014
8.723790322580646
8.29435483870968
8.475806451612904
9.46754304459394
9.06451612903226
8.25
8.94858870967742
8.379368279569894
8.923656728884765
8.439516129032258
8.890479501032898
8.828240225765255
9.368382381070095
8.505759890472074
8.32762096774194
9.235627070937143
8.289326103077494
9.059543010752693
8.76014784946237
8.412298387096774
8.70723654589756
8.319623655913983
9.168229433350406
8.38347469410456
9.607761600190694
9.012096774193552
8.920052556926864
8.410282258064518
8.197647849462367
8.970766129032258
8.226814516129032
8.388239247311832
8.181451612903228
7.82258064516129
8.49732297349789
8.85285605405183
8.618010752688178
9.304207570433936
9.117473118279575
8.287298387096774
8.976881720430107
7.814516129032258
9.321303101329525
9.335175658138683
7.882162389427403
8.943615591397853
8.943548387096776
8.156247682610305
8.941599462365593
8.913306451612906
8.593145161290325
8.917093728481388
8.597983870967743
8.429583796811274
9.246846731524156
8.915322580645164
7.971774193548387
8.475806451612904
8.397418942858323
9.526660906298005
8.55766129032258
8.520295698924732
8.091640035077187
8.697452710536696
8.318548387096774
8.296990703956782
8.212595675088725
8.937372543566928
8.972897024030233
8.808490406515995
8.65033602150538
8.005241935483872
8.70722117020087
9.502359102706714
8.88810483870968
8.51008064516129
8.970161842082035
9.682372315506358
9.12305107526882
8.633344747680122
8.499126344086024
8.641263440860216
8.850165895674795
8.481922043010755
7.881502264420782
9.109879032258066
8.654039210233599
8.73837365591398
8.84749045088311
8.175813403781982
9.866811705834232
7.888104838709676
9.215195124212093
8.32674731182796
9.40443548387097
8.887469101470774
8.603821559522341
9.38763577526787
9.028225806451612
7.607862903225806
8.928427419354838
8.921639784946237
9.13779431414999
8.523944778442836
8.464717741935486
8.41438172043011
8.782459677419357
8.215725806451614
9.224834508948806
8.86080915721489
8.521303763440864
8.607279435998851
8.625000000000002
8.531378449600087
8.414381720430107
8.42869623655914
8.53353494623656
8.942607526881723
8.624628077346383
8.543305245098908
8.039426412945602
8.405241935483872
9.049677220721444
8.684188302993924
8.630288798253206
8.143145161290326
8.53125
8.69767135441496
9.474798387096776
8.451612903225806
8.522511785581868
8.85989161237354
9.02527050926662
8.94610332762447
7.777486559139784
8.826123602945078
9.351814516129036
8.4375
8.973243418613276
8.514392645267229
8.825891238648474
9.039539045441433
9.098790322580646
8.756997523703593
8.295430107526883
8.600465648192294
8.552620967741937
8.02029569892473
8.718621403264065
8.45524888765295
8.599798387096774
8.831257503928532
9.086999002418919
8.525012101923952
9.03225806451613
8.666397849462369
9.137787025266178
8.382056451612904
8.549462365591399
8.74395161290323
8.91733870967742
8.43850806451613
8.165322580645162
8.711729607989342
8.435525736777128
7.994018817204301
8.5
9.008474694104565
8.375
8.830779569892476
8.634206989247314
8.410023041474656
8.689403422968498
8.712768817204303
8.4945758367616
8.73301640270495
8.14831926714574
8.18655913978495
8.75
8.760080645161294
8.29637096774194
8.191532258064518
9.148544721716304
9.019011717899376
9.024369522867865
8.78125
9.00100806451613
8.168548387096772
8.42555186980243
9.384220231474137
8.448588709677423
8.503024193548386
9.4893202289615
8.274193548387098
8.136155913978495
8.747110215053764
8.150201612903226
9.120147753824064
8.633198924731184
8.32976705451678
9.159581413210452
8.80463808994121
8.986852455108856
8.84375
8.911817731047432
9.186744358358654
8.483071468298114
8.75100806451613
8.563716629588438
8.285282258064516
8.245459240425868
8.307332220986282
9.15232985945584
8.743402722601838
8.577620967741936
9.161383533143827
8.272379032258065
8.975806451612904
8.93468687283343
8.478433047301234
8.52346125324435
8.422379032258068
8.465159390572348
8.082728494623655
8.30443548387097
9.054301075268818
8.458669354838712
8.577688172043015
8.135080645161292
8.973790322580648
9.04761904761906
8.68683490915833
8.70662549069808
8.563776881720434
8.832661290322582
8.682459677419356
8.455712365591399
8.927419354838712
8.49805107526882
9.060332983150005
8.739919354838712
8.903225806451612
8.502016129032262
8.434475806451616
8.44187523173897
7.985282258064515
9.01467933947773
8.80994623655914
9.086941845798911
8.01191535568621
8.828629032258066
8.190676184885023
8.882552378666121
8.99193548387097
8.55516505700043
9.2208389980637
8.099798387096774
8.630712365591402
8.901657448605448
9.048588709677421
8.448588709677422
8.009206989247312
7.92641129032258
8.522177419354838
8.895718125960064
8.907258064516132
8.360887096774194
8.71069081754566
9.122812913819594
8.401324590520922
8.769525663435571
8.750000000000004
8.932459677419354
8.628091397849463
8.640120967741938
8.201680107526883
9.326057722866686
8.294623655913979
8.929569892473124
8.648192436040045
8.579845661846502
8.76310483870968
8.974798387096776
9.133609102706712
8.430577956989252
8.40625
9.307693586642419
9.503733167658368
8.606317204301076
8.172379032258066
9.207832997863594
9.206273872792229
9.072789546948341
8.495967741935488
9.153225806451616
9.219919141491728
8.634072580645162
8.427307789077812
9.08772287403406
8.529413487060875
8.348857526881723
8.702299260857384
8.850584497177937
8.751180035203955
8.25
8.392137096774198
9.37585022452932
8.85685483870968
8.222782258064516
8.26411290322581
9.134072580645164
9.008234531607727
7.974798387096774
8.403360215053766
8.191532258064518
8.905680253191383
8.130107526881721
8.473857526881723
8.85786290322581
9.505376344086025
8.560752688172046
9.287694844653972
9.083870305630597
8.099491167434715
8.939788308290815
8.131115591397851
7.976814516129032
8.481333094973255
8.335887096774194
8.92125314870727
9.07348310291859
9.117037816857065
8.153696236559139
8.799462365591399
8.41438172043011
8.576637223084665
9.009139784946239
9.092859202759097
8.829616571322642
7.975806451612903
8.563642473118284
9.12726294942647
8.34778225806452
8.658669354838713
8.779732624727062
9.15826612903226
8.65699174862134
8.50201612903226
7.844758064516129
8.376008064516132
8.303901012883216
8.865520404800167
9.437388471023075
9.019287634408602
8.402352150537636
8.229032258064516
8.60584677419355
8.306451612903228
8.107930107526881
8.228897849462365
9.341440886699518
8.763766440733908
8.389321468298112
8.003158602150538
8.791330645161294
8.69461030333528
9.210402762328526
9.22076612903226
8.220919738863287
8.349798387096774
8.17258759733037
8.600806451612904
8.696002024589346
8.35087365591398
8.478360215053767
8.747983870967742
9.115927419354842
8.812500000000002
8.631868743047834
8.863739141374019
8.662641360771229
8.859879032258066
8.698588709677422
8.77116935483871
8.469825268817207
7.907258064516128
8.438875573094153
8.157325268817205
9.478810391911063
7.649193548387096
9.18259408602151
8.608323622367008
8.738911290322584
8.112279185867896
8.858938172043013
8.232930107526881
9.121723878745575
9.21875
8.79435483870968
8.905307558074528
8.500000000000004
7.914314516129032
8.222849462365593
9.353670414216857
8.07970430107527
9.486465750961022
9.095833333333333
8.570564516129034
8.187910177975528
8.95758018168336
7.992659686541777
8.681154808761876
8.763104838709678
9.31320787059108
8.59375
8.12600806451613
8.441532258064518
9.419860434286193
8.03225806451613
8.656927670957149
8.810685483870971
9.30745967741936
8.561511988402982
8.125241339583662
8.635345673617367
7.8358198924731175
8.157258064516128
7.828629032258064
7.851814516129032
8.901271265092179
8.368077956989248
8.61095430107527
8.628024193548388
8.756048387096776
8.175470430107527
8.737903225806456
8.533400537634412
8.810685483870971
9.32672914055006
8.762096774193548
8.192237737697969
8.65625
8.5
8.71579301075269
8.857429772057143
8.511155913978495
8.673454301075273
8.25
8.548655913978498
8.221774193548388
8.769306173526148
9.621029471085091
8.28125
8.319431165433668
9.27153303788455
8.182459677419354
8.293548387096774
7.661891194281346
8.28125
9.260147849462369
8.495444011865036
8.391129032258064
7.511088709677419
9.228830645161294
8.922379032258066
8.361895161290326
8.2808206207956
8.814606034697807
8.394153225806456
8.632056451612904
8.246034946236561
9.058769002595483
8.777125892378955
8.61008759733037
8.708736559139787
9.102424651729445
8.792076035395
9.312497173293899
8.132056451612904
8.512298387096775
8.286290322580644
8.144220430107525
8.014112903225806
7.938508064516129
9.107631863151886
9.132392473118285
9.452064683863908
9.259144241464885
8.5
8.315860215053766
9.193548387096774
9.367798398867645
8.713908169344764
8.883286985539492
8.122379032258065
8.96875
8.471908602150538
8.549082644737544
9.932020219408992
8.961893873851606
9.341507134617538
9.34475806451613
9.15471607194355
8.75
8.82601501668521
9.838905073832775
8.909125402416562
