2550
2544
3185
2371
2842
3537
2840
3534
2834
3287
2794
3684
2804
4180
4037
3071
3066
4089
3063
3533
4344
4061
6370
3067
3988
3564
2342
3580
2547
3626
2555
3036
3049
3032
3757
3066
4471
2768
3055
3566
2540
2857
3333
5418
3007
2883
3071
3033
3559
3983
3565
2827
4052
4443
3032
3760
3033
4649
2541
4017
2833
2889
2516
3061
3531
3051
3567
2986
3325
3066
4044
3021
2560
4037
2759
3264
3294
3554
3049
4554
3558
2553
3039
3544
3070
3534
3575
4352
4064
4048
4281
4567
3065
3256
3523
3274
4527
3056
3563
3022
2869
3344
3067
3018
2839
2545
4506
5475
3930
3360
3345
2803
3007
3549
4068
4016
3544
4095
3995
2817
4699
3546
2842
3561
3849
3064
3057
3054
4032
3240
3560
3520
3660
3998
3295
4093
3189
2889
3552
3545
2806
2881
2553
2550
3845
3727
3028
2836
3854
3063
4067
3673
4002
3246
2539
4053
3028
3258
3027
3261
2797
4536
3549
3570
3064
4558
2797
3218
3528
3536
4772
2815
3050
3971
3056
3039
4523
3581
3063
3553
3069
3539
3055
2553
4527
3248
3559
3551
3047
3247
3063
4020
3502
4506
2551
3530
3319
3042
5550
3056
3515
3282
4019
2821
4709
2785
3563
3576
3525
3066
3725
4038
3574
3528
3034
2383
3048
2830
3554
3193
3703
3549
4019
3540
4239
3248
2797
4578
3067
3064
3071
3567
3407
4503
2522
2821
3266
3550
2557
2557
2549
2551
4027
3184
3240
3022
3186
2813
3197
3509
3540
2811
3546
5059
3047
3044
3964
3047
2864
3046
3022
3557
3797
3030
2803
4569
3740
2864
4482
4528
3062
3569
3576
3558
3060
3996
4529
4532
2993
3645
2397
3041
3562
4011
4494
3579
3062
2358
3561
3548
2397
3036
3028
2794
4055
4951
3174
3172
3828
3003
2361
4072
3698
5500
3049
2532
3818
4065
3582
3044
3999
3058
2551
3068
4071
4089
3071
3062
3560
3658
3542
3037
3059
2849
3046
3040
3013
4622
3557
3028
3816
3554
3266
3525
2805
2538
3342
4057
2341
2909
3545
4019
3563
2783
3033
3293
5027
3062
3558
3537
3533
3711
2552
5535
3546
3742
2534
3068
3053
3021
3501
4506
2840
3529
3063
3064
3057
3513
3339
3558
4075
3566
3456
5455
3563
3562
3037
2829
3049
3999
4570
3534
3555
4514
4071
4047
3070
3071
3570
3834
3516
2382
3540
3034
3526
3067
3061
2842
4517
3067
3812
3749
4047
2847
2353
3274
3053
2828
2884
2542
3298
5423
3222
3054
2840
4062
3270
2842
3030
3529
2539
3041
2555
3516
3062
3041
3638
3047
3058
3573
5433
3024
3648
4263
3485
3024
2895
3520
3545
3678
4028
2822
4085
3564
4991
3554
3509
3011
3059
5082
2531
4197
3030
5247
3505
3540
4519
3069
3818
2865
3842
6129
3574
4091
4545
3052
4052
3040
2402
5090
2800
3197
3537
3051
4459
3250
4588
3505
4035
3028
3512
4461
4274
2537
2791
3641
3664
3028
3521
4015
3051
3373
4034
2557
4035
3575
3223
3570
3573
3575
2511
2797
3544
3314
3966
2799
3243
2538
4163
3687
3025
3562
2541
2895
3514
4570
3521
3343
3046
2850
4075
4019
3566
3563
3543
3044
4042
3683
3335
4533
3236
2539
2558
3565
3546
4578
3229
2839
4052
3547
2401
3063
3544
3027
3211
3020
2494
3200
3061
4531
3047
3747
4288
2030
4009
2345
4199
3577
2824
3340
3479
2845
3312
3044
4508
4285
3035
3573
3566
3267
3260
4527
3654
3528
3509
2855
3991
3257
4088
3034
3009
2825
3505
2355
2997
3041
3029
3028
2775
2846
4586
3064
3573
3064
2528
4085
3288
3563
3030
3044
3038
3220
3716
3028
2354
2530
3334
3548
3033
3036
3516
3756
3321
3371
3027
2385
3210
2842
3055
4028
2861
3561
3519
2883
3320
3709
3388
3490
2854
3056
3052
3299
3358
3221
2829
2556
3307
3045
3295
4074
2530
2821
3518
3049
2798
3729
2815
3555
3023
5174
3561
3055
3575
3052
2554
4525
4254
3316
5049
3583
4515
2560
4013
2541
4128
3336
3034
2778
3273
3265
3013
4086
4066
3509
4053
3182
3737
3744
3063
3069
3493
3314
3267
3043
4557
3195
2532
3042
3552
3052
3863
3511
3669
2865
2820
3317
3055
2833
3714
5981
3581
4972
2550
3388
4001
3231
2829
3538
2827
4006
4535
3346
3373
3042
4068
3223
3061
3536
3009
3566
4476
3561
3046
3729
3510
2776
2992
4998
3549
4080
3560
3037
2782
3518
2555
3039
4557
3041
4518
4443
3511
3677
3303
3544
3302
2790
3560
2764
3251
3060
2985
2898
3022
3546
3481
2553
4596
3027
4526
3557
2761
3646
3836
2826
3545
3066
4582
4040
3037
3282
3531
3553
3435
3030
3058
4091
3489
3042
4047
3329
2843
3015
3996
3317
2765
3301
3559
2539
2878
3524
3358
3206
2884
3546
3193
2375
2838
2559
4562
4586
5064
2559
4051
2549
2811
3555
3040
2550
3818
3027
3994
3056
3025
3972
3708
3303
4006
3252
4567
3052
2908
3522
3255
3262
2797
3014
5068
4064
3217
4058
3270
5143
3553
3986
2877
3059
3015
2805
3561
3218
3577
4572
3014
2833
2822
3779
4035
3542
3057
2551
3040
3044
2550
2778
3268
3542
4012
4026
3270
3802
4057
2841
3576
3526
3551
3762
4054
3035
3576
4508
3040
3949
2824
3560
5013
5085
3576
4510
3047
2815
3027
4053
3068
3514
2786
3035
2387
4537
4508
4047
3072
3053
3219
3040
3064
3535
3361
4013
4553
4085
3066
4534
2768
2872
2888
3050
5051
3583
2558
3554
3254
4588
2900
3043
3505
3270
3364
4150
3042
4587
3050
5477
3211
3041
2541
3562
2552
4039
3043
4005
4536
4519
3546
3356
3072
3071
3520
2753
3572
3531
3070
3014
3545
4253
3271
2538
3728
2880
3064
4031
3709
3579
3037
4020
2556
3062
2550
3066
3035
3740
3237
4999
3557
3043
2853
4804
4072
3545
2866
3832
3713
2546
3029
3068
3039
3566
3570
3284
3988
2871
3827
3544
3049
3551
2818
2767
4889
3043
3577
3034
2823
2816
2811
3727
2553
4183
3570
2987
2786
3236
