8.640000000000000000e+03
1.028000000000000000e+04
8.010000000000000000e+03
1.004000000000000000e+04
9.570000000000000000e+03
8.640000000000000000e+03
8.270000000000000000e+03
1.028000000000000000e+04
8.800000000000000000e+03
9.180000000000000000e+03
9.040000000000000000e+03
1.037000000000000000e+04
8.030000000000000000e+03
1.015000000000000000e+04
8.620000000000000000e+03
9.680000000000000000e+03
9.740000000000000000e+03
1.057000000000000000e+04
9.700000000000000000e+03
9.410000000000000000e+03
8.810000000000000000e+03
9.860000000000000000e+03
8.530000000000000000e+03
8.730000000000000000e+03
9.560000000000000000e+03
9.260000000000000000e+03
9.160000000000000000e+03
9.890000000000000000e+03
8.440000000000000000e+03
8.720000000000000000e+03
9.840000000000000000e+03
9.820000000000000000e+03
8.480000000000000000e+03
8.560000000000000000e+03
9.140000000000000000e+03
1.019000000000000000e+04
9.200000000000000000e+03
9.500000000000000000e+03
1.150000000000000000e+04
9.470000000000000000e+03
1.090000000000000000e+04
1.182000000000000000e+04
9.730000000000000000e+03
8.640000000000000000e+03
1.024000000000000000e+04
1.100000000000000000e+04
8.830000000000000000e+03
8.950000000000000000e+03
9.210000000000000000e+03
9.910000000000000000e+03
1.035000000000000000e+04
1.059000000000000000e+04
1.065000000000000000e+04
1.047000000000000000e+04
9.210000000000000000e+03
9.440000000000000000e+03
9.630000000000000000e+03
9.540000000000000000e+03
8.630000000000000000e+03
9.840000000000000000e+03
9.450000000000000000e+03
1.071000000000000000e+04
9.720000000000000000e+03
9.180000000000000000e+03
8.710000000000000000e+03
1.136000000000000000e+04
1.013000000000000000e+04
9.960000000000000000e+03
1.111000000000000000e+04
1.157000000000000000e+04
8.810000000000000000e+03
9.600000000000000000e+03
9.070000000000000000e+03
1.012000000000000000e+04
8.990000000000000000e+03
8.850000000000000000e+03
9.990000000000000000e+03
1.077000000000000000e+04
9.260000000000000000e+03
9.560000000000000000e+03
9.450000000000000000e+03
7.920000000000000000e+03
9.600000000000000000e+03
9.270000000000000000e+03
8.900000000000000000e+03
8.860000000000000000e+03
1.067000000000000000e+04
8.430000000000000000e+03
9.860000000000000000e+03
1.017000000000000000e+04
9.400000000000000000e+03
8.990000000000000000e+03
9.560000000000000000e+03
9.850000000000000000e+03
1.010000000000000000e+04
9.470000000000000000e+03
8.290000000000000000e+03
9.270000000000000000e+03
9.770000000000000000e+03
1.006000000000000000e+04
8.810000000000000000e+03
9.000000000000000000e+03
1.100000000000000000e+04
8.990000000000000000e+03
9.780000000000000000e+03
9.410000000000000000e+03
8.160000000000000000e+03
1.006000000000000000e+04
8.940000000000000000e+03
9.740000000000000000e+03
9.860000000000000000e+03
9.660000000000000000e+03
1.003000000000000000e+04
9.290000000000000000e+03
1.022000000000000000e+04
8.700000000000000000e+03
1.122000000000000000e+04
9.280000000000000000e+03
8.790000000000000000e+03
9.030000000000000000e+03
9.610000000000000000e+03
1.059000000000000000e+04
8.810000000000000000e+03
8.690000000000000000e+03
9.920000000000000000e+03
1.100000000000000000e+04
8.870000000000000000e+03
1.004000000000000000e+04
1.067000000000000000e+04
9.550000000000000000e+03
8.570000000000000000e+03
9.930000000000000000e+03
9.150000000000000000e+03
8.900000000000000000e+03
9.440000000000000000e+03
1.015000000000000000e+04
1.054000000000000000e+04
1.128000000000000000e+04
9.720000000000000000e+03
8.990000000000000000e+03
9.900000000000000000e+03
1.030000000000000000e+04
9.010000000000000000e+03
1.026000000000000000e+04
1.009000000000000000e+04
9.500000000000000000e+03
8.880000000000000000e+03
9.100000000000000000e+03
9.690000000000000000e+03
1.018000000000000000e+04
9.750000000000000000e+03
1.030000000000000000e+04
8.040000000000000000e+03
9.330000000000000000e+03
8.110000000000000000e+03
1.059000000000000000e+04
9.400000000000000000e+03
1.039000000000000000e+04
8.280000000000000000e+03
9.490000000000000000e+03
1.041000000000000000e+04
8.970000000000000000e+03
8.700000000000000000e+03
9.250000000000000000e+03
8.910000000000000000e+03
8.480000000000000000e+03
8.830000000000000000e+03
9.830000000000000000e+03
9.790000000000000000e+03
1.002000000000000000e+04
1.035000000000000000e+04
9.560000000000000000e+03
9.090000000000000000e+03
9.350000000000000000e+03
9.820000000000000000e+03
8.620000000000000000e+03
8.660000000000000000e+03
8.480000000000000000e+03
9.280000000000000000e+03
9.330000000000000000e+03
9.140000000000000000e+03
9.470000000000000000e+03
9.160000000000000000e+03
8.770000000000000000e+03
9.190000000000000000e+03
8.500000000000000000e+03
9.970000000000000000e+03
8.830000000000000000e+03
8.250000000000000000e+03
8.990000000000000000e+03
1.054000000000000000e+04
1.008000000000000000e+04
8.930000000000000000e+03
9.350000000000000000e+03
8.850000000000000000e+03
8.920000000000000000e+03
9.380000000000000000e+03
9.290000000000000000e+03
9.070000000000000000e+03
9.660000000000000000e+03
9.490000000000000000e+03
9.090000000000000000e+03
9.050000000000000000e+03
1.028000000000000000e+04
9.830000000000000000e+03
1.159000000000000000e+04
9.360000000000000000e+03
9.190000000000000000e+03
8.930000000000000000e+03
8.510000000000000000e+03
9.820000000000000000e+03
9.880000000000000000e+03
9.840000000000000000e+03
9.150000000000000000e+03
9.530000000000000000e+03
9.210000000000000000e+03
9.330000000000000000e+03
8.910000000000000000e+03
9.040000000000000000e+03
9.060000000000000000e+03
9.230000000000000000e+03
9.560000000000000000e+03
8.730000000000000000e+03
8.360000000000000000e+03
9.160000000000000000e+03
8.620000000000000000e+03
9.730000000000000000e+03
1.018000000000000000e+04
9.590000000000000000e+03
9.100000000000000000e+03
9.260000000000000000e+03
9.310000000000000000e+03
9.150000000000000000e+03
8.450000000000000000e+03
9.490000000000000000e+03
9.120000000000000000e+03
8.910000000000000000e+03
9.650000000000000000e+03
8.910000000000000000e+03
8.380000000000000000e+03
9.320000000000000000e+03
1.013000000000000000e+04
9.410000000000000000e+03
9.210000000000000000e+03
9.250000000000000000e+03
9.370000000000000000e+03
9.880000000000000000e+03
9.620000000000000000e+03
9.120000000000000000e+03
9.550000000000000000e+03
9.410000000000000000e+03
1.071000000000000000e+04
7.770000000000000000e+03
8.940000000000000000e+03
8.610000000000000000e+03
9.230000000000000000e+03
9.870000000000000000e+03
9.930000000000000000e+03
9.700000000000000000e+03
9.340000000000000000e+03
1.011000000000000000e+04
9.110000000000000000e+03
8.600000000000000000e+03
8.410000000000000000e+03
9.220000000000000000e+03
9.370000000000000000e+03
1.010000000000000000e+04
9.260000000000000000e+03
1.027000000000000000e+04
9.300000000000000000e+03
9.170000000000000000e+03
8.690000000000000000e+03
9.500000000000000000e+03
7.740000000000000000e+03
8.590000000000000000e+03
9.210000000000000000e+03
9.470000000000000000e+03
9.720000000000000000e+03
9.970000000000000000e+03
1.008000000000000000e+04
9.770000000000000000e+03
8.800000000000000000e+03
1.048000000000000000e+04
8.950000000000000000e+03
9.130000000000000000e+03
9.550000000000000000e+03
8.710000000000000000e+03
1.041000000000000000e+04
8.660000000000000000e+03
8.390000000000000000e+03
9.350000000000000000e+03
8.840000000000000000e+03
9.640000000000000000e+03
9.160000000000000000e+03
9.240000000000000000e+03
8.510000000000000000e+03
1.142000000000000000e+04
9.430000000000000000e+03
8.740000000000000000e+03
9.200000000000000000e+03
9.220000000000000000e+03
8.640000000000000000e+03
1.054000000000000000e+04
9.770000000000000000e+03
1.059000000000000000e+04
9.490000000000000000e+03
9.320000000000000000e+03
9.770000000000000000e+03
1.022000000000000000e+04
9.400000000000000000e+03
1.153000000000000000e+04
9.070000000000000000e+03
8.890000000000000000e+03
1.066000000000000000e+04
9.840000000000000000e+03
9.710000000000000000e+03
9.230000000000000000e+03
9.410000000000000000e+03
9.970000000000000000e+03
9.310000000000000000e+03
9.340000000000000000e+03
1.014000000000000000e+04
9.580000000000000000e+03
9.540000000000000000e+03
9.890000000000000000e+03
7.630000000000000000e+03
9.730000000000000000e+03
9.340000000000000000e+03
9.280000000000000000e+03
9.460000000000000000e+03
9.030000000000000000e+03
9.490000000000000000e+03
9.390000000000000000e+03
8.660000000000000000e+03
8.800000000000000000e+03
1.017000000000000000e+04
9.030000000000000000e+03
8.690000000000000000e+03
9.110000000000000000e+03
8.040000000000000000e+03
1.023000000000000000e+04
9.280000000000000000e+03
9.820000000000000000e+03
9.940000000000000000e+03
1.035000000000000000e+04
9.470000000000000000e+03
9.660000000000000000e+03
8.910000000000000000e+03
8.950000000000000000e+03
8.910000000000000000e+03
9.560000000000000000e+03
9.370000000000000000e+03
9.170000000000000000e+03
9.760000000000000000e+03
9.790000000000000000e+03
8.780000000000000000e+03
1.028000000000000000e+04
1.061000000000000000e+04
9.600000000000000000e+03
9.060000000000000000e+03
9.070000000000000000e+03
8.850000000000000000e+03
9.530000000000000000e+03
9.770000000000000000e+03
8.940000000000000000e+03
8.810000000000000000e+03
1.028000000000000000e+04
1.002000000000000000e+04
9.090000000000000000e+03
8.720000000000000000e+03
8.220000000000000000e+03
8.220000000000000000e+03
8.330000000000000000e+03
8.830000000000000000e+03
8.740000000000000000e+03
8.760000000000000000e+03
8.590000000000000000e+03
8.210000000000000000e+03
9.520000000000000000e+03
9.100000000000000000e+03
7.930000000000000000e+03
9.620000000000000000e+03
8.330000000000000000e+03
9.370000000000000000e+03
8.820000000000000000e+03
7.710000000000000000e+03
1.001000000000000000e+04
1.024000000000000000e+04
9.530000000000000000e+03
9.190000000000000000e+03
9.250000000000000000e+03
1.036000000000000000e+04
8.440000000000000000e+03
9.440000000000000000e+03
8.600000000000000000e+03
8.690000000000000000e+03
9.920000000000000000e+03
8.740000000000000000e+03
9.100000000000000000e+03
9.550000000000000000e+03
9.930000000000000000e+03
8.570000000000000000e+03
9.110000000000000000e+03
8.780000000000000000e+03
8.580000000000000000e+03
8.990000000000000000e+03
1.089000000000000000e+04
9.380000000000000000e+03
1.001000000000000000e+04
1.000000000000000000e+04
8.970000000000000000e+03
9.250000000000000000e+03
9.680000000000000000e+03
9.210000000000000000e+03
8.820000000000000000e+03
9.110000000000000000e+03
9.190000000000000000e+03
8.640000000000000000e+03
9.380000000000000000e+03
9.550000000000000000e+03
9.280000000000000000e+03
8.490000000000000000e+03
9.000000000000000000e+03
8.890000000000000000e+03
9.320000000000000000e+03
9.370000000000000000e+03
9.510000000000000000e+03
8.920000000000000000e+03
8.400000000000000000e+03
9.920000000000000000e+03
9.550000000000000000e+03
9.230000000000000000e+03
1.024000000000000000e+04
9.760000000000000000e+03
9.070000000000000000e+03
8.510000000000000000e+03
9.620000000000000000e+03
8.930000000000000000e+03
9.380000000000000000e+03
9.410000000000000000e+03
8.810000000000000000e+03
9.350000000000000000e+03
8.730000000000000000e+03
8.850000000000000000e+03
9.960000000000000000e+03
9.010000000000000000e+03
7.930000000000000000e+03
8.570000000000000000e+03
9.020000000000000000e+03
9.130000000000000000e+03
7.590000000000000000e+03
8.230000000000000000e+03
1.080000000000000000e+04
8.320000000000000000e+03
9.150000000000000000e+03
9.220000000000000000e+03
9.710000000000000000e+03
8.610000000000000000e+03
1.019000000000000000e+04
8.680000000000000000e+03
8.850000000000000000e+03
9.160000000000000000e+03
1.013000000000000000e+04
8.590000000000000000e+03
9.320000000000000000e+03
9.120000000000000000e+03
9.970000000000000000e+03
9.190000000000000000e+03
9.340000000000000000e+03
8.800000000000000000e+03
9.100000000000000000e+03
9.140000000000000000e+03
8.570000000000000000e+03
8.260000000000000000e+03
9.340000000000000000e+03
9.030000000000000000e+03
9.410000000000000000e+03
7.790000000000000000e+03
9.560000000000000000e+03
1.060000000000000000e+04
8.530000000000000000e+03
9.090000000000000000e+03
9.060000000000000000e+03
8.450000000000000000e+03
9.500000000000000000e+03
8.520000000000000000e+03
8.760000000000000000e+03
9.490000000000000000e+03
9.600000000000000000e+03
9.640000000000000000e+03
9.290000000000000000e+03
9.340000000000000000e+03
8.490000000000000000e+03
8.020000000000000000e+03
9.180000000000000000e+03
8.470000000000000000e+03
9.330000000000000000e+03
8.530000000000000000e+03
8.380000000000000000e+03
7.790000000000000000e+03
7.420000000000000000e+03
9.050000000000000000e+03
8.890000000000000000e+03
8.580000000000000000e+03
8.820000000000000000e+03
8.460000000000000000e+03
8.680000000000000000e+03
9.230000000000000000e+03
9.190000000000000000e+03
9.450000000000000000e+03
8.170000000000000000e+03
8.440000000000000000e+03
9.110000000000000000e+03
9.540000000000000000e+03
9.830000000000000000e+03
9.430000000000000000e+03
9.190000000000000000e+03
9.400000000000000000e+03
9.480000000000000000e+03
8.530000000000000000e+03
1.063000000000000000e+04
9.900000000000000000e+03
8.610000000000000000e+03
9.390000000000000000e+03
9.050000000000000000e+03
1.011000000000000000e+04
9.350000000000000000e+03
8.430000000000000000e+03
8.100000000000000000e+03
8.850000000000000000e+03
9.620000000000000000e+03
9.220000000000000000e+03
8.740000000000000000e+03
8.700000000000000000e+03
9.080000000000000000e+03
1.004000000000000000e+04
9.160000000000000000e+03
9.730000000000000000e+03
9.230000000000000000e+03
9.570000000000000000e+03
9.040000000000000000e+03
9.330000000000000000e+03
1.107000000000000000e+04
8.390000000000000000e+03
7.910000000000000000e+03
8.890000000000000000e+03
8.770000000000000000e+03
8.100000000000000000e+03
8.930000000000000000e+03
8.660000000000000000e+03
8.640000000000000000e+03
1.031000000000000000e+04
8.470000000000000000e+03
9.310000000000000000e+03
9.650000000000000000e+03
8.240000000000000000e+03
9.580000000000000000e+03
9.610000000000000000e+03
8.800000000000000000e+03
9.520000000000000000e+03
9.100000000000000000e+03
8.550000000000000000e+03
9.390000000000000000e+03
9.130000000000000000e+03
1.054000000000000000e+04
8.960000000000000000e+03
9.260000000000000000e+03
9.770000000000000000e+03
8.610000000000000000e+03
9.610000000000000000e+03
8.840000000000000000e+03
9.040000000000000000e+03
9.620000000000000000e+03
9.240000000000000000e+03
9.000000000000000000e+03
8.310000000000000000e+03
8.570000000000000000e+03
8.340000000000000000e+03
9.520000000000000000e+03
7.850000000000000000e+03
8.830000000000000000e+03
8.150000000000000000e+03
8.640000000000000000e+03
1.009000000000000000e+04
9.310000000000000000e+03
8.880000000000000000e+03
8.200000000000000000e+03
9.400000000000000000e+03
7.970000000000000000e+03
8.940000000000000000e+03
8.990000000000000000e+03
9.710000000000000000e+03
8.570000000000000000e+03
8.490000000000000000e+03
9.260000000000000000e+03
8.480000000000000000e+03
9.820000000000000000e+03
8.110000000000000000e+03
8.410000000000000000e+03
9.010000000000000000e+03
9.300000000000000000e+03
1.004000000000000000e+04
8.500000000000000000e+03
7.640000000000000000e+03
9.150000000000000000e+03
7.580000000000000000e+03
9.320000000000000000e+03
8.590000000000000000e+03
8.880000000000000000e+03
8.880000000000000000e+03
9.260000000000000000e+03
9.790000000000000000e+03
7.710000000000000000e+03
9.640000000000000000e+03
8.570000000000000000e+03
8.670000000000000000e+03
8.860000000000000000e+03
8.850000000000000000e+03
9.550000000000000000e+03
9.470000000000000000e+03
8.820000000000000000e+03
1.001000000000000000e+04
8.220000000000000000e+03
8.430000000000000000e+03
8.750000000000000000e+03
8.410000000000000000e+03
8.720000000000000000e+03
8.770000000000000000e+03
7.320000000000000000e+03
8.830000000000000000e+03
8.850000000000000000e+03
9.320000000000000000e+03
9.480000000000000000e+03
8.390000000000000000e+03
9.220000000000000000e+03
8.410000000000000000e+03
9.120000000000000000e+03
8.780000000000000000e+03
8.840000000000000000e+03
8.600000000000000000e+03
8.760000000000000000e+03
9.080000000000000000e+03
9.030000000000000000e+03
8.800000000000000000e+03
9.310000000000000000e+03
8.980000000000000000e+03
9.140000000000000000e+03
9.370000000000000000e+03
9.910000000000000000e+03
8.650000000000000000e+03
8.860000000000000000e+03
8.210000000000000000e+03
8.800000000000000000e+03
9.600000000000000000e+03
9.530000000000000000e+03
8.940000000000000000e+03
9.650000000000000000e+03
9.400000000000000000e+03
9.080000000000000000e+03
8.350000000000000000e+03
8.670000000000000000e+03
8.450000000000000000e+03
9.190000000000000000e+03
9.400000000000000000e+03
8.210000000000000000e+03
8.690000000000000000e+03
8.440000000000000000e+03
8.350000000000000000e+03
8.780000000000000000e+03
9.150000000000000000e+03
9.350000000000000000e+03
8.950000000000000000e+03
8.690000000000000000e+03
9.780000000000000000e+03
9.080000000000000000e+03
8.710000000000000000e+03
8.830000000000000000e+03
9.640000000000000000e+03
8.330000000000000000e+03
8.720000000000000000e+03
8.820000000000000000e+03
9.090000000000000000e+03
9.550000000000000000e+03
8.410000000000000000e+03
8.810000000000000000e+03
9.230000000000000000e+03
8.220000000000000000e+03
8.840000000000000000e+03
9.420000000000000000e+03
9.020000000000000000e+03
8.320000000000000000e+03
8.320000000000000000e+03
8.340000000000000000e+03
9.510000000000000000e+03
8.340000000000000000e+03
9.450000000000000000e+03
8.460000000000000000e+03
1.054000000000000000e+04
8.700000000000000000e+03
9.570000000000000000e+03
8.600000000000000000e+03
8.710000000000000000e+03
9.200000000000000000e+03
9.590000000000000000e+03
9.070000000000000000e+03
9.340000000000000000e+03
7.880000000000000000e+03
9.830000000000000000e+03
9.140000000000000000e+03
9.110000000000000000e+03
8.980000000000000000e+03
9.820000000000000000e+03
9.360000000000000000e+03
8.130000000000000000e+03
8.740000000000000000e+03
8.780000000000000000e+03
8.270000000000000000e+03
8.340000000000000000e+03
8.270000000000000000e+03
7.970000000000000000e+03
8.780000000000000000e+03
9.280000000000000000e+03
8.620000000000000000e+03
8.450000000000000000e+03
8.810000000000000000e+03
9.390000000000000000e+03
9.560000000000000000e+03
7.570000000000000000e+03
8.030000000000000000e+03
8.580000000000000000e+03
7.950000000000000000e+03
8.510000000000000000e+03
8.970000000000000000e+03
9.590000000000000000e+03
8.780000000000000000e+03
8.680000000000000000e+03
8.340000000000000000e+03
8.800000000000000000e+03
7.800000000000000000e+03
9.920000000000000000e+03
8.360000000000000000e+03
7.320000000000000000e+03
8.430000000000000000e+03
8.900000000000000000e+03
9.460000000000000000e+03
8.880000000000000000e+03
8.950000000000000000e+03
8.760000000000000000e+03
8.570000000000000000e+03
9.070000000000000000e+03
8.920000000000000000e+03
8.120000000000000000e+03
8.240000000000000000e+03
8.910000000000000000e+03
9.430000000000000000e+03
8.160000000000000000e+03
9.090000000000000000e+03
9.940000000000000000e+03
9.070000000000000000e+03
9.100000000000000000e+03
9.650000000000000000e+03
1.049000000000000000e+04
9.380000000000000000e+03
8.390000000000000000e+03
8.600000000000000000e+03
9.370000000000000000e+03
9.080000000000000000e+03
7.200000000000000000e+03
9.360000000000000000e+03
8.430000000000000000e+03
9.320000000000000000e+03
8.920000000000000000e+03
8.270000000000000000e+03
8.860000000000000000e+03
8.690000000000000000e+03
9.530000000000000000e+03
9.320000000000000000e+03
8.850000000000000000e+03
8.570000000000000000e+03
8.770000000000000000e+03
9.700000000000000000e+03
9.570000000000000000e+03
8.520000000000000000e+03
8.680000000000000000e+03
8.810000000000000000e+03
8.700000000000000000e+03
8.960000000000000000e+03
8.690000000000000000e+03
9.450000000000000000e+03
9.440000000000000000e+03
8.260000000000000000e+03
9.210000000000000000e+03
9.000000000000000000e+03
9.410000000000000000e+03
8.390000000000000000e+03
9.040000000000000000e+03
8.610000000000000000e+03
8.950000000000000000e+03
8.240000000000000000e+03
8.740000000000000000e+03
8.280000000000000000e+03
8.980000000000000000e+03
9.400000000000000000e+03
8.630000000000000000e+03
9.130000000000000000e+03
9.690000000000000000e+03
9.260000000000000000e+03
9.600000000000000000e+03
8.190000000000000000e+03
9.110000000000000000e+03
9.210000000000000000e+03
9.160000000000000000e+03
8.350000000000000000e+03
7.890000000000000000e+03
1.007000000000000000e+04
9.910000000000000000e+03
8.720000000000000000e+03
9.060000000000000000e+03
9.620000000000000000e+03
8.930000000000000000e+03
9.100000000000000000e+03
8.940000000000000000e+03
8.970000000000000000e+03
8.210000000000000000e+03
7.870000000000000000e+03
1.117000000000000000e+04
7.670000000000000000e+03
7.950000000000000000e+03
8.450000000000000000e+03
9.450000000000000000e+03
8.080000000000000000e+03
8.790000000000000000e+03
8.120000000000000000e+03
9.720000000000000000e+03
9.360000000000000000e+03
9.700000000000000000e+03
8.080000000000000000e+03
8.020000000000000000e+03
8.550000000000000000e+03
8.980000000000000000e+03
8.540000000000000000e+03
8.860000000000000000e+03
9.640000000000000000e+03
9.100000000000000000e+03
9.990000000000000000e+03
1.004000000000000000e+04
9.440000000000000000e+03
8.400000000000000000e+03
8.540000000000000000e+03
8.330000000000000000e+03
9.450000000000000000e+03
9.010000000000000000e+03
8.430000000000000000e+03
8.860000000000000000e+03
9.280000000000000000e+03
9.380000000000000000e+03
8.710000000000000000e+03
7.750000000000000000e+03
8.310000000000000000e+03
8.810000000000000000e+03
9.250000000000000000e+03
9.970000000000000000e+03
1.024000000000000000e+04
9.750000000000000000e+03
9.360000000000000000e+03
8.900000000000000000e+03
8.950000000000000000e+03
8.150000000000000000e+03
8.320000000000000000e+03
8.120000000000000000e+03
8.580000000000000000e+03
9.210000000000000000e+03
9.130000000000000000e+03
9.160000000000000000e+03
9.050000000000000000e+03
8.320000000000000000e+03
9.310000000000000000e+03
8.670000000000000000e+03
8.930000000000000000e+03
8.450000000000000000e+03
8.980000000000000000e+03
9.040000000000000000e+03
8.820000000000000000e+03
7.970000000000000000e+03
8.650000000000000000e+03
8.040000000000000000e+03
8.360000000000000000e+03
9.700000000000000000e+03
8.450000000000000000e+03
8.180000000000000000e+03
8.140000000000000000e+03
9.940000000000000000e+03
9.670000000000000000e+03
8.570000000000000000e+03
9.770000000000000000e+03
8.770000000000000000e+03
9.950000000000000000e+03
9.030000000000000000e+03
9.060000000000000000e+03
9.230000000000000000e+03
9.210000000000000000e+03
8.460000000000000000e+03
1.038000000000000000e+04
8.150000000000000000e+03
7.960000000000000000e+03
8.000000000000000000e+03
7.950000000000000000e+03
8.020000000000000000e+03
9.130000000000000000e+03
8.570000000000000000e+03
9.110000000000000000e+03
9.460000000000000000e+03
9.050000000000000000e+03
8.770000000000000000e+03
8.260000000000000000e+03
9.470000000000000000e+03
9.070000000000000000e+03
8.070000000000000000e+03
8.480000000000000000e+03
9.320000000000000000e+03
8.800000000000000000e+03
8.230000000000000000e+03
9.130000000000000000e+03
8.540000000000000000e+03
8.290000000000000000e+03
9.670000000000000000e+03
9.520000000000000000e+03
8.550000000000000000e+03
8.350000000000000000e+03
8.710000000000000000e+03
9.450000000000000000e+03
9.040000000000000000e+03
8.800000000000000000e+03
9.760000000000000000e+03
9.010000000000000000e+03
9.890000000000000000e+03
8.390000000000000000e+03
9.970000000000000000e+03
8.650000000000000000e+03
9.320000000000000000e+03
8.740000000000000000e+03
8.550000000000000000e+03
9.750000000000000000e+03
8.600000000000000000e+03
8.930000000000000000e+03
9.080000000000000000e+03
9.040000000000000000e+03
9.440000000000000000e+03
1.018000000000000000e+04
9.770000000000000000e+03
8.370000000000000000e+03
7.810000000000000000e+03
8.290000000000000000e+03
8.590000000000000000e+03
9.930000000000000000e+03
9.070000000000000000e+03
9.410000000000000000e+03
8.860000000000000000e+03
8.270000000000000000e+03
9.090000000000000000e+03
9.340000000000000000e+03
7.830000000000000000e+03
9.120000000000000000e+03
9.150000000000000000e+03
8.270000000000000000e+03
8.740000000000000000e+03
7.510000000000000000e+03
8.740000000000000000e+03
8.900000000000000000e+03
9.090000000000000000e+03
8.910000000000000000e+03
8.450000000000000000e+03
9.010000000000000000e+03
8.790000000000000000e+03
8.310000000000000000e+03
9.590000000000000000e+03
1.008000000000000000e+04
8.660000000000000000e+03
8.120000000000000000e+03
7.880000000000000000e+03
1.011000000000000000e+04
8.510000000000000000e+03
7.920000000000000000e+03
8.400000000000000000e+03
9.030000000000000000e+03
8.180000000000000000e+03
7.630000000000000000e+03
7.820000000000000000e+03
9.230000000000000000e+03
9.310000000000000000e+03
8.630000000000000000e+03
8.900000000000000000e+03
8.410000000000000000e+03
8.350000000000000000e+03
8.720000000000000000e+03
9.140000000000000000e+03
9.620000000000000000e+03
8.760000000000000000e+03
8.310000000000000000e+03
8.910000000000000000e+03
