3.582000000000000000e+04
2.549000000000000000e+04
3.538000000000000000e+04
3.547000000000000000e+04
3.069000000000000000e+04
3.548000000000000000e+04
4.561000000000000000e+04
3.538000000000000000e+04
3.604000000000000000e+04
3.205000000000000000e+04
2.838000000000000000e+04
3.564000000000000000e+04
2.837000000000000000e+04
4.073000000000000000e+04
2.535000000000000000e+04
4.229000000000000000e+04
3.554000000000000000e+04
3.513000000000000000e+04
4.223000000000000000e+04
3.498000000000000000e+04
2.808000000000000000e+04
3.665000000000000000e+04
3.579000000000000000e+04
3.035000000000000000e+04
2.814000000000000000e+04
4.040000000000000000e+04
2.821000000000000000e+04
5.040000000000000000e+04
4.091000000000000000e+04
5.383000000000000000e+04
4.921000000000000000e+04
3.228000000000000000e+04
3.037000000000000000e+04
3.070000000000000000e+04
3.068000000000000000e+04
3.520000000000000000e+04
4.580000000000000000e+04
4.090000000000000000e+04
3.068000000000000000e+04
3.305000000000000000e+04
3.036000000000000000e+04
5.030000000000000000e+04
3.048000000000000000e+04
4.261000000000000000e+04
2.548000000000000000e+04
4.522000000000000000e+04
3.042000000000000000e+04
3.523000000000000000e+04
3.525000000000000000e+04
3.047000000000000000e+04
3.307000000000000000e+04
3.534000000000000000e+04
2.875000000000000000e+04
2.556000000000000000e+04
4.081000000000000000e+04
4.265000000000000000e+04
2.529000000000000000e+04
3.046000000000000000e+04
3.570000000000000000e+04
4.520000000000000000e+04
3.043000000000000000e+04
3.752000000000000000e+04
2.824000000000000000e+04
3.242000000000000000e+04
3.545000000000000000e+04
3.211000000000000000e+04
3.580000000000000000e+04
4.988000000000000000e+04
3.545000000000000000e+04
4.049000000000000000e+04
3.508000000000000000e+04
2.865000000000000000e+04
4.053000000000000000e+04
2.538000000000000000e+04
3.014000000000000000e+04
3.560000000000000000e+04
3.540000000000000000e+04
3.524000000000000000e+04
4.594000000000000000e+04
4.039000000000000000e+04
2.848000000000000000e+04
3.553000000000000000e+04
2.859000000000000000e+04
3.063000000000000000e+04
3.502000000000000000e+04
3.054000000000000000e+04
3.212000000000000000e+04
4.041000000000000000e+04
3.050000000000000000e+04
4.495000000000000000e+04
4.460000000000000000e+04
2.816000000000000000e+04
3.036000000000000000e+04
3.543000000000000000e+04
2.530000000000000000e+04
3.271000000000000000e+04
4.028000000000000000e+04
4.043000000000000000e+04
3.066000000000000000e+04
4.522000000000000000e+04
4.551000000000000000e+04
2.558000000000000000e+04
3.564000000000000000e+04
3.513000000000000000e+04
3.011000000000000000e+04
2.330000000000000000e+04
2.876000000000000000e+04
3.254000000000000000e+04
3.052000000000000000e+04
3.542000000000000000e+04
4.545000000000000000e+04
4.536000000000000000e+04
4.590000000000000000e+04
4.607000000000000000e+04
3.244000000000000000e+04
2.368000000000000000e+04
3.038000000000000000e+04
3.533000000000000000e+04
4.033000000000000000e+04
4.518000000000000000e+04
3.716000000000000000e+04
2.543000000000000000e+04
3.348000000000000000e+04
4.062000000000000000e+04
3.546000000000000000e+04
2.547000000000000000e+04
4.071000000000000000e+04
3.052000000000000000e+04
3.540000000000000000e+04
3.029000000000000000e+04
4.012000000000000000e+04
3.547000000000000000e+04
3.554000000000000000e+04
2.837000000000000000e+04
5.025000000000000000e+04
3.979000000000000000e+04
3.731000000000000000e+04
3.980000000000000000e+04
3.196000000000000000e+04
3.746000000000000000e+04
4.532000000000000000e+04
3.059000000000000000e+04
5.585000000000000000e+04
3.065000000000000000e+04
4.555000000000000000e+04
4.084000000000000000e+04
3.070000000000000000e+04
4.089000000000000000e+04
4.074000000000000000e+04
3.051000000000000000e+04
3.481000000000000000e+04
2.823000000000000000e+04
5.039000000000000000e+04
3.066000000000000000e+04
4.577000000000000000e+04
3.533000000000000000e+04
3.521000000000000000e+04
3.052000000000000000e+04
3.751000000000000000e+04
2.379000000000000000e+04
3.519000000000000000e+04
3.575000000000000000e+04
3.950000000000000000e+04
3.356000000000000000e+04
3.563000000000000000e+04
4.073000000000000000e+04
3.061000000000000000e+04
3.549000000000000000e+04
2.373000000000000000e+04
3.049000000000000000e+04
3.053000000000000000e+04
2.825000000000000000e+04
4.035000000000000000e+04
3.567000000000000000e+04
3.576000000000000000e+04
3.531000000000000000e+04
2.820000000000000000e+04
3.526000000000000000e+04
2.865000000000000000e+04
3.069000000000000000e+04
3.509000000000000000e+04
4.513000000000000000e+04
4.542000000000000000e+04
3.300000000000000000e+04
3.954000000000000000e+04
4.710000000000000000e+04
3.529000000000000000e+04
3.570000000000000000e+04
3.549000000000000000e+04
2.856000000000000000e+04
3.006000000000000000e+04
4.817000000000000000e+04
4.398000000000000000e+04
3.556000000000000000e+04
4.184000000000000000e+04
3.374000000000000000e+04
3.052000000000000000e+04
2.793000000000000000e+04
4.102000000000000000e+04
4.483000000000000000e+04
3.009000000000000000e+04
3.675000000000000000e+04
4.586000000000000000e+04
4.557000000000000000e+04
3.574000000000000000e+04
3.739000000000000000e+04
4.655000000000000000e+04
4.576000000000000000e+04
3.065000000000000000e+04
4.030000000000000000e+04
2.782000000000000000e+04
2.863000000000000000e+04
3.040000000000000000e+04
2.997000000000000000e+04
3.271000000000000000e+04
3.549000000000000000e+04
3.535000000000000000e+04
3.779000000000000000e+04
3.039000000000000000e+04
3.546000000000000000e+04
3.538000000000000000e+04
3.067000000000000000e+04
3.573000000000000000e+04
3.065000000000000000e+04
3.524000000000000000e+04
4.255000000000000000e+04
4.092000000000000000e+04
3.993000000000000000e+04
6.919000000000000000e+04
2.818000000000000000e+04
3.351000000000000000e+04
3.556000000000000000e+04
3.053000000000000000e+04
3.988000000000000000e+04
4.241000000000000000e+04
3.057000000000000000e+04
3.570000000000000000e+04
3.538000000000000000e+04
4.942000000000000000e+04
3.199000000000000000e+04
4.531000000000000000e+04
4.167000000000000000e+04
3.535000000000000000e+04
3.030000000000000000e+04
3.554000000000000000e+04
4.046000000000000000e+04
2.335000000000000000e+04
2.823000000000000000e+04
4.003000000000000000e+04
3.266000000000000000e+04
2.814000000000000000e+04
4.998000000000000000e+04
3.544000000000000000e+04
5.011000000000000000e+04
4.049000000000000000e+04
2.873000000000000000e+04
3.559000000000000000e+04
2.540000000000000000e+04
3.027000000000000000e+04
3.044000000000000000e+04
5.711000000000000000e+04
3.281000000000000000e+04
2.045000000000000000e+04
5.057000000000000000e+04
3.647000000000000000e+04
5.552000000000000000e+04
2.845000000000000000e+04
4.993000000000000000e+04
3.574000000000000000e+04
5.067000000000000000e+04
3.580000000000000000e+04
3.517000000000000000e+04
2.852000000000000000e+04
4.548000000000000000e+04
3.052000000000000000e+04
3.367000000000000000e+04
4.083000000000000000e+04
3.981000000000000000e+04
4.740000000000000000e+04
4.566000000000000000e+04
4.070000000000000000e+04
4.088000000000000000e+04
4.046000000000000000e+04
4.263000000000000000e+04
3.530000000000000000e+04
4.088000000000000000e+04
4.443000000000000000e+04
3.240000000000000000e+04
2.785000000000000000e+04
3.317000000000000000e+04
3.295000000000000000e+04
3.510000000000000000e+04
4.013000000000000000e+04
3.047000000000000000e+04
3.044000000000000000e+04
3.014000000000000000e+04
3.278000000000000000e+04
3.535000000000000000e+04
4.050000000000000000e+04
3.288000000000000000e+04
5.016000000000000000e+04
4.067000000000000000e+04
3.686000000000000000e+04
3.070000000000000000e+04
3.546000000000000000e+04
3.573000000000000000e+04
3.514000000000000000e+04
2.867000000000000000e+04
2.860000000000000000e+04
2.554000000000000000e+04
3.041000000000000000e+04
4.090000000000000000e+04
3.015000000000000000e+04
3.035000000000000000e+04
4.025000000000000000e+04
2.556000000000000000e+04
4.051000000000000000e+04
2.783000000000000000e+04
3.572000000000000000e+04
3.575000000000000000e+04
3.271000000000000000e+04
4.068000000000000000e+04
2.813000000000000000e+04
3.248000000000000000e+04
4.058000000000000000e+04
3.567000000000000000e+04
2.534000000000000000e+04
2.813000000000000000e+04
2.818000000000000000e+04
2.856000000000000000e+04
3.503000000000000000e+04
2.841000000000000000e+04
4.559000000000000000e+04
3.560000000000000000e+04
2.544000000000000000e+04
3.045000000000000000e+04
3.530000000000000000e+04
3.261000000000000000e+04
4.206000000000000000e+04
3.056000000000000000e+04
5.055000000000000000e+04
3.032000000000000000e+04
3.020000000000000000e+04
2.551000000000000000e+04
3.048000000000000000e+04
3.526000000000000000e+04
5.021000000000000000e+04
3.055000000000000000e+04
3.545000000000000000e+04
3.571000000000000000e+04
3.042000000000000000e+04
5.960000000000000000e+04
3.250000000000000000e+04
3.296000000000000000e+04
2.797000000000000000e+04
3.046000000000000000e+04
5.051000000000000000e+04
3.024000000000000000e+04
3.737000000000000000e+04
3.023000000000000000e+04
2.869000000000000000e+04
3.977000000000000000e+04
2.796000000000000000e+04
3.321000000000000000e+04
4.125000000000000000e+04
3.735000000000000000e+04
3.569000000000000000e+04
3.017000000000000000e+04
3.564000000000000000e+04
3.514000000000000000e+04
3.550000000000000000e+04
4.049000000000000000e+04
3.239000000000000000e+04
2.535000000000000000e+04
4.617000000000000000e+04
3.042000000000000000e+04
3.272000000000000000e+04
3.556000000000000000e+04
3.261000000000000000e+04
4.054000000000000000e+04
3.072000000000000000e+04
2.347000000000000000e+04
3.045000000000000000e+04
5.079000000000000000e+04
3.071000000000000000e+04
3.555000000000000000e+04
4.213000000000000000e+04
3.247000000000000000e+04
3.240000000000000000e+04
3.498000000000000000e+04
3.273000000000000000e+04
4.091000000000000000e+04
4.059000000000000000e+04
4.078000000000000000e+04
4.090000000000000000e+04
3.984000000000000000e+04
2.797000000000000000e+04
3.280000000000000000e+04
3.375000000000000000e+04
3.041000000000000000e+04
2.993000000000000000e+04
2.532000000000000000e+04
2.821000000000000000e+04
3.070000000000000000e+04
3.543000000000000000e+04
3.259000000000000000e+04
3.033000000000000000e+04
4.680000000000000000e+04
3.068000000000000000e+04
3.500000000000000000e+04
5.004000000000000000e+04
3.572000000000000000e+04
3.681000000000000000e+04
3.580000000000000000e+04
3.520000000000000000e+04
4.075000000000000000e+04
2.795000000000000000e+04
2.373000000000000000e+04
2.555000000000000000e+04
2.553000000000000000e+04
2.767000000000000000e+04
3.233000000000000000e+04
3.673000000000000000e+04
3.542000000000000000e+04
3.264000000000000000e+04
3.314000000000000000e+04
4.492000000000000000e+04
4.982000000000000000e+04
4.084000000000000000e+04
3.042000000000000000e+04
3.737000000000000000e+04
4.065000000000000000e+04
4.005000000000000000e+04
3.721000000000000000e+04
3.542000000000000000e+04
3.326000000000000000e+04
4.136000000000000000e+04
3.046000000000000000e+04
2.861000000000000000e+04
3.241000000000000000e+04
4.620000000000000000e+04
3.028000000000000000e+04
3.033000000000000000e+04
3.248000000000000000e+04
4.045000000000000000e+04
3.958000000000000000e+04
3.573000000000000000e+04
3.049000000000000000e+04
3.527000000000000000e+04
3.269000000000000000e+04
2.774000000000000000e+04
3.564000000000000000e+04
2.558000000000000000e+04
4.062000000000000000e+04
3.552000000000000000e+04
2.765000000000000000e+04
4.070000000000000000e+04
4.071000000000000000e+04
3.230000000000000000e+04
2.818000000000000000e+04
3.548000000000000000e+04
3.067000000000000000e+04
3.067000000000000000e+04
4.042000000000000000e+04
3.578000000000000000e+04
3.016000000000000000e+04
2.808000000000000000e+04
3.028000000000000000e+04
3.065000000000000000e+04
3.546000000000000000e+04
3.037000000000000000e+04
3.869000000000000000e+04
5.019000000000000000e+04
4.038000000000000000e+04
2.820000000000000000e+04
4.237000000000000000e+04
3.065000000000000000e+04
3.540000000000000000e+04
5.188000000000000000e+04
3.023000000000000000e+04
4.298000000000000000e+04
3.024000000000000000e+04
3.541000000000000000e+04
3.458000000000000000e+04
3.245000000000000000e+04
4.038000000000000000e+04
2.783000000000000000e+04
4.074000000000000000e+04
3.559000000000000000e+04
3.989000000000000000e+04
2.769000000000000000e+04
3.297000000000000000e+04
5.135000000000000000e+04
3.704000000000000000e+04
3.579000000000000000e+04
3.513000000000000000e+04
3.282000000000000000e+04
4.043000000000000000e+04
4.090000000000000000e+04
3.039000000000000000e+04
3.071000000000000000e+04
3.529000000000000000e+04
4.531000000000000000e+04
3.557000000000000000e+04
3.242000000000000000e+04
3.196000000000000000e+04
3.325000000000000000e+04
5.058000000000000000e+04
3.528000000000000000e+04
3.377000000000000000e+04
3.049000000000000000e+04
3.059000000000000000e+04
2.836000000000000000e+04
2.369000000000000000e+04
2.386000000000000000e+04
3.350000000000000000e+04
3.567000000000000000e+04
3.053000000000000000e+04
3.530000000000000000e+04
3.348000000000000000e+04
4.009000000000000000e+04
4.236000000000000000e+04
6.067000000000000000e+04
3.851000000000000000e+04
2.557000000000000000e+04
4.493000000000000000e+04
2.836000000000000000e+04
3.490000000000000000e+04
3.961000000000000000e+04
4.686000000000000000e+04
5.946000000000000000e+04
2.338000000000000000e+04
3.055000000000000000e+04
4.030000000000000000e+04
4.092000000000000000e+04
3.070000000000000000e+04
4.574000000000000000e+04
3.070000000000000000e+04
3.576000000000000000e+04
5.494000000000000000e+04
4.032000000000000000e+04
2.775000000000000000e+04
4.058000000000000000e+04
3.045000000000000000e+04
3.024000000000000000e+04
2.799000000000000000e+04
5.027000000000000000e+04
4.049000000000000000e+04
3.548000000000000000e+04
4.165000000000000000e+04
3.026000000000000000e+04
4.521000000000000000e+04
4.202000000000000000e+04
2.534000000000000000e+04
3.821000000000000000e+04
3.519000000000000000e+04
3.312000000000000000e+04
3.536000000000000000e+04
3.048000000000000000e+04
4.556000000000000000e+04
4.601000000000000000e+04
2.549000000000000000e+04
3.729000000000000000e+04
3.533000000000000000e+04
4.699000000000000000e+04
2.805000000000000000e+04
2.863000000000000000e+04
3.672000000000000000e+04
4.062000000000000000e+04
2.980000000000000000e+04
3.541000000000000000e+04
3.063000000000000000e+04
2.817000000000000000e+04
3.046000000000000000e+04
5.068000000000000000e+04
3.352000000000000000e+04
4.173000000000000000e+04
4.469000000000000000e+04
3.529000000000000000e+04
3.069000000000000000e+04
4.478000000000000000e+04
2.750000000000000000e+04
3.731000000000000000e+04
4.013000000000000000e+04
4.558000000000000000e+04
3.046000000000000000e+04
3.050000000000000000e+04
4.036000000000000000e+04
2.793000000000000000e+04
3.579000000000000000e+04
3.033000000000000000e+04
3.059000000000000000e+04
3.535000000000000000e+04
4.040000000000000000e+04
2.371000000000000000e+04
4.023000000000000000e+04
4.195000000000000000e+04
3.062000000000000000e+04
3.545000000000000000e+04
3.561000000000000000e+04
3.554000000000000000e+04
3.683000000000000000e+04
3.051000000000000000e+04
2.559000000000000000e+04
3.581000000000000000e+04
2.557000000000000000e+04
4.079000000000000000e+04
3.022000000000000000e+04
5.501000000000000000e+04
2.348000000000000000e+04
2.811000000000000000e+04
3.013000000000000000e+04
4.041000000000000000e+04
3.494000000000000000e+04
3.054000000000000000e+04
4.545000000000000000e+04
2.853000000000000000e+04
3.560000000000000000e+04
4.084000000000000000e+04
3.536000000000000000e+04
3.579000000000000000e+04
3.544000000000000000e+04
3.566000000000000000e+04
4.091000000000000000e+04
3.060000000000000000e+04
5.035000000000000000e+04
2.816000000000000000e+04
3.492000000000000000e+04
2.793000000000000000e+04
3.545000000000000000e+04
3.631000000000000000e+04
3.575000000000000000e+04
3.072000000000000000e+04
3.049000000000000000e+04
3.580000000000000000e+04
4.028000000000000000e+04
3.266000000000000000e+04
3.279000000000000000e+04
2.553000000000000000e+04
3.570000000000000000e+04
4.537000000000000000e+04
2.550000000000000000e+04
3.044000000000000000e+04
3.067000000000000000e+04
5.491000000000000000e+04
4.078000000000000000e+04
3.636000000000000000e+04
3.686000000000000000e+04
3.069000000000000000e+04
4.070000000000000000e+04
3.234000000000000000e+04
3.495000000000000000e+04
3.740000000000000000e+04
3.064000000000000000e+04
3.792000000000000000e+04
3.868000000000000000e+04
3.065000000000000000e+04
3.314000000000000000e+04
3.986000000000000000e+04
3.574000000000000000e+04
3.547000000000000000e+04
2.545000000000000000e+04
3.262000000000000000e+04
2.547000000000000000e+04
2.828000000000000000e+04
5.052000000000000000e+04
4.587000000000000000e+04
3.514000000000000000e+04
2.866000000000000000e+04
2.815000000000000000e+04
3.546000000000000000e+04
2.391000000000000000e+04
3.047000000000000000e+04
3.289000000000000000e+04
2.801000000000000000e+04
4.074000000000000000e+04
4.018000000000000000e+04
2.827000000000000000e+04
3.721000000000000000e+04
3.558000000000000000e+04
4.476000000000000000e+04
3.573000000000000000e+04
3.049000000000000000e+04
2.840000000000000000e+04
3.028000000000000000e+04
4.284000000000000000e+04
4.004000000000000000e+04
3.568000000000000000e+04
3.204000000000000000e+04
4.918000000000000000e+04
2.790000000000000000e+04
4.105000000000000000e+04
2.782000000000000000e+04
3.716000000000000000e+04
3.047000000000000000e+04
3.037000000000000000e+04
3.534000000000000000e+04
2.820000000000000000e+04
4.156000000000000000e+04
4.522000000000000000e+04
3.519000000000000000e+04
3.505000000000000000e+04
3.984000000000000000e+04
3.559000000000000000e+04
3.571000000000000000e+04
3.063000000000000000e+04
3.537000000000000000e+04
3.537000000000000000e+04
4.031000000000000000e+04
4.042000000000000000e+04
2.874000000000000000e+04
4.073000000000000000e+04
2.535000000000000000e+04
4.095000000000000000e+04
2.841000000000000000e+04
4.078000000000000000e+04
5.025000000000000000e+04
3.028000000000000000e+04
2.871000000000000000e+04
3.537000000000000000e+04
3.549000000000000000e+04
2.886000000000000000e+04
3.047000000000000000e+04
3.056000000000000000e+04
3.556000000000000000e+04
5.084000000000000000e+04
3.607000000000000000e+04
3.350000000000000000e+04
3.337000000000000000e+04
3.046000000000000000e+04
4.055000000000000000e+04
2.778000000000000000e+04
3.189000000000000000e+04
3.673000000000000000e+04
2.786000000000000000e+04
2.829000000000000000e+04
3.057000000000000000e+04
2.815000000000000000e+04
3.553000000000000000e+04
3.021000000000000000e+04
3.696000000000000000e+04
3.694000000000000000e+04
2.344000000000000000e+04
4.021000000000000000e+04
4.067000000000000000e+04
3.066000000000000000e+04
3.041000000000000000e+04
3.556000000000000000e+04
3.060000000000000000e+04
3.068000000000000000e+04
3.037000000000000000e+04
3.042000000000000000e+04
4.039000000000000000e+04
4.031000000000000000e+04
3.052000000000000000e+04
3.044000000000000000e+04
3.551000000000000000e+04
3.004000000000000000e+04
4.047000000000000000e+04
3.036000000000000000e+04
4.016000000000000000e+04
3.548000000000000000e+04
3.192000000000000000e+04
3.326000000000000000e+04
3.063000000000000000e+04
3.558000000000000000e+04
4.071000000000000000e+04
3.044000000000000000e+04
2.812000000000000000e+04
5.003000000000000000e+04
3.763000000000000000e+04
4.551000000000000000e+04
4.523000000000000000e+04
4.087000000000000000e+04
3.516000000000000000e+04
2.825000000000000000e+04
3.799000000000000000e+04
2.833000000000000000e+04
3.541000000000000000e+04
3.063000000000000000e+04
3.523000000000000000e+04
4.485000000000000000e+04
3.312000000000000000e+04
3.248000000000000000e+04
2.832000000000000000e+04
3.044000000000000000e+04
2.801000000000000000e+04
4.089000000000000000e+04
4.094000000000000000e+04
3.067000000000000000e+04
4.547000000000000000e+04
3.069000000000000000e+04
3.580000000000000000e+04
4.090000000000000000e+04
3.546000000000000000e+04
5.485000000000000000e+04
3.068000000000000000e+04
4.500000000000000000e+04
3.707000000000000000e+04
4.095000000000000000e+04
3.532000000000000000e+04
3.072000000000000000e+04
3.048000000000000000e+04
3.049000000000000000e+04
3.523000000000000000e+04
5.099000000000000000e+04
3.285000000000000000e+04
3.177000000000000000e+04
3.256000000000000000e+04
3.581000000000000000e+04
5.111000000000000000e+04
3.579000000000000000e+04
3.069000000000000000e+04
3.568000000000000000e+04
3.004000000000000000e+04
4.210000000000000000e+04
2.803000000000000000e+04
3.239000000000000000e+04
2.542000000000000000e+04
2.996000000000000000e+04
4.495000000000000000e+04
3.054000000000000000e+04
3.235000000000000000e+04
3.003000000000000000e+04
3.983000000000000000e+04
3.052000000000000000e+04
3.069000000000000000e+04
4.964000000000000000e+04
3.037000000000000000e+04
3.343000000000000000e+04
3.243000000000000000e+04
4.037000000000000000e+04
4.000000000000000000e+04
3.320000000000000000e+04
3.883000000000000000e+04
3.009000000000000000e+04
3.529000000000000000e+04
3.561000000000000000e+04
2.554000000000000000e+04
4.082000000000000000e+04
4.067000000000000000e+04
3.343000000000000000e+04
3.059000000000000000e+04
3.539000000000000000e+04
3.039000000000000000e+04
4.073000000000000000e+04
3.534000000000000000e+04
3.508000000000000000e+04
4.470000000000000000e+04
3.057000000000000000e+04
3.557000000000000000e+04
3.070000000000000000e+04
4.059000000000000000e+04
3.683000000000000000e+04
3.745000000000000000e+04
3.779000000000000000e+04
3.548000000000000000e+04
3.676000000000000000e+04
3.564000000000000000e+04
3.743000000000000000e+04
3.070000000000000000e+04
3.470000000000000000e+04
4.626000000000000000e+04
4.056000000000000000e+04
3.331000000000000000e+04
3.665000000000000000e+04
3.028000000000000000e+04
2.777000000000000000e+04
2.548000000000000000e+04
5.046000000000000000e+04
2.548000000000000000e+04
3.534000000000000000e+04
3.551000000000000000e+04
3.787000000000000000e+04
4.563000000000000000e+04
3.041000000000000000e+04
3.723000000000000000e+04
4.020000000000000000e+04
3.041000000000000000e+04
3.069000000000000000e+04
3.546000000000000000e+04
3.300000000000000000e+04
3.320000000000000000e+04
3.699000000000000000e+04
3.580000000000000000e+04
3.567000000000000000e+04
3.579000000000000000e+04
4.046000000000000000e+04
4.077000000000000000e+04
2.817000000000000000e+04
2.829000000000000000e+04
3.539000000000000000e+04
4.519000000000000000e+04
3.056000000000000000e+04
3.271000000000000000e+04
3.273000000000000000e+04
3.727000000000000000e+04
3.274000000000000000e+04
4.030000000000000000e+04
3.510000000000000000e+04
2.840000000000000000e+04
3.062000000000000000e+04
4.186000000000000000e+04
3.554000000000000000e+04
3.574000000000000000e+04
4.077000000000000000e+04
2.557000000000000000e+04
2.542000000000000000e+04
2.842000000000000000e+04
3.050000000000000000e+04
4.169000000000000000e+04
2.872000000000000000e+04
3.342000000000000000e+04
4.073000000000000000e+04
3.046000000000000000e+04
3.540000000000000000e+04
3.554000000000000000e+04
4.698000000000000000e+04
3.324000000000000000e+04
3.056000000000000000e+04
4.007000000000000000e+04
3.940000000000000000e+04
3.534000000000000000e+04
4.402000000000000000e+04
3.582000000000000000e+04
3.063000000000000000e+04
3.722000000000000000e+04
3.033000000000000000e+04
3.316000000000000000e+04
3.046000000000000000e+04
3.042000000000000000e+04
4.052000000000000000e+04
4.666000000000000000e+04
3.711000000000000000e+04
4.009000000000000000e+04
4.301000000000000000e+04
4.063000000000000000e+04
3.309000000000000000e+04
2.555000000000000000e+04
3.036000000000000000e+04
3.506000000000000000e+04
2.885000000000000000e+04
3.028000000000000000e+04
3.258000000000000000e+04
2.552000000000000000e+04
4.490000000000000000e+04
3.506000000000000000e+04
4.031000000000000000e+04
3.037000000000000000e+04
3.292000000000000000e+04
4.063000000000000000e+04
4.313000000000000000e+04
3.278000000000000000e+04
3.756000000000000000e+04
4.557000000000000000e+04
2.825000000000000000e+04
2.556000000000000000e+04
3.563000000000000000e+04
5.008000000000000000e+04
3.654000000000000000e+04
3.232000000000000000e+04
3.269000000000000000e+04
3.378000000000000000e+04
2.830000000000000000e+04
3.056000000000000000e+04
3.480000000000000000e+04
2.852000000000000000e+04
3.223000000000000000e+04
3.052000000000000000e+04
3.064000000000000000e+04
3.535000000000000000e+04
2.541000000000000000e+04
3.049000000000000000e+04
2.837000000000000000e+04
2.818000000000000000e+04
2.810000000000000000e+04
3.061000000000000000e+04
3.564000000000000000e+04
3.549000000000000000e+04
3.068000000000000000e+04
3.549000000000000000e+04
3.539000000000000000e+04
3.295000000000000000e+04
3.036000000000000000e+04
3.254000000000000000e+04
3.306000000000000000e+04
3.033000000000000000e+04
2.380000000000000000e+04
3.520000000000000000e+04
2.856000000000000000e+04
3.297000000000000000e+04
3.689000000000000000e+04
3.573000000000000000e+04
5.511000000000000000e+04
3.265000000000000000e+04
3.731000000000000000e+04
3.285000000000000000e+04
3.561000000000000000e+04
3.036000000000000000e+04
3.252000000000000000e+04
