127.915
124.748
130.334
127.624
109.478
124.432
136.900
146.891
107.541
109.254
129.379
119.375
119.618
127.026
118.146
108.986
104.753
107.757
127.344
137.343
124.564
109.494
108.531
106.561
105.593
116.982
137.133
147.371
126.065
106.096
117.296
130.802
128.348
131.527
131.143
106.140
126.702
103.354
126.745
140.449
119.223
128.863
116.653
119.824
106.026
115.474
138.543
149.900
107.552
119.842
129.610
115.224
119.070
141.098
120.180
108.859
128.799
129.260
128.353
118.263
97.086
117.830
115.189
129.446
97.141
117.947
137.666
127.009
124.753
127.888
116.475
128.668
126.208
121.096
117.527
126.280
129.818
120.638
117.000
117.682
127.350
125.463
118.947
117.908
116.626
127.694
119.356
118.624
127.177
121.432
129.764
131.700
116.367
118.753
116.840
128.609
126.174
117.836
117.742
106.630
127.328
129.847
118.036
119.470
128.326
136.156
135.047
118.304
129.578
136.083
106.974
131.253
104.846
119.825
118.133
127.475
106.490
115.691
127.780
107.108
125.344
118.181
127.302
147.430
125.741
97.304
128.230
115.612
128.458
129.474
126.620
117.689
110.953
106.957
126.877
106.513
128.099
116.698
128.690
115.379
107.386
106.345
118.447
118.663
117.584
116.826
116.982
121.418
129.663
113.553
128.666
135.953
119.167
108.550
128.900
138.797
108.409
118.951
119.181
138.783
118.509
116.270
116.784
110.110
117.955
118.568
138.400
136.921
118.245
127.773
125.802
117.367
106.148
106.214
118.107
116.913
116.245
137.638
117.688
116.607
115.341
117.718
126.412
128.458
107.780
108.042
110.446
127.815
128.479
127.181
128.447
135.820
117.416
119.755
117.098
125.155
128.979
118.687
116.891
146.702
128.819
117.130
126.529
128.158
117.198
97.868
136.544
117.429
108.525
116.727
125.351
118.915
137.699
147.069
109.114
128.425
135.254
117.626
121.231
129.604
129.950
124.736
107.602
136.088
129.129
116.084
139.996
129.785
129.152
117.566
116.993
140.505
136.438
119.691
118.357
150.243
119.157
128.317
126.720
139.679
129.604
119.900
127.741
123.793
127.490
129.373
108.442
114.721
108.369
118.201
115.843
128.801
129.232
118.004
118.706
119.311
116.999
118.446
130.160
116.535
136.438
125.423
118.522
119.320
108.082
118.115
109.838
146.939
129.324
117.464
109.461
119.089
146.933
115.908
116.511
109.392
117.035
127.794
127.387
127.792
127.212
116.822
124.560
117.064
139.889
119.731
120.486
106.329
129.833
107.080
126.635
130.987
126.309
117.997
109.941
128.355
116.213
136.300
109.772
128.165
118.369
131.622
118.796
108.841
105.312
117.835
128.032
118.386
136.908
125.647
118.522
120.795
117.147
129.800
116.890
140.862
120.304
116.603
127.394
109.723
128.594
118.906
127.232
116.241
127.868
141.031
126.941
118.835
110.671
128.988
117.161
117.066
127.546
147.661
119.113
129.333
118.247
126.535
129.133
129.024
137.203
117.564
130.523
139.614
115.231
117.450
119.963
128.913
117.332
117.592
128.514
120.587
118.109
117.631
118.113
136.216
160.674
116.092
119.040
120.595
117.607
120.275
118.057
105.575
108.756
109.925
121.336
136.175
146.991
130.604
116.619
118.665
116.436
139.580
117.504
118.286
128.373
115.548
108.631
128.522
116.419
138.910
116.385
119.645
158.969
130.281
135.116
118.610
125.487
127.710
127.895
126.944
129.059
109.201
129.028
129.969
105.843
128.578
118.447
117.165
106.210
117.574
128.106
106.477
108.489
142.648
155.255
128.449
115.015
108.386
118.108
129.484
116.691
140.751
129.769
146.092
119.998
118.075
121.416
117.583
115.334
128.708
129.306
116.319
127.508
130.494
128.789
138.322
117.528
118.115
139.820
119.712
128.291
116.201
149.486
118.345
107.216
129.821
130.701
128.556
159.597
128.431
119.309
129.233
131.050
117.954
147.365
130.307
116.631
118.220
137.792
117.070
130.779
118.652
108.533
108.936
130.338
128.482
138.679
108.878
128.649
140.155
139.084
120.648
137.733
130.048
139.464
141.037
117.764
115.696
139.923
150.305
129.107
129.846
110.096
108.945
127.561
118.839
127.441
128.035
128.243
117.771
127.412
160.019
127.145
118.799
128.139
118.342
126.602
138.786
139.823
120.559
127.455
120.390
139.229
109.512
109.098
118.541
140.053
119.785
128.373
129.186
118.470
136.606
107.856
149.543
127.397
126.671
107.415
129.146
138.379
116.895
118.997
119.563
131.027
130.515
119.801
117.101
118.097
149.094
127.820
118.004
118.412
117.525
119.760
116.278
129.929
126.946
118.058
137.598
140.786
119.512
138.068
117.414
118.314
118.426
138.512
117.807
117.344
135.128
127.407
117.648
128.584
116.874
117.731
130.367
140.179
109.303
118.385
110.083
140.242
141.473
140.535
138.770
109.662
120.624
115.854
118.976
140.498
139.164
118.131
126.195
147.720
138.949
120.648
128.467
137.354
107.513
116.417
118.537
118.772
149.627
130.523
136.920
128.792
117.857
138.744
130.921
117.487
129.514
130.852
139.666
118.286
137.159
107.878
118.738
107.435
141.945
149.362
126.621
140.652
148.212
107.890
137.689
120.797
128.129
105.132
132.045
129.079
136.035
108.112
128.712
128.996
138.871
116.839
128.051
142.988
136.499
128.911
127.009
107.323
120.295
121.195
130.352
130.579
128.252
127.866
150.094
128.086
106.705
118.664
141.063
128.757
129.616
128.138
108.254
140.322
131.285
140.442
149.367
119.044
128.243
128.449
148.279
129.462
128.297
139.613
119.953
141.361
138.562
128.916
117.712
118.995
108.305
118.002
119.583
118.158
117.497
139.885
118.146
120.261
127.860
108.489
138.881
128.954
117.181
139.952
128.711
127.138
120.524
120.192
139.567
147.106
132.391
128.967
129.720
127.634
138.599
118.095
140.188
138.475
130.349
129.279
139.179
125.654
118.929
130.165
118.374
119.024
139.828
136.288
139.790
127.472
119.238
137.329
120.470
130.534
128.035
120.981
107.941
137.505
129.115
139.378
120.957
127.789
148.687
128.539
128.874
129.518
119.903
130.672
107.708
117.452
129.004
139.243
129.065
127.182
116.694
118.163
131.399
129.472
139.954
119.128
117.510
128.665
119.609
116.001
132.370
130.330
107.453
129.977
117.134
129.485
119.053
118.061
145.749
119.542
138.931
128.614
119.344
136.819
119.552
127.924
117.209
139.092
137.818
130.428
128.713
159.087
127.825
138.252
130.556
118.871
119.179
119.110
118.022
138.691
111.627
117.578
140.124
119.356
112.201
126.045
148.994
127.012
127.807
139.585
141.375
138.376
121.204
130.574
128.875
119.176
150.766
139.377
119.328
131.412
147.569
126.921
131.584
119.342
139.158
129.745
128.422
129.210
151.160
136.781
128.397
140.281
127.016
119.969
117.356
120.005
131.140
128.999
129.173
118.472
130.915
138.586
127.346
131.253
129.983
129.307
117.266
117.746
120.299
119.931
127.038
130.430
139.522
129.660
127.680
119.747
118.566
141.273
128.872
118.314
140.885
130.729
119.306
141.545
116.165
119.374
137.222
128.106
137.593
129.106
107.896
109.352
128.412
130.801
141.255
128.398
119.012
137.789
134.894
118.149
129.431
132.067
151.459
119.903
119.550
129.553
128.958
110.093
128.767
131.361
114.787
131.978
106.871
118.980
150.790
107.147
109.180
140.882
119.548
129.341
129.063
160.683
139.146
121.223
131.313
117.730
120.070
130.331
131.701
139.796
129.680
129.522
146.968
118.618
141.864
131.524
158.507
120.572
149.994
119.234
128.673
127.407
140.420
118.699
119.306
126.361
127.854
120.191
129.480
159.819
130.020
128.688
129.178
147.098
130.377
129.888
117.774
127.302
127.290
121.397
117.918
129.564
129.775
117.243
120.820
129.580
128.589
128.281
130.469
149.434
140.501
141.958
128.642
118.485
111.592
150.139
127.535
130.019
110.327
109.232
136.847
110.642
119.617
139.626
120.020
158.107
120.188
129.195
130.779
140.407
121.065
108.293
138.731
128.945
136.029
130.479
118.970
140.487
119.589
121.982
129.464
130.777
130.569
139.022
138.566
106.998
133.815
136.690
131.340
156.891
117.031
139.677
139.130
128.226
142.384
122.214
130.605
131.374
121.171
121.262
131.094
109.857
140.728
131.990
148.685
139.090
129.424
129.181
130.122
122.612
138.825
129.683
129.652
130.276
138.682
120.073
149.632
138.752
138.957
138.795
128.102
140.245
130.566
128.794
128.496
119.438
130.393
136.177
148.293
129.993
139.658
145.986
130.025
130.942
110.627
128.773
130.118
140.722
125.402
130.226
129.656
149.534
129.715
157.316
130.239
132.450
140.641
149.191
140.155
121.519
128.441
126.570
147.216
