13.061169386169396
12.849575424575434
13.00621600621601
13.63684787434788
16.032539682539678
17.63253968253968
11.976443001443005
15.194444444444443
22.259126984126976
25.015476190476182
22.660714285714278
15.04120879120879
12.807034632034638
14.548809523809519
13.856818181818184
15.712301587301583
14.512301587301586
13.164008214008224
13.269419469419471
14.443326118326109
18.393253968253955
13.283802308802315
14.049891774891774
21.73174603174603
20.865873015873007
20.28174603174602
14.00732323232323
14.409920634920626
14.174603174603172
13.664682539682525
12.786507936507947
15.615079365079362
17.652777777777775
13.503846153846165
15.788286713286714
14.785714285714283
15.815476190476186
16.269841269841265
15.740873015873014
12.941522366522372
13.163899988899995
12.378582528582536
14.020512820512826
14.619047619047617
13.925066600066607
14.527777777777773
17.289682539682538
19.37738095238095
20.458730158730148
13.995634920634917
21.504761904761903
11.22168109668109
14.893240093240102
15.174358974358986
14.791666666666664
14.195815295815299
20.30436507936507
16.255158730158726
20.17460317460317
18.753968253968257
21.61626984126984
17.014285714285705
13.954509379509375
13.136544011544013
21.217857142857135
21.17182539682539
10.924278499278495
23.309523809523807
20.54761904761904
14.245346320346309
15.041822066822064
20.16587301587301
12.929845154845157
14.235941835941848
17.621031746031743
15.048135198135201
14.595862470862462
15.227236652236657
15.515873015873014
15.672619047619047
19.049206349206344
16.73412698412698
13.54173881673881
14.830674880674882
12.809207459207473
17.914682539682538
12.909498834498839
18.998015873015877
18.79007936507936
14.320992895992893
16.061507936507937
13.999456099456102
15.574611499611505
12.631465756465762
19.16269841269841
12.340873015873008
20.424603174603167
21.945238095238086
13.322474747474738
14.400757575757583
21.50238095238095
14.768939393939391
14.11305638805639
20.828968253968245
21.497222222222216
18.220238095238084
13.591425241425243
15.33412698412698
16.678571428571423
15.842829392829394
15.03434343434344
12.863741813741822
15.65425685425686
16.609126984126984
13.85656565656566
19.39960317460317
19.26071428571428
16.184559884559885
12.759018759018764
15.377417027417025
15.57121212121213
13.283030858030864
11.657792207792216
17.746825396825397
14.696953046953055
12.037698412698411
16.183333333333337
13.40611888111889
15.240873015873019
14.144949494949495
21.376984126984123
14.363095238095234
19.113095238095234
12.826981351981347
21.423412698412694
17.221428571428564
15.24365079365079
22.028968253968248
23.17142857142857
15.44722222222222
14.840476190476188
24.924206349206337
19.56309523809523
16.937698412698417
22.4547619047619
16.76388888888888
14.936183261183258
22.081746031746025
20.07539682539682
16.61666666666666
15.731746031746031
15.182539682539677
14.291461316461321
19.360317460317447
21.796428571428564
20.469841269841258
14.874206349206347
16.05227272727273
14.513059163059166
14.210375735375742
13.737493062493064
13.524675324675327
18.267063492063482
17.580158730158725
14.28571428571428
15.969877344877341
14.534956709956722
17.114285714285714
16.13095238095238
14.98928571428571
12.329395604395605
14.085927960927963
14.999999999999998
13.75258352758353
12.20914640914641
15.058488733488746
23.00595238095237
19.412301587301577
20.83412698412698
12.946176046176042
13.889538239538242
13.00177877677878
15.430952380952377
15.619444444444444
20.08492063492063
20.453571428571422
15.691666666666665
15.326984126984122
14.338131313131319
17.03055555555556
13.941086691086694
13.981973581973593
13.25900488400489
15.66269841269841
16.29999999999999
14.0484237984238
14.162698412698411
16.39285714285714
19.725396825396814
13.981746031746027
14.726190476190471
16.327380952380953
20.845238095238088
23.908333333333328
13.66032856032856
15.629365079365074
18.69047619047618
20.250793650793646
18.765476190476186
15.72103174603174
18.33690476190476
21.620634920634913
20.389285714285705
20.413095238095227
14.724206349206352
15.585317460317457
12.053438228438235
13.38686591186592
13.304809079809083
13.536363636363637
22.139682539682532
18.39880952380952
19.926190476190474
17.776587301587295
15.505555555555553
21.301190476190477
13.753354978354974
15.15674603174603
14.130638805638807
10.969119769119775
15.468253968253967
15.214285714285708
14.135042735042742
18.59047619047619
18.86904761904761
20.316666666666656
14.58611111111111
16.1765873015873
16.088492063492073
18.051587301587304
16.200396825396826
21.00873015873015
23.131349206349203
18.945238095238093
20.050396825396813
17.21309523809523
19.346428571428564
15.097222222222216
13.550119325119326
12.32142857142857
13.806349206349203
16.428571428571423
13.210986235986239
13.853593628593632
22.47499999999999
16.142460317460316
14.37642912642913
20.90555555555555
19.22261904761903
17.762698412698413
14.811507936507933
15.23412698412698
18.7047619047619
17.0047619047619
19.044444444444434
15.030555555555551
13.175588300588293
14.381873681873685
13.408608058608062
14.12822177822178
14.403246753246755
26.033730158730148
23.06190476190475
18.64880952380952
14.221356421356425
17.189285714285706
21.046428571428564
17.751984126984127
19.00158730158729
15.306349206349202
18.869444444444444
16.72222222222222
14.234126984126984
19.745238095238083
16.358621933621933
14.180555555555554
15.613095238095237
13.528463203463211
13.892624042624053
14.833333333333332
16.160714285714285
22.471428571428564
19.65753968253967
15.700432900432894
14.336410811410817
26.77261904761904
22.408333333333324
21.564682539682533
15.929761904761902
14.890873015873025
12.536519036519042
20.03253968253968
17.397619047619038
18.86904761904761
13.96944444444444
19.699206349206342
19.101984126984117
19.513888888888886
14.213888888888885
15.263492063492059
23.223809523809518
16.92460317460317
22.337698412698405
14.469552669552673
14.520573870573875
12.045537795537799
15.818961593961603
13.258799533799534
16.927777777777777
17.644047619047615
19.252380952380946
19.80833333333333
13.670310245310233
13.502788877788884
15.277777777777775
14.392099567099569
21.85555555555554
22.51230158730158
13.198124098124094
14.63322510822511
17.849206349206348
13.837049062049067
15.27142857142857
23.406746031746025
17.30992063492063
20.530555555555548
16.686544011544008
13.4057831057831
13.614596514596515
14.78174603174603
21.46944444444444
14.72853535353535
14.01129148629149
14.390678765678777
14.400202575202579
19.05436507936508
18.53888888888889
13.33376623376624
15.541666666666663
12.464596514596515
12.367157842157843
12.085314685314689
14.198412698412701
15.637143412143416
19.345238095238088
13.525527250527247
13.430253080253081
14.553185703185719
16.257936507936506
13.178571428571425
16.016666666666662
14.599098124098123
16.083308358308358
11.187864912864915
17.31349206349206
17.607142857142854
22.82023809523809
21.75873015873015
22.76706349206349
14.613888888888885
19.329761904761895
12.973063048063052
15.649999999999995
14.74206349206349
12.924902874902886
13.042107892107897
13.608233433233439
16.394444444444442
15.255158730158726
17.236111111111114
15.973099123099129
13.515115440115435
20.946428571428566
18.72142857142856
17.755952380952376
17.828968253968245
14.838333888333889
21.47142857142856
17.358333333333327
12.88829781329782
14.029098679098679
16.987301587301584
13.309523809523807
12.975505050505063
16.35833333333333
13.890559440559448
15.26474081474082
13.314296814296817
16.53968253968254
12.92388167388167
15.042099567099566
20.1595238095238
24.874603174603163
12.289357864357862
21.406746031746028
14.154195804195803
17.136904761904752
14.876984126984127
20.807142857142853
13.614632589632594
14.990306915306917
14.02738095238095
15.47793317793318
15.047619047619046
16.06547619047619
11.627392052392056
20.101984126984117
13.116774891774892
15.051587301587295
19.696825396825393
13.241736041736042
15.881876456876464
25.67222222222222
21.57460317460317
20.433333333333323
15.038888888888883
18.978571428571428
17.694444444444443
12.743842268842279
14.531349206349205
14.786904761904758
20.606349206349204
18.05119047619047
14.715873015873012
14.201379176379175
19.631349206349203
16.481468531468536
20.11230158730158
17.378571428571426
19.086507936507935
16.473809523809518
14.327883227883238
22.81547619047618
20.04761904761904
16.142460317460316
13.897186147186146
18.61785714285714
15.744841269841267
21.08214285714285
20.477380952380944
14.784523809523813
13.823135198135205
20.89841269841269
18.460714285714282
15.808333333333326
13.078798978798982
15.826948051948051
13.951631701631717
14.078510378510385
26.85079365079364
14.593650793650784
13.22694805194806
13.893290043290047
15.401515151515158
17.72222222222222
15.442460317460316
16.041666666666668
16.411544011544002
12.54481629481629
13.601090576090582
15.573412698412696
18.761904761904763
16.1063492063492
15.293650793650793
12.84722222222222
14.367063492063487
20.77896825396824
16.390873015873016
14.748856698856708
21.278571428571418
15.766414141414142
16.933333333333334
16.84523809523809
20.27420634920634
14.06626984126984
17.892973692973694
13.92738095238095
22.55238095238095
20.474206349206344
18.35119047619047
17.821825396825393
14.958547008547011
15.309509934509936
20.52658730158729
22.026984126984125
12.266594516594514
16.204761904761906
13.69691974691975
20.932142857142846
10.074891774891773
12.529578754578754
13.608777333777336
14.496547896547906
14.842879342879346
15.09040404040404
13.602236652236654
22.86984126984126
16.702380952380953
14.380952380952376
13.533008658008658
15.392687867687863
11.769452769452771
17.601984126984124
16.144841269841265
18.046825396825394
14.486724386724388
20.507936507936506
22.34404761904761
19.886904761904756
20.492857142857133
14.789682539682538
19.826587301587296
16.378968253968257
12.347377622377627
13.048038073038082
14.300022200022207
12.748038073038076
17.058333333333334
16.01785714285714
16.146825396825395
14.67857142857143
14.1031746031746
14.630952380952376
16.103968253968254
14.802236652236658
14.508730158730152
14.98015873015873
19.390476190476182
18.382936507936503
15.274747474747475
18.354761904761894
14.04285714285714
15.191425241425248
18.707936507936505
13.257936507936503
15.211147186147187
16.154761904761905
14.139646464646475
14.142857142857142
25.062301587301583
18.27777777777777
15.418253968253964
15.476190476190474
21.202380952380945
18.68333333333333
19.78769841269841
21.764285714285705
17.139682539682536
16.68773448773448
16.950396825396822
16.049603174603167
21.183730158730146
24.11666666666666
11.870490620490616
14.093084693084702
12.895848595848602
12.17002997002997
14.008488733488742
18.838492063492055
14.858189033189033
13.769910644910638
12.346833721833727
15.444444444444443
14.624999999999995
15.621031746031749
14.77579365079365
14.907070707070709
13.099422799422799
14.557922632922638
19.812698412698406
18.405952380952375
18.183333333333326
17.08492063492063
15.835317460317455
14.874999999999996
16.367063492063494
16.417063492063495
16.361111111111114
15.287301587301583
13.67857142857142
17.107142857142858
14.810317460317458
13.378535353535355
13.876984126984125
17.667857142857137
16.81825396825397
16.784523809523808
17.08928571428571
22.474999999999987
13.983730158730156
11.872186147186147
14.936507936507937
14.497258297258307
12.38233433233434
19.53214285714286
13.446356421356418
16.70515873015873
14.863095238095237
22.36309523809523
19.623809523809513
14.771248196248195
12.127561327561335
23.05595238095237
14.28550893550893
15.464285714285714
14.044841269841264
15.654761904761896
14.333838383838383
16.91785714285714
17.385714285714272
18.71785714285714
18.24047619047618
14.461457986457988
13.214571539571537
15.573340548340548
15.37222222222222
12.353424353424362
16.31666666666667
20.499999999999996
19.72936507936507
22.40714285714285
13.804401154401154
12.95068542568542
13.795634920634917
17.722222222222218
14.103496503496505
13.500721500721506
11.5801948051948
12.623698523698533
16.456349206349202
14.607142857142856
15.698412698412698
17.70952380952381
12.514066489066497
14.774999999999997
12.74895382395383
23.669841269841264
15.910317460317456
13.858824508824513
15.51235708735709
15.465015540015543
14.660714285714286
13.111111111111107
21.267857142857135
23.18015873015872
15.571428571428568
14.579365079365077
17.14285714285714
13.0515873015873
20.603571428571428
25.483333333333324
17.044047619047618
14.964790764790761
17.43968253968253
14.158333333333328
14.829978354978353
14.779365079365071
13.624999999999995
14.917171717171724
16.712301587301585
15.424603174603176
14.224206349206348
14.507936507936504
13.440476190476184
13.963888888888889
23.649999999999988
17.887698412698413
14.028907203907202
14.942460317460315
20.154761904761894
18.975793650793648
16.14007936507936
12.569047619047618
16.126984126984123
22.716666666666658
17.211507936507928
20.21547619047618
15.365476190476187
24.704761904761895
16.351190476190474
13.60858585858586
13.788972138972142
15.27046564546565
19.064285714285706
18.731385281385272
14.248268398268404
13.558044733044738
19.404365079365064
17.199999999999996
12.499206349206355
15.374805749805757
14.555555555555552
23.19007936507935
20.075
20.365873015873
12.826984126984119
14.921031746031739
12.917832167832163
18.96944444444444
14.775793650793652
11.92150072150072
14.070224220224226
16.72103174603174
14.317460317460316
14.250876900876902
14.255952380952372
24.40515873015873
23.491666666666664
12.766233766233764
13.09069264069265
16.16666666666666
19.794444444444434
21.07579365079364
19.57460317460317
15.797222222222219
20.67142857142856
15.99166666666666
13.021645021645021
14.226728826728833
23.453174603174595
17.987698412698403
12.391955266955266
15.771825396825394
15.829365079365079
15.428571428571427
13.490462315462322
13.158100233100237
11.59560994560995
12.877428127428132
13.014826839826844
15.166833166833175
16.01547619047619
13.563153513153516
17.44246031746031
12.76917804417805
15.505952380952381
14.222222222222223
13.840859140859143
15.94404761904761
12.643240093240097
13.652666777666786
21.711507936507925
14.868650793650788
14.66666666666666
15.56428571428571
19.129761904761896
14.279761904761903
15.032539682539676
22.782142857142848
20.080158730158725
14.176670551670552
16.38373015873016
15.69722222222222
13.268395493395495
13.89491341991342
13.498232323232324
21.805158730158723
17.508730158730152
17.296572871572867
20.553174603174607
15.478535353535353
12.669624819624822
16.308333333333334
21.111507936507927
15.59285714285714
15.902777777777773
14.360977910977912
16.192460317460316
13.184654234654237
15.94523809523809
13.490873015873014
13.287049062049071
21.008333333333322
14.23015873015873
11.630988455988465
15.206576756576759
14.378798978798981
14.245091020091026
16.462301587301585
12.537420912420913
13.815476190476186
16.11706349206349
15.017532467532464
14.406973581973586
13.557142857142852
14.481216006216016
16.18849206349206
19.763492063492052
18.89722222222221
18.81230158730158
21.38174603174603
21.253968253968246
16.39563492063492
14.900083250083254
22.849206349206344
13.289682539682534
15.988095238095234
14.98174603174603
12.087409812409819
21.12738095238095
14.7626984126984
10.105050505050505
20.957539682539675
18.351984126984124
15.864682539682534
13.021825396825395
16.45833333333333
15.663095238095236
17.139682539682536
17.96684704184704
21.598412698412687
13.820790320790323
15.791053391053392
15.299603174603176
14.036940836940836
16.021825396825395
18.904761904761898
21.352380952380948
18.49880952380952
13.239033189033183
13.328618603618606
21.234126984126977
18.299603174603167
13.399783549783546
15.765476190476187
17.59126984126984
20.40833333333333
13.106818181818177
16.04365079365079
13.95725108225109
22.047619047619037
18.42301587301587
13.292857142857137
15.28461815961816
22.390079365079355
15.486111111111107
17.76100566100566
12.671681096681104
15.21516261516262
16.007936507936503
13.428571428571423
13.519516594516588
14.538888888888886
19.19682539682539
15.636904761904763
15.64402264402265
13.510772560772565
15.169599844599851
13.081382506382502
14.275768675768681
14.057381507381512
14.581746031746029
12.936505161505163
11.368831168831177
13.545238095238092
23.259920634920633
20.791666666666657
15.682142857142857
14.780555555555555
14.140873015873014
20.000396825396816
16.35238095238095
12.602849927849926
16.047619047619044
14.131349206349201
22.498809523809516
20.336904761904755
13.83401875901876
20.207142857142856
13.421692196692197
15.299603174603178
12.785797535797531
15.038827838827837
15.349553224553231
14.81547619047619
16.052380952380947
10.656335331335333
15.104581529581534
18.533730158730148
18.887301587301586
18.549206349206344
20.682142857142853
24.217857142857135
15.453571428571427
15.907178932178926
13.108164058164054
14.060317460317455
13.23741813741814
20.628571428571426
15.790079365079363
12.833549783549786
13.60538628038628
18.963095238095235
15.422113997113994
12.161771561771568
14.176587301587297
16.965476190476185
13.273809523809524
12.092784992784996
13.228243978243981
13.353579753579755
13.08716561216562
14.55952380952381
14.7770202020202
12.817579642579645
15.391230991230996
19.46825396825396
17.36944444444444
14.28437950937951
12.566955266955276
13.10592740592741
17.96230158730159
14.310317460317458
19.327777777777765
21.285714285714285
16.335714285714285
14.094047619047611
15.424206349206345
21.520238095238092
15.281349206349203
15.434163059163055
13.437878787878795
15.917460317460312
23.032142857142844
13.673001998001999
14.470238095238091
18.43650793650793
19.199999999999992
15.342460317460313
15.26269841269841
17.127777777777776
13.957972582972578
19.842063492063485
16.4531746031746
19.586904761904755
15.854761904761906
13.621536796536796
11.443914418914423
13.445454545454545
21.780952380952368
12.79375901875902
18.07420634920635
16.174999999999994
13.64152236652237
14.823015873015867
13.040836940836947
14.70440115440115
22.911507936507924
21.423412698412687
17.401190476190468
14.261111111111108
15.013888888888888
16.834523809523805
16.891269841269843
12.668939393939402
19.864285714285714
19.385714285714275
22.440476190476186
15.4095238095238
14.212301587301582
14.168650793650793
13.704184704184708
19.99444444444444
19.87857142857142
12.293253968253968
12.749686424686427
13.044011544011545
16.799603174603174
15.051984126984125
15.589285714285712
16.515873015873016
14.253943278943279
16.096825396825388
18.420634920634917
12.425505050505048
16.70793650793651
20.66904761904761
13.153571428571427
15.89646464646464
13.841630591630599
13.342832167832178
19.355555555555547
22.50992063492063
12.420634920634916
12.920418470418479
11.28175435675436
14.686180486180485
14.298135198135205
13.172882672882675
12.279531579531584
