1.260000000000000000e+04
1.395000000000000000e+04
1.187000000000000000e+04
1.321000000000000000e+04
1.177000000000000000e+04
1.391000000000000000e+04
1.310000000000000000e+04
1.346000000000000000e+04
1.271000000000000000e+04
1.232000000000000000e+04
1.227000000000000000e+04
1.162000000000000000e+04
1.153000000000000000e+04
1.327000000000000000e+04
1.278000000000000000e+04
1.194000000000000000e+04
1.347000000000000000e+04
1.251000000000000000e+04
1.337000000000000000e+04
1.324000000000000000e+04
1.409000000000000000e+04
1.177000000000000000e+04
1.154000000000000000e+04
1.205000000000000000e+04
1.293000000000000000e+04
1.303000000000000000e+04
1.300000000000000000e+04
1.386000000000000000e+04
1.333000000000000000e+04
1.285000000000000000e+04
1.303000000000000000e+04
1.207000000000000000e+04
1.248000000000000000e+04
1.145000000000000000e+04
1.205000000000000000e+04
1.310000000000000000e+04
1.308000000000000000e+04
1.449000000000000000e+04
1.334000000000000000e+04
1.201000000000000000e+04
1.244000000000000000e+04
1.280000000000000000e+04
1.264000000000000000e+04
1.187000000000000000e+04
1.283000000000000000e+04
1.372000000000000000e+04
1.301000000000000000e+04
1.235000000000000000e+04
1.169000000000000000e+04
1.148000000000000000e+04
1.265000000000000000e+04
1.413000000000000000e+04
1.237000000000000000e+04
1.213000000000000000e+04
1.161000000000000000e+04
1.237000000000000000e+04
1.265000000000000000e+04
1.224000000000000000e+04
1.266000000000000000e+04
1.246000000000000000e+04
1.218000000000000000e+04
1.285000000000000000e+04
1.378000000000000000e+04
1.178000000000000000e+04
1.194000000000000000e+04
1.270000000000000000e+04
1.391000000000000000e+04
1.296000000000000000e+04
1.344000000000000000e+04
1.213000000000000000e+04
1.292000000000000000e+04
1.272000000000000000e+04
1.334000000000000000e+04
1.120000000000000000e+04
1.267000000000000000e+04
1.274000000000000000e+04
1.235000000000000000e+04
1.172000000000000000e+04
1.219000000000000000e+04
1.195000000000000000e+04
1.235000000000000000e+04
1.351000000000000000e+04
1.240000000000000000e+04
1.214000000000000000e+04
1.287000000000000000e+04
1.245000000000000000e+04
1.224000000000000000e+04
1.197000000000000000e+04
1.238000000000000000e+04
1.157000000000000000e+04
1.212000000000000000e+04
1.164000000000000000e+04
1.246000000000000000e+04
1.271000000000000000e+04
1.254000000000000000e+04
1.209000000000000000e+04
1.330000000000000000e+04
1.252000000000000000e+04
1.241000000000000000e+04
1.314000000000000000e+04
1.309000000000000000e+04
1.258000000000000000e+04
1.228000000000000000e+04
1.142000000000000000e+04
1.250000000000000000e+04
1.302000000000000000e+04
1.467000000000000000e+04
1.236000000000000000e+04
1.247000000000000000e+04
1.328000000000000000e+04
1.254000000000000000e+04
1.196000000000000000e+04
1.377000000000000000e+04
1.214000000000000000e+04
1.254000000000000000e+04
1.305000000000000000e+04
1.290000000000000000e+04
1.326000000000000000e+04
1.283000000000000000e+04
1.320000000000000000e+04
1.380000000000000000e+04
1.299000000000000000e+04
1.278000000000000000e+04
1.326000000000000000e+04
1.329000000000000000e+04
1.242000000000000000e+04
1.276000000000000000e+04
1.348000000000000000e+04
1.242000000000000000e+04
1.185000000000000000e+04
1.277000000000000000e+04
1.240000000000000000e+04
1.064000000000000000e+04
1.204000000000000000e+04
1.332000000000000000e+04
1.312000000000000000e+04
1.261000000000000000e+04
1.299000000000000000e+04
1.162000000000000000e+04
1.356000000000000000e+04
1.263000000000000000e+04
1.314000000000000000e+04
1.279000000000000000e+04
1.192000000000000000e+04
1.281000000000000000e+04
1.238000000000000000e+04
1.195000000000000000e+04
1.100000000000000000e+04
1.238000000000000000e+04
1.484000000000000000e+04
1.303000000000000000e+04
1.361000000000000000e+04
1.142000000000000000e+04
1.179000000000000000e+04
1.250000000000000000e+04
1.246000000000000000e+04
1.186000000000000000e+04
1.277000000000000000e+04
1.248000000000000000e+04
1.307000000000000000e+04
1.215000000000000000e+04
1.302000000000000000e+04
1.298000000000000000e+04
1.114000000000000000e+04
1.199000000000000000e+04
1.226000000000000000e+04
1.275000000000000000e+04
1.374000000000000000e+04
1.183000000000000000e+04
1.315000000000000000e+04
1.396000000000000000e+04
1.281000000000000000e+04
1.238000000000000000e+04
1.288000000000000000e+04
1.270000000000000000e+04
1.272000000000000000e+04
1.324000000000000000e+04
1.388000000000000000e+04
1.252000000000000000e+04
1.277000000000000000e+04
1.392000000000000000e+04
1.266000000000000000e+04
1.294000000000000000e+04
1.219000000000000000e+04
1.152000000000000000e+04
1.168000000000000000e+04
1.136000000000000000e+04
1.283000000000000000e+04
1.211000000000000000e+04
1.258000000000000000e+04
1.289000000000000000e+04
1.381000000000000000e+04
1.240000000000000000e+04
1.137000000000000000e+04
1.309000000000000000e+04
1.414000000000000000e+04
1.278000000000000000e+04
1.245000000000000000e+04
1.294000000000000000e+04
1.433000000000000000e+04
1.256000000000000000e+04
1.264000000000000000e+04
1.301000000000000000e+04
1.246000000000000000e+04
1.275000000000000000e+04
1.127000000000000000e+04
1.324000000000000000e+04
1.313000000000000000e+04
1.155000000000000000e+04
1.239000000000000000e+04
1.358000000000000000e+04
1.214000000000000000e+04
1.400000000000000000e+04
1.397000000000000000e+04
1.115000000000000000e+04
1.271000000000000000e+04
1.464000000000000000e+04
1.292000000000000000e+04
1.137000000000000000e+04
1.188000000000000000e+04
1.187000000000000000e+04
1.321000000000000000e+04
1.239000000000000000e+04
1.357000000000000000e+04
1.224000000000000000e+04
1.278000000000000000e+04
1.303000000000000000e+04
1.242000000000000000e+04
1.205000000000000000e+04
1.222000000000000000e+04
1.297000000000000000e+04
1.254000000000000000e+04
1.421000000000000000e+04
1.174000000000000000e+04
1.212000000000000000e+04
1.233000000000000000e+04
1.194000000000000000e+04
1.281000000000000000e+04
1.296000000000000000e+04
1.248000000000000000e+04
1.210000000000000000e+04
1.143000000000000000e+04
1.259000000000000000e+04
1.445000000000000000e+04
1.273000000000000000e+04
1.221000000000000000e+04
1.162000000000000000e+04
1.333000000000000000e+04
1.180000000000000000e+04
1.245000000000000000e+04
1.259000000000000000e+04
1.299000000000000000e+04
1.210000000000000000e+04
1.266000000000000000e+04
1.208000000000000000e+04
1.100000000000000000e+04
1.275000000000000000e+04
1.163000000000000000e+04
1.176000000000000000e+04
1.245000000000000000e+04
1.390000000000000000e+04
1.365000000000000000e+04
1.214000000000000000e+04
1.162000000000000000e+04
1.227000000000000000e+04
1.220000000000000000e+04
1.104000000000000000e+04
1.334000000000000000e+04
1.222000000000000000e+04
1.269000000000000000e+04
1.118000000000000000e+04
1.260000000000000000e+04
1.350000000000000000e+04
1.301000000000000000e+04
1.274000000000000000e+04
1.191000000000000000e+04
1.252000000000000000e+04
1.323000000000000000e+04
1.421000000000000000e+04
1.293000000000000000e+04
1.281000000000000000e+04
1.189000000000000000e+04
1.374000000000000000e+04
1.265000000000000000e+04
1.222000000000000000e+04
1.152000000000000000e+04
1.110000000000000000e+04
1.232000000000000000e+04
1.168000000000000000e+04
1.238000000000000000e+04
1.285000000000000000e+04
1.115000000000000000e+04
1.374000000000000000e+04
1.216000000000000000e+04
1.093000000000000000e+04
1.187000000000000000e+04
1.315000000000000000e+04
1.390000000000000000e+04
1.143000000000000000e+04
1.249000000000000000e+04
1.239000000000000000e+04
1.176000000000000000e+04
1.167000000000000000e+04
1.219000000000000000e+04
1.326000000000000000e+04
1.255000000000000000e+04
1.224000000000000000e+04
1.208000000000000000e+04
1.352000000000000000e+04
1.317000000000000000e+04
1.190000000000000000e+04
1.122000000000000000e+04
1.259000000000000000e+04
1.197000000000000000e+04
1.274000000000000000e+04
1.159000000000000000e+04
1.170000000000000000e+04
1.345000000000000000e+04
1.261000000000000000e+04
1.116000000000000000e+04
1.250000000000000000e+04
1.131000000000000000e+04
1.279000000000000000e+04
1.289000000000000000e+04
1.296000000000000000e+04
1.207000000000000000e+04
1.317000000000000000e+04
1.169000000000000000e+04
1.125000000000000000e+04
1.200000000000000000e+04
1.232000000000000000e+04
1.212000000000000000e+04
1.220000000000000000e+04
1.365000000000000000e+04
1.230000000000000000e+04
1.208000000000000000e+04
1.211000000000000000e+04
1.342000000000000000e+04
1.243000000000000000e+04
1.254000000000000000e+04
1.288000000000000000e+04
1.305000000000000000e+04
1.122000000000000000e+04
1.292000000000000000e+04
1.365000000000000000e+04
1.280000000000000000e+04
1.164000000000000000e+04
1.174000000000000000e+04
1.300000000000000000e+04
1.256000000000000000e+04
1.224000000000000000e+04
1.099000000000000000e+04
1.219000000000000000e+04
1.240000000000000000e+04
1.266000000000000000e+04
1.357000000000000000e+04
1.249000000000000000e+04
1.325000000000000000e+04
1.122000000000000000e+04
1.118000000000000000e+04
1.241000000000000000e+04
1.188000000000000000e+04
1.230000000000000000e+04
1.262000000000000000e+04
1.130000000000000000e+04
1.061000000000000000e+04
1.169000000000000000e+04
1.291000000000000000e+04
1.296000000000000000e+04
1.190000000000000000e+04
1.288000000000000000e+04
1.132000000000000000e+04
1.313000000000000000e+04
1.179000000000000000e+04
1.241000000000000000e+04
1.202000000000000000e+04
1.260000000000000000e+04
1.323000000000000000e+04
1.155000000000000000e+04
1.235000000000000000e+04
1.361000000000000000e+04
1.336000000000000000e+04
1.330000000000000000e+04
1.175000000000000000e+04
1.256000000000000000e+04
1.169000000000000000e+04
1.396000000000000000e+04
1.223000000000000000e+04
1.371000000000000000e+04
1.242000000000000000e+04
1.204000000000000000e+04
1.348000000000000000e+04
1.301000000000000000e+04
1.127000000000000000e+04
1.189000000000000000e+04
1.256000000000000000e+04
1.307000000000000000e+04
1.207000000000000000e+04
1.207000000000000000e+04
1.320000000000000000e+04
1.255000000000000000e+04
1.211000000000000000e+04
1.242000000000000000e+04
1.246000000000000000e+04
1.128000000000000000e+04
1.164000000000000000e+04
1.427000000000000000e+04
1.281000000000000000e+04
1.369000000000000000e+04
1.198000000000000000e+04
1.166000000000000000e+04
1.209000000000000000e+04
1.263000000000000000e+04
1.264000000000000000e+04
1.212000000000000000e+04
1.338000000000000000e+04
1.190000000000000000e+04
1.166000000000000000e+04
1.138000000000000000e+04
1.278000000000000000e+04
1.294000000000000000e+04
1.295000000000000000e+04
1.195000000000000000e+04
1.278000000000000000e+04
1.248000000000000000e+04
1.212000000000000000e+04
1.231000000000000000e+04
1.318000000000000000e+04
1.226000000000000000e+04
1.290000000000000000e+04
1.314000000000000000e+04
1.175000000000000000e+04
1.281000000000000000e+04
1.280000000000000000e+04
1.306000000000000000e+04
1.220000000000000000e+04
1.253000000000000000e+04
1.212000000000000000e+04
1.179000000000000000e+04
1.240000000000000000e+04
1.300000000000000000e+04
1.280000000000000000e+04
1.238000000000000000e+04
1.245000000000000000e+04
1.124000000000000000e+04
1.319000000000000000e+04
1.328000000000000000e+04
1.188000000000000000e+04
1.195000000000000000e+04
1.220000000000000000e+04
1.247000000000000000e+04
1.298000000000000000e+04
1.206000000000000000e+04
1.210000000000000000e+04
1.107000000000000000e+04
1.172000000000000000e+04
1.242000000000000000e+04
1.215000000000000000e+04
1.253000000000000000e+04
1.149000000000000000e+04
1.231000000000000000e+04
1.182000000000000000e+04
1.256000000000000000e+04
1.109000000000000000e+04
1.243000000000000000e+04
1.241000000000000000e+04
1.182000000000000000e+04
1.176000000000000000e+04
1.256000000000000000e+04
1.324000000000000000e+04
1.198000000000000000e+04
1.245000000000000000e+04
1.278000000000000000e+04
1.216000000000000000e+04
1.145000000000000000e+04
1.159000000000000000e+04
1.375000000000000000e+04
1.201000000000000000e+04
1.280000000000000000e+04
1.260000000000000000e+04
1.182000000000000000e+04
1.218000000000000000e+04
1.293000000000000000e+04
1.253000000000000000e+04
1.287000000000000000e+04
1.220000000000000000e+04
1.272000000000000000e+04
1.224000000000000000e+04
1.320000000000000000e+04
1.275000000000000000e+04
1.240000000000000000e+04
1.151000000000000000e+04
1.273000000000000000e+04
1.124000000000000000e+04
1.223000000000000000e+04
1.177000000000000000e+04
1.157000000000000000e+04
1.197000000000000000e+04
1.181000000000000000e+04
1.204000000000000000e+04
1.203000000000000000e+04
1.245000000000000000e+04
1.253000000000000000e+04
1.346000000000000000e+04
1.275000000000000000e+04
1.216000000000000000e+04
1.269000000000000000e+04
1.268000000000000000e+04
1.189000000000000000e+04
1.245000000000000000e+04
1.233000000000000000e+04
1.174000000000000000e+04
1.205000000000000000e+04
1.114000000000000000e+04
1.167000000000000000e+04
1.151000000000000000e+04
1.153000000000000000e+04
1.278000000000000000e+04
1.188000000000000000e+04
1.331000000000000000e+04
1.248000000000000000e+04
1.237000000000000000e+04
1.173000000000000000e+04
1.217000000000000000e+04
1.199000000000000000e+04
1.224000000000000000e+04
1.169000000000000000e+04
1.350000000000000000e+04
1.167000000000000000e+04
1.290000000000000000e+04
1.202000000000000000e+04
1.152000000000000000e+04
1.344000000000000000e+04
1.221000000000000000e+04
1.249000000000000000e+04
1.183000000000000000e+04
1.260000000000000000e+04
1.247000000000000000e+04
1.223000000000000000e+04
1.361000000000000000e+04
1.268000000000000000e+04
1.243000000000000000e+04
1.198000000000000000e+04
1.309000000000000000e+04
1.217000000000000000e+04
1.186000000000000000e+04
1.205000000000000000e+04
1.129000000000000000e+04
1.193000000000000000e+04
1.109000000000000000e+04
1.173000000000000000e+04
1.185000000000000000e+04
1.172000000000000000e+04
1.220000000000000000e+04
1.111000000000000000e+04
1.133000000000000000e+04
1.364000000000000000e+04
1.137000000000000000e+04
1.198000000000000000e+04
1.311000000000000000e+04
1.174000000000000000e+04
1.335000000000000000e+04
1.330000000000000000e+04
1.251000000000000000e+04
1.134000000000000000e+04
1.210000000000000000e+04
1.256000000000000000e+04
1.198000000000000000e+04
1.242000000000000000e+04
1.201000000000000000e+04
1.164000000000000000e+04
1.269000000000000000e+04
1.165000000000000000e+04
1.301000000000000000e+04
1.191000000000000000e+04
1.203000000000000000e+04
1.228000000000000000e+04
1.191000000000000000e+04
1.260000000000000000e+04
1.191000000000000000e+04
1.131000000000000000e+04
1.270000000000000000e+04
1.186000000000000000e+04
1.363000000000000000e+04
1.255000000000000000e+04
1.211000000000000000e+04
1.144000000000000000e+04
1.196000000000000000e+04
1.238000000000000000e+04
1.311000000000000000e+04
1.226000000000000000e+04
1.311000000000000000e+04
1.217000000000000000e+04
1.280000000000000000e+04
1.173000000000000000e+04
1.270000000000000000e+04
1.269000000000000000e+04
1.089000000000000000e+04
1.263000000000000000e+04
1.370000000000000000e+04
1.169000000000000000e+04
1.250000000000000000e+04
1.278000000000000000e+04
1.247000000000000000e+04
1.275000000000000000e+04
1.238000000000000000e+04
1.200000000000000000e+04
1.281000000000000000e+04
1.218000000000000000e+04
1.299000000000000000e+04
1.180000000000000000e+04
1.136000000000000000e+04
1.134000000000000000e+04
1.193000000000000000e+04
1.184000000000000000e+04
1.204000000000000000e+04
1.219000000000000000e+04
1.242000000000000000e+04
1.254000000000000000e+04
1.207000000000000000e+04
1.231000000000000000e+04
1.233000000000000000e+04
1.239000000000000000e+04
1.167000000000000000e+04
1.299000000000000000e+04
1.125000000000000000e+04
1.148000000000000000e+04
1.153000000000000000e+04
1.251000000000000000e+04
1.241000000000000000e+04
1.222000000000000000e+04
1.237000000000000000e+04
1.271000000000000000e+04
1.313000000000000000e+04
1.224000000000000000e+04
1.237000000000000000e+04
1.239000000000000000e+04
1.150000000000000000e+04
1.138000000000000000e+04
1.223000000000000000e+04
1.191000000000000000e+04
1.178000000000000000e+04
1.181000000000000000e+04
1.177000000000000000e+04
1.241000000000000000e+04
1.161000000000000000e+04
1.191000000000000000e+04
1.207000000000000000e+04
1.200000000000000000e+04
1.173000000000000000e+04
1.152000000000000000e+04
1.227000000000000000e+04
1.161000000000000000e+04
1.206000000000000000e+04
1.200000000000000000e+04
1.229000000000000000e+04
1.250000000000000000e+04
1.229000000000000000e+04
1.301000000000000000e+04
1.170000000000000000e+04
1.122000000000000000e+04
1.255000000000000000e+04
1.330000000000000000e+04
1.149000000000000000e+04
1.238000000000000000e+04
1.187000000000000000e+04
1.215000000000000000e+04
1.259000000000000000e+04
1.206000000000000000e+04
1.171000000000000000e+04
1.211000000000000000e+04
1.192000000000000000e+04
1.171000000000000000e+04
1.237000000000000000e+04
1.306000000000000000e+04
1.194000000000000000e+04
1.179000000000000000e+04
1.201000000000000000e+04
1.172000000000000000e+04
1.266000000000000000e+04
1.407000000000000000e+04
1.241000000000000000e+04
1.313000000000000000e+04
1.118000000000000000e+04
1.270000000000000000e+04
1.164000000000000000e+04
1.090000000000000000e+04
1.298000000000000000e+04
1.104000000000000000e+04
1.182000000000000000e+04
1.267000000000000000e+04
1.209000000000000000e+04
1.242000000000000000e+04
1.117000000000000000e+04
1.297000000000000000e+04
1.218000000000000000e+04
1.203000000000000000e+04
1.235000000000000000e+04
1.244000000000000000e+04
1.144000000000000000e+04
1.150000000000000000e+04
1.179000000000000000e+04
1.290000000000000000e+04
1.176000000000000000e+04
1.239000000000000000e+04
1.156000000000000000e+04
1.306000000000000000e+04
1.199000000000000000e+04
1.226000000000000000e+04
1.204000000000000000e+04
1.202000000000000000e+04
1.210000000000000000e+04
1.146000000000000000e+04
1.218000000000000000e+04
1.302000000000000000e+04
1.134000000000000000e+04
1.241000000000000000e+04
1.083000000000000000e+04
1.203000000000000000e+04
1.221000000000000000e+04
1.217000000000000000e+04
1.213000000000000000e+04
1.189000000000000000e+04
1.212000000000000000e+04
1.187000000000000000e+04
1.342000000000000000e+04
1.145000000000000000e+04
1.184000000000000000e+04
1.214000000000000000e+04
1.148000000000000000e+04
1.351000000000000000e+04
1.166000000000000000e+04
1.250000000000000000e+04
1.223000000000000000e+04
1.213000000000000000e+04
1.228000000000000000e+04
1.196000000000000000e+04
1.246000000000000000e+04
1.189000000000000000e+04
1.237000000000000000e+04
1.281000000000000000e+04
1.139000000000000000e+04
1.150000000000000000e+04
1.177000000000000000e+04
1.132000000000000000e+04
1.175000000000000000e+04
1.290000000000000000e+04
1.056000000000000000e+04
1.190000000000000000e+04
1.257000000000000000e+04
1.194000000000000000e+04
1.023000000000000000e+04
1.332000000000000000e+04
1.219000000000000000e+04
1.301000000000000000e+04
1.262000000000000000e+04
1.210000000000000000e+04
1.120000000000000000e+04
1.249000000000000000e+04
1.159000000000000000e+04
1.131000000000000000e+04
1.203000000000000000e+04
1.191000000000000000e+04
1.166000000000000000e+04
1.235000000000000000e+04
1.191000000000000000e+04
1.120000000000000000e+04
1.293000000000000000e+04
1.262000000000000000e+04
1.146000000000000000e+04
1.169000000000000000e+04
1.264000000000000000e+04
1.158000000000000000e+04
1.153000000000000000e+04
1.235000000000000000e+04
1.175000000000000000e+04
1.297000000000000000e+04
1.174000000000000000e+04
1.189000000000000000e+04
1.244000000000000000e+04
1.212000000000000000e+04
1.210000000000000000e+04
1.152000000000000000e+04
1.141000000000000000e+04
1.236000000000000000e+04
1.201000000000000000e+04
1.191000000000000000e+04
1.192000000000000000e+04
1.246000000000000000e+04
1.216000000000000000e+04
1.154000000000000000e+04
1.180000000000000000e+04
1.259000000000000000e+04
1.199000000000000000e+04
1.212000000000000000e+04
1.093000000000000000e+04
1.130000000000000000e+04
1.331000000000000000e+04
1.130000000000000000e+04
1.189000000000000000e+04
1.177000000000000000e+04
1.288000000000000000e+04
1.132000000000000000e+04
1.171000000000000000e+04
1.158000000000000000e+04
1.165000000000000000e+04
1.216000000000000000e+04
1.139000000000000000e+04
1.141000000000000000e+04
1.147000000000000000e+04
1.168000000000000000e+04
1.262000000000000000e+04
1.146000000000000000e+04
1.276000000000000000e+04
1.237000000000000000e+04
1.263000000000000000e+04
1.187000000000000000e+04
1.191000000000000000e+04
1.136000000000000000e+04
1.251000000000000000e+04
1.108000000000000000e+04
1.137000000000000000e+04
1.194000000000000000e+04
1.137000000000000000e+04
1.280000000000000000e+04
1.371000000000000000e+04
1.246000000000000000e+04
1.185000000000000000e+04
1.145000000000000000e+04
1.178000000000000000e+04
1.148000000000000000e+04
1.162000000000000000e+04
1.218000000000000000e+04
1.197000000000000000e+04
1.093000000000000000e+04
1.221000000000000000e+04
1.179000000000000000e+04
1.369000000000000000e+04
1.119000000000000000e+04
1.226000000000000000e+04
1.239000000000000000e+04
1.219000000000000000e+04
1.219000000000000000e+04
1.128000000000000000e+04
1.204000000000000000e+04
1.180000000000000000e+04
1.161000000000000000e+04
1.208000000000000000e+04
1.202000000000000000e+04
1.243000000000000000e+04
1.109000000000000000e+04
1.175000000000000000e+04
1.201000000000000000e+04
1.128000000000000000e+04
1.188000000000000000e+04
1.084000000000000000e+04
1.229000000000000000e+04
1.198000000000000000e+04
1.191000000000000000e+04
1.331000000000000000e+04
1.210000000000000000e+04
1.128000000000000000e+04
1.175000000000000000e+04
1.359000000000000000e+04
1.140000000000000000e+04
1.149000000000000000e+04
1.267000000000000000e+04
1.190000000000000000e+04
1.190000000000000000e+04
1.185000000000000000e+04
1.174000000000000000e+04
1.190000000000000000e+04
1.414000000000000000e+04
1.258000000000000000e+04
1.143000000000000000e+04
1.185000000000000000e+04
1.301000000000000000e+04
1.166000000000000000e+04
1.141000000000000000e+04
1.200000000000000000e+04
1.254000000000000000e+04
1.159000000000000000e+04
1.197000000000000000e+04
1.218000000000000000e+04
1.256000000000000000e+04
1.316000000000000000e+04
1.142000000000000000e+04
1.182000000000000000e+04
1.211000000000000000e+04
1.194000000000000000e+04
1.226000000000000000e+04
1.092000000000000000e+04
1.210000000000000000e+04
1.223000000000000000e+04
1.219000000000000000e+04
1.129000000000000000e+04
1.286000000000000000e+04
1.176000000000000000e+04
1.143000000000000000e+04
1.164000000000000000e+04
1.181000000000000000e+04
1.065000000000000000e+04
1.180000000000000000e+04
1.275000000000000000e+04
1.123000000000000000e+04
1.160000000000000000e+04
1.125000000000000000e+04
1.253000000000000000e+04
1.098000000000000000e+04
1.101000000000000000e+04
1.247000000000000000e+04
1.097000000000000000e+04
1.267000000000000000e+04
1.109000000000000000e+04
1.177000000000000000e+04
1.131000000000000000e+04
1.198000000000000000e+04
1.093000000000000000e+04
1.141000000000000000e+04
1.250000000000000000e+04
1.180000000000000000e+04
1.341000000000000000e+04
1.122000000000000000e+04
1.137000000000000000e+04
1.182000000000000000e+04
1.161000000000000000e+04
1.099000000000000000e+04
1.210000000000000000e+04
1.129000000000000000e+04
1.166000000000000000e+04
1.230000000000000000e+04
1.219000000000000000e+04
1.192000000000000000e+04
1.389000000000000000e+04
1.279000000000000000e+04
1.133000000000000000e+04
1.325000000000000000e+04
1.308000000000000000e+04
1.227000000000000000e+04
1.270000000000000000e+04
1.231000000000000000e+04
1.169000000000000000e+04
1.095000000000000000e+04
1.187000000000000000e+04
1.142000000000000000e+04
1.164000000000000000e+04
1.058000000000000000e+04
1.156000000000000000e+04
1.087000000000000000e+04
1.214000000000000000e+04
1.081000000000000000e+04
1.296000000000000000e+04
1.239000000000000000e+04
1.185000000000000000e+04
1.227000000000000000e+04
1.145000000000000000e+04
1.055000000000000000e+04
1.212000000000000000e+04
1.228000000000000000e+04
1.203000000000000000e+04
1.172000000000000000e+04
1.283000000000000000e+04
1.136000000000000000e+04
1.263000000000000000e+04
1.253000000000000000e+04
1.206000000000000000e+04
1.236000000000000000e+04
1.177000000000000000e+04
1.177000000000000000e+04
1.187000000000000000e+04
1.259000000000000000e+04
1.248000000000000000e+04
1.165000000000000000e+04
1.184000000000000000e+04
1.301000000000000000e+04
1.280000000000000000e+04
1.159000000000000000e+04
1.200000000000000000e+04
1.361000000000000000e+04
1.206000000000000000e+04
1.155000000000000000e+04
1.082000000000000000e+04
1.195000000000000000e+04
1.150000000000000000e+04
1.170000000000000000e+04
1.363000000000000000e+04
1.196000000000000000e+04
1.195000000000000000e+04
1.287000000000000000e+04
1.203000000000000000e+04
1.298000000000000000e+04
1.119000000000000000e+04
1.060000000000000000e+04
1.232000000000000000e+04
1.328000000000000000e+04
1.229000000000000000e+04
1.134000000000000000e+04
1.234000000000000000e+04
1.252000000000000000e+04
1.204000000000000000e+04
