1.081000000000000000e+04
1.566000000000000000e+04
8.740000000000000000e+03
1.768000000000000000e+04
1.072000000000000000e+04
9.810000000000000000e+03
1.285000000000000000e+04
1.016000000000000000e+04
5.370000000000000000e+03
5.760000000000000000e+03
5.670000000000000000e+03
1.551000000000000000e+04
1.015000000000000000e+04
1.085000000000000000e+04
1.100000000000000000e+04
1.098000000000000000e+04
9.330000000000000000e+03
1.166000000000000000e+04
1.071000000000000000e+04
1.196000000000000000e+04
5.590000000000000000e+03
7.850000000000000000e+03
1.085000000000000000e+04
5.220000000000000000e+03
5.480000000000000000e+03
4.880000000000000000e+03
8.800000000000000000e+03
9.790000000000000000e+03
9.770000000000000000e+03
9.760000000000000000e+03
1.025000000000000000e+04
7.710000000000000000e+03
8.960000000000000000e+03
1.039000000000000000e+04
1.309000000000000000e+04
1.029000000000000000e+04
9.140000000000000000e+03
8.680000000000000000e+03
1.542000000000000000e+04
1.012000000000000000e+04
1.394000000000000000e+04
1.432000000000000000e+04
1.065000000000000000e+04
1.029000000000000000e+04
1.646000000000000000e+04
9.180000000000000000e+03
7.610000000000000000e+03
5.690000000000000000e+03
5.280000000000000000e+03
7.440000000000000000e+03
6.260000000000000000e+03
1.156000000000000000e+04
1.270000000000000000e+04
1.591000000000000000e+04
1.077000000000000000e+04
1.581000000000000000e+04
6.230000000000000000e+03
5.380000000000000000e+03
5.840000000000000000e+03
9.510000000000000000e+03
6.120000000000000000e+03
5.480000000000000000e+03
8.740000000000000000e+03
1.017000000000000000e+04
5.280000000000000000e+03
5.150000000000000000e+03
9.700000000000000000e+03
5.540000000000000000e+03
6.580000000000000000e+03
8.610000000000000000e+03
1.056000000000000000e+04
4.860000000000000000e+03
9.470000000000000000e+03
1.527000000000000000e+04
1.038000000000000000e+04
1.494000000000000000e+04
9.710000000000000000e+03
1.529000000000000000e+04
7.310000000000000000e+03
8.190000000000000000e+03
5.280000000000000000e+03
4.790000000000000000e+03
1.175000000000000000e+04
1.785000000000000000e+04
1.410000000000000000e+04
9.170000000000000000e+03
1.064000000000000000e+04
5.820000000000000000e+03
6.950000000000000000e+03
1.359000000000000000e+04
9.120000000000000000e+03
1.240000000000000000e+04
2.023000000000000000e+04
1.397000000000000000e+04
9.020000000000000000e+03
9.150000000000000000e+03
6.100000000000000000e+03
6.010000000000000000e+03
1.222000000000000000e+04
1.042000000000000000e+04
5.240000000000000000e+03
1.524000000000000000e+04
1.257000000000000000e+04
5.600000000000000000e+03
5.630000000000000000e+03
5.120000000000000000e+03
9.230000000000000000e+03
7.820000000000000000e+03
1.478000000000000000e+04
1.374000000000000000e+04
8.210000000000000000e+03
1.181000000000000000e+04
9.820000000000000000e+03
9.400000000000000000e+03
1.038000000000000000e+04
5.300000000000000000e+03
5.430000000000000000e+03
1.237000000000000000e+04
9.500000000000000000e+03
9.240000000000000000e+03
8.150000000000000000e+03
9.600000000000000000e+03
1.584000000000000000e+04
1.159000000000000000e+04
1.471000000000000000e+04
7.610000000000000000e+03
9.200000000000000000e+03
1.217000000000000000e+04
9.170000000000000000e+03
1.034000000000000000e+04
4.940000000000000000e+03
1.062000000000000000e+04
5.370000000000000000e+03
1.113000000000000000e+04
6.500000000000000000e+03
5.630000000000000000e+03
8.930000000000000000e+03
5.110000000000000000e+03
5.430000000000000000e+03
7.840000000000000000e+03
7.940000000000000000e+03
5.770000000000000000e+03
5.560000000000000000e+03
7.910000000000000000e+03
6.000000000000000000e+03
9.850000000000000000e+03
9.070000000000000000e+03
6.030000000000000000e+03
6.370000000000000000e+03
8.850000000000000000e+03
9.860000000000000000e+03
1.095000000000000000e+04
1.142000000000000000e+04
5.430000000000000000e+03
4.840000000000000000e+03
5.850000000000000000e+03
8.690000000000000000e+03
1.332000000000000000e+04
1.080000000000000000e+04
9.820000000000000000e+03
1.155000000000000000e+04
1.001000000000000000e+04
5.940000000000000000e+03
5.630000000000000000e+03
8.010000000000000000e+03
1.021000000000000000e+04
1.181000000000000000e+04
1.056000000000000000e+04
9.750000000000000000e+03
1.851000000000000000e+04
1.243000000000000000e+04
1.197000000000000000e+04
1.185000000000000000e+04
1.170000000000000000e+04
1.037000000000000000e+04
1.221000000000000000e+04
5.130000000000000000e+03
5.630000000000000000e+03
6.380000000000000000e+03
9.950000000000000000e+03
1.574000000000000000e+04
1.342000000000000000e+04
9.390000000000000000e+03
1.050000000000000000e+04
4.840000000000000000e+03
6.080000000000000000e+03
8.020000000000000000e+03
7.550000000000000000e+03
1.694000000000000000e+04
9.630000000000000000e+03
1.220000000000000000e+04
8.170000000000000000e+03
9.880000000000000000e+03
9.430000000000000000e+03
1.051000000000000000e+04
1.133000000000000000e+04
7.570000000000000000e+03
7.580000000000000000e+03
6.340000000000000000e+03
8.960000000000000000e+03
7.010000000000000000e+03
7.420000000000000000e+03
5.550000000000000000e+03
5.860000000000000000e+03
1.211000000000000000e+04
5.890000000000000000e+03
4.470000000000000000e+03
5.370000000000000000e+03
7.040000000000000000e+03
8.890000000000000000e+03
6.610000000000000000e+03
5.610000000000000000e+03
5.210000000000000000e+03
8.240000000000000000e+03
8.840000000000000000e+03
1.150000000000000000e+04
1.336000000000000000e+04
1.203000000000000000e+04
1.194000000000000000e+04
1.098000000000000000e+04
6.150000000000000000e+03
5.590000000000000000e+03
5.160000000000000000e+03
5.870000000000000000e+03
1.018000000000000000e+04
6.300000000000000000e+03
1.050000000000000000e+04
9.770000000000000000e+03
1.101000000000000000e+04
1.222000000000000000e+04
7.710000000000000000e+03
8.890000000000000000e+03
1.424000000000000000e+04
5.510000000000000000e+03
4.920000000000000000e+03
4.800000000000000000e+03
7.400000000000000000e+03
9.800000000000000000e+03
1.507000000000000000e+04
1.069000000000000000e+04
1.271000000000000000e+04
4.900000000000000000e+03
5.090000000000000000e+03
5.330000000000000000e+03
6.300000000000000000e+03
4.550000000000000000e+03
5.480000000000000000e+03
6.830000000000000000e+03
1.437000000000000000e+04
7.100000000000000000e+03
1.105000000000000000e+04
9.060000000000000000e+03
1.885000000000000000e+04
9.840000000000000000e+03
5.680000000000000000e+03
9.800000000000000000e+03
9.980000000000000000e+03
6.470000000000000000e+03
5.780000000000000000e+03
9.810000000000000000e+03
7.450000000000000000e+03
7.320000000000000000e+03
5.490000000000000000e+03
5.560000000000000000e+03
5.540000000000000000e+03
7.660000000000000000e+03
1.041000000000000000e+04
2.131000000000000000e+04
1.250000000000000000e+04
1.074000000000000000e+04
8.190000000000000000e+03
6.410000000000000000e+03
4.900000000000000000e+03
4.520000000000000000e+03
1.265000000000000000e+04
5.840000000000000000e+03
6.230000000000000000e+03
9.310000000000000000e+03
6.880000000000000000e+03
8.970000000000000000e+03
7.030000000000000000e+03
7.160000000000000000e+03
8.450000000000000000e+03
5.110000000000000000e+03
9.660000000000000000e+03
6.300000000000000000e+03
9.170000000000000000e+03
1.330000000000000000e+04
1.198000000000000000e+04
6.420000000000000000e+03
8.940000000000000000e+03
5.450000000000000000e+03
5.280000000000000000e+03
8.060000000000000000e+03
1.157000000000000000e+04
5.650000000000000000e+03
4.730000000000000000e+03
5.450000000000000000e+03
5.780000000000000000e+03
1.125000000000000000e+04
1.224000000000000000e+04
5.470000000000000000e+03
4.930000000000000000e+03
5.250000000000000000e+03
8.200000000000000000e+03
6.010000000000000000e+03
5.270000000000000000e+03
6.510000000000000000e+03
9.110000000000000000e+03
1.124000000000000000e+04
6.050000000000000000e+03
5.360000000000000000e+03
6.000000000000000000e+03
1.143000000000000000e+04
1.000000000000000000e+04
9.690000000000000000e+03
1.166000000000000000e+04
1.190000000000000000e+04
9.900000000000000000e+03
5.990000000000000000e+03
5.130000000000000000e+03
5.720000000000000000e+03
1.365000000000000000e+04
1.044000000000000000e+04
7.630000000000000000e+03
1.071000000000000000e+04
6.220000000000000000e+03
5.530000000000000000e+03
1.066000000000000000e+04
1.075000000000000000e+04
8.430000000000000000e+03
1.189000000000000000e+04
8.950000000000000000e+03
5.420000000000000000e+03
4.630000000000000000e+03
6.020000000000000000e+03
5.820000000000000000e+03
1.054000000000000000e+04
1.147000000000000000e+04
1.017000000000000000e+04
5.290000000000000000e+03
9.590000000000000000e+03
1.108000000000000000e+04
1.190000000000000000e+04
1.041000000000000000e+04
5.970000000000000000e+03
6.390000000000000000e+03
1.316000000000000000e+04
7.310000000000000000e+03
1.131000000000000000e+04
1.172000000000000000e+04
1.479000000000000000e+04
8.930000000000000000e+03
1.381000000000000000e+04
6.820000000000000000e+03
8.630000000000000000e+03
1.215000000000000000e+04
1.197000000000000000e+04
9.480000000000000000e+03
8.030000000000000000e+03
9.140000000000000000e+03
1.165000000000000000e+04
1.356000000000000000e+04
1.171000000000000000e+04
7.860000000000000000e+03
9.820000000000000000e+03
7.050000000000000000e+03
6.250000000000000000e+03
6.420000000000000000e+03
7.790000000000000000e+03
5.140000000000000000e+03
1.210000000000000000e+04
8.830000000000000000e+03
8.650000000000000000e+03
1.368000000000000000e+04
1.461000000000000000e+04
1.250000000000000000e+04
9.020000000000000000e+03
8.000000000000000000e+03
8.750000000000000000e+03
1.342000000000000000e+04
7.800000000000000000e+03
4.730000000000000000e+03
5.180000000000000000e+03
5.850000000000000000e+03
5.880000000000000000e+03
9.290000000000000000e+03
5.720000000000000000e+03
6.100000000000000000e+03
1.108000000000000000e+04
9.860000000000000000e+03
1.327000000000000000e+04
9.120000000000000000e+03
1.153000000000000000e+04
1.462000000000000000e+04
1.248000000000000000e+04
1.167000000000000000e+04
1.066000000000000000e+04
8.740000000000000000e+03
7.120000000000000000e+03
1.121000000000000000e+04
5.330000000000000000e+03
6.960000000000000000e+03
1.081000000000000000e+04
5.900000000000000000e+03
1.223000000000000000e+04
5.450000000000000000e+03
7.480000000000000000e+03
6.110000000000000000e+03
1.634000000000000000e+04
1.180000000000000000e+04
9.180000000000000000e+03
1.522000000000000000e+04
8.650000000000000000e+03
1.365000000000000000e+04
9.890000000000000000e+03
4.950000000000000000e+03
1.140000000000000000e+04
9.180000000000000000e+03
5.870000000000000000e+03
1.149000000000000000e+04
1.006000000000000000e+04
5.820000000000000000e+03
5.670000000000000000e+03
5.950000000000000000e+03
8.400000000000000000e+03
6.370000000000000000e+03
8.620000000000000000e+03
1.151000000000000000e+04
8.310000000000000000e+03
9.190000000000000000e+03
5.760000000000000000e+03
5.390000000000000000e+03
9.280000000000000000e+03
9.040000000000000000e+03
8.600000000000000000e+03
1.181000000000000000e+04
6.560000000000000000e+03
5.390000000000000000e+03
6.090000000000000000e+03
4.750000000000000000e+03
1.133000000000000000e+04
4.910000000000000000e+03
6.200000000000000000e+03
1.095000000000000000e+04
1.136000000000000000e+04
6.050000000000000000e+03
8.520000000000000000e+03
5.280000000000000000e+03
5.710000000000000000e+03
1.522000000000000000e+04
1.328000000000000000e+04
6.530000000000000000e+03
5.070000000000000000e+03
1.004000000000000000e+04
9.810000000000000000e+03
1.457000000000000000e+04
1.213000000000000000e+04
8.100000000000000000e+03
6.150000000000000000e+03
8.780000000000000000e+03
1.022000000000000000e+04
9.480000000000000000e+03
1.169000000000000000e+04
1.247000000000000000e+04
7.080000000000000000e+03
7.670000000000000000e+03
1.303000000000000000e+04
1.309000000000000000e+04
1.834000000000000000e+04
9.190000000000000000e+03
1.338000000000000000e+04
1.169000000000000000e+04
1.137000000000000000e+04
9.310000000000000000e+03
9.540000000000000000e+03
5.320000000000000000e+03
5.920000000000000000e+03
9.740000000000000000e+03
5.090000000000000000e+03
1.089000000000000000e+04
8.530000000000000000e+03
8.870000000000000000e+03
6.040000000000000000e+03
7.790000000000000000e+03
1.103000000000000000e+04
8.520000000000000000e+03
6.270000000000000000e+03
4.920000000000000000e+03
7.150000000000000000e+03
5.840000000000000000e+03
9.770000000000000000e+03
1.404000000000000000e+04
6.940000000000000000e+03
5.850000000000000000e+03
9.090000000000000000e+03
1.018000000000000000e+04
1.397000000000000000e+04
6.100000000000000000e+03
1.016000000000000000e+04
1.193000000000000000e+04
1.209000000000000000e+04
1.365000000000000000e+04
1.164000000000000000e+04
1.124000000000000000e+04
1.522000000000000000e+04
5.880000000000000000e+03
6.850000000000000000e+03
7.480000000000000000e+03
2.193000000000000000e+04
9.390000000000000000e+03
1.220000000000000000e+04
6.360000000000000000e+03
8.300000000000000000e+03
6.360000000000000000e+03
1.222000000000000000e+04
5.660000000000000000e+03
4.840000000000000000e+03
5.280000000000000000e+03
5.120000000000000000e+03
8.630000000000000000e+03
6.020000000000000000e+03
9.810000000000000000e+03
9.650000000000000000e+03
1.591000000000000000e+04
1.441000000000000000e+04
1.060000000000000000e+04
8.990000000000000000e+03
9.390000000000000000e+03
7.280000000000000000e+03
6.060000000000000000e+03
5.450000000000000000e+03
9.240000000000000000e+03
1.071000000000000000e+04
1.923000000000000000e+04
8.910000000000000000e+03
7.780000000000000000e+03
5.480000000000000000e+03
4.760000000000000000e+03
9.610000000000000000e+03
6.720000000000000000e+03
7.980000000000000000e+03
1.155000000000000000e+04
5.860000000000000000e+03
8.150000000000000000e+03
1.261000000000000000e+04
9.270000000000000000e+03
1.011000000000000000e+04
1.047000000000000000e+04
6.420000000000000000e+03
5.300000000000000000e+03
1.132000000000000000e+04
7.690000000000000000e+03
5.880000000000000000e+03
5.490000000000000000e+03
4.970000000000000000e+03
5.570000000000000000e+03
5.600000000000000000e+03
1.268000000000000000e+04
7.410000000000000000e+03
9.660000000000000000e+03
6.190000000000000000e+03
5.290000000000000000e+03
8.940000000000000000e+03
1.566000000000000000e+04
1.267000000000000000e+04
1.185000000000000000e+04
9.990000000000000000e+03
4.720000000000000000e+03
1.466000000000000000e+04
1.319000000000000000e+04
1.502000000000000000e+04
9.330000000000000000e+03
1.128000000000000000e+04
7.540000000000000000e+03
1.161000000000000000e+04
1.025000000000000000e+04
9.400000000000000000e+03
9.430000000000000000e+03
5.810000000000000000e+03
5.090000000000000000e+03
4.890000000000000000e+03
7.850000000000000000e+03
7.690000000000000000e+03
9.100000000000000000e+03
7.390000000000000000e+03
9.050000000000000000e+03
7.410000000000000000e+03
7.750000000000000000e+03
1.205000000000000000e+04
7.210000000000000000e+03
1.452000000000000000e+04
1.636000000000000000e+04
1.158000000000000000e+04
4.840000000000000000e+03
6.200000000000000000e+03
1.057000000000000000e+04
7.550000000000000000e+03
5.890000000000000000e+03
7.750000000000000000e+03
1.124000000000000000e+04
7.830000000000000000e+03
1.146000000000000000e+04
9.620000000000000000e+03
5.110000000000000000e+03
1.900000000000000000e+04
8.720000000000000000e+03
8.760000000000000000e+03
5.580000000000000000e+03
5.040000000000000000e+03
1.194000000000000000e+04
1.139000000000000000e+04
5.950000000000000000e+03
1.002000000000000000e+04
6.470000000000000000e+03
8.260000000000000000e+03
9.720000000000000000e+03
1.477000000000000000e+04
6.820000000000000000e+03
7.380000000000000000e+03
4.420000000000000000e+03
5.190000000000000000e+03
1.302000000000000000e+04
1.430000000000000000e+04
8.950000000000000000e+03
6.520000000000000000e+03
9.870000000000000000e+03
5.350000000000000000e+03
5.230000000000000000e+03
5.870000000000000000e+03
5.350000000000000000e+03
1.414000000000000000e+04
1.224000000000000000e+04
6.780000000000000000e+03
1.276000000000000000e+04
1.031000000000000000e+04
1.390000000000000000e+04
1.151000000000000000e+04
8.510000000000000000e+03
1.104000000000000000e+04
1.018000000000000000e+04
9.000000000000000000e+03
1.043000000000000000e+04
1.253000000000000000e+04
1.064000000000000000e+04
1.246000000000000000e+04
5.550000000000000000e+03
1.051000000000000000e+04
1.689000000000000000e+04
1.248000000000000000e+04
1.055000000000000000e+04
8.680000000000000000e+03
7.610000000000000000e+03
5.510000000000000000e+03
5.930000000000000000e+03
9.950000000000000000e+03
7.760000000000000000e+03
7.410000000000000000e+03
7.250000000000000000e+03
5.560000000000000000e+03
6.110000000000000000e+03
7.660000000000000000e+03
1.022000000000000000e+04
6.290000000000000000e+03
8.190000000000000000e+03
9.580000000000000000e+03
1.169000000000000000e+04
9.020000000000000000e+03
1.432000000000000000e+04
8.760000000000000000e+03
7.640000000000000000e+03
7.290000000000000000e+03
9.580000000000000000e+03
9.010000000000000000e+03
9.180000000000000000e+03
6.400000000000000000e+03
9.190000000000000000e+03
1.282000000000000000e+04
1.340000000000000000e+04
6.410000000000000000e+03
5.410000000000000000e+03
8.220000000000000000e+03
1.084000000000000000e+04
8.260000000000000000e+03
5.040000000000000000e+03
7.410000000000000000e+03
5.550000000000000000e+03
8.410000000000000000e+03
5.340000000000000000e+03
7.340000000000000000e+03
9.080000000000000000e+03
1.101000000000000000e+04
9.800000000000000000e+03
6.800000000000000000e+03
6.710000000000000000e+03
1.235000000000000000e+04
1.315000000000000000e+04
5.700000000000000000e+03
5.260000000000000000e+03
9.330000000000000000e+03
1.021000000000000000e+04
1.043000000000000000e+04
5.180000000000000000e+03
4.880000000000000000e+03
4.910000000000000000e+03
7.270000000000000000e+03
9.020000000000000000e+03
1.367000000000000000e+04
5.720000000000000000e+03
6.950000000000000000e+03
7.860000000000000000e+03
1.128000000000000000e+04
7.660000000000000000e+03
9.150000000000000000e+03
1.202000000000000000e+04
9.220000000000000000e+03
5.860000000000000000e+03
5.820000000000000000e+03
1.049000000000000000e+04
2.137000000000000000e+04
7.830000000000000000e+03
6.520000000000000000e+03
6.230000000000000000e+03
6.620000000000000000e+03
8.350000000000000000e+03
5.610000000000000000e+03
9.220000000000000000e+03
1.047000000000000000e+04
1.865000000000000000e+04
5.750000000000000000e+03
5.420000000000000000e+03
9.370000000000000000e+03
1.161000000000000000e+04
8.540000000000000000e+03
6.390000000000000000e+03
1.622000000000000000e+04
1.282000000000000000e+04
1.056000000000000000e+04
1.075000000000000000e+04
1.010000000000000000e+04
1.033000000000000000e+04
8.660000000000000000e+03
1.623000000000000000e+04
9.580000000000000000e+03
1.001000000000000000e+04
8.920000000000000000e+03
9.850000000000000000e+03
1.597000000000000000e+04
1.233000000000000000e+04
1.234000000000000000e+04
1.827000000000000000e+04
8.910000000000000000e+03
7.630000000000000000e+03
1.016000000000000000e+04
7.610000000000000000e+03
5.890000000000000000e+03
7.660000000000000000e+03
7.410000000000000000e+03
6.050000000000000000e+03
8.270000000000000000e+03
1.121000000000000000e+04
1.000000000000000000e+04
1.152000000000000000e+04
1.404000000000000000e+04
1.069000000000000000e+04
1.008000000000000000e+04
5.640000000000000000e+03
5.190000000000000000e+03
6.120000000000000000e+03
7.740000000000000000e+03
9.340000000000000000e+03
1.133000000000000000e+04
9.950000000000000000e+03
5.810000000000000000e+03
8.200000000000000000e+03
1.040000000000000000e+04
1.006000000000000000e+04
7.550000000000000000e+03
1.049000000000000000e+04
9.680000000000000000e+03
9.760000000000000000e+03
1.634000000000000000e+04
5.400000000000000000e+03
9.330000000000000000e+03
9.820000000000000000e+03
1.140000000000000000e+04
9.870000000000000000e+03
1.022000000000000000e+04
1.104000000000000000e+04
1.111000000000000000e+04
7.550000000000000000e+03
9.200000000000000000e+03
1.028000000000000000e+04
9.710000000000000000e+03
1.057000000000000000e+04
1.200000000000000000e+04
1.030000000000000000e+04
5.820000000000000000e+03
5.570000000000000000e+03
5.330000000000000000e+03
5.400000000000000000e+03
5.220000000000000000e+03
8.600000000000000000e+03
1.560000000000000000e+04
6.330000000000000000e+03
9.640000000000000000e+03
4.820000000000000000e+03
7.870000000000000000e+03
1.185000000000000000e+04
5.480000000000000000e+03
6.340000000000000000e+03
1.127000000000000000e+04
6.250000000000000000e+03
5.480000000000000000e+03
1.011000000000000000e+04
7.460000000000000000e+03
6.300000000000000000e+03
5.020000000000000000e+03
5.580000000000000000e+03
6.920000000000000000e+03
7.510000000000000000e+03
9.560000000000000000e+03
1.254000000000000000e+04
1.006000000000000000e+04
9.570000000000000000e+03
6.400000000000000000e+03
4.390000000000000000e+03
5.930000000000000000e+03
5.500000000000000000e+03
8.950000000000000000e+03
1.262000000000000000e+04
5.920000000000000000e+03
5.290000000000000000e+03
9.700000000000000000e+03
5.510000000000000000e+03
6.870000000000000000e+03
5.180000000000000000e+03
1.144000000000000000e+04
8.850000000000000000e+03
1.527000000000000000e+04
6.020000000000000000e+03
6.240000000000000000e+03
8.680000000000000000e+03
1.157000000000000000e+04
5.640000000000000000e+03
7.720000000000000000e+03
1.021000000000000000e+04
9.780000000000000000e+03
1.184000000000000000e+04
1.064000000000000000e+04
1.020000000000000000e+04
1.113000000000000000e+04
1.124000000000000000e+04
5.390000000000000000e+03
7.190000000000000000e+03
1.508000000000000000e+04
1.594000000000000000e+04
1.348000000000000000e+04
1.213000000000000000e+04
1.008000000000000000e+04
1.311000000000000000e+04
1.037000000000000000e+04
1.261000000000000000e+04
9.630000000000000000e+03
7.550000000000000000e+03
5.700000000000000000e+03
5.460000000000000000e+03
5.400000000000000000e+03
1.164000000000000000e+04
9.030000000000000000e+03
6.670000000000000000e+03
5.530000000000000000e+03
1.358000000000000000e+04
6.600000000000000000e+03
9.970000000000000000e+03
7.270000000000000000e+03
5.250000000000000000e+03
7.360000000000000000e+03
5.850000000000000000e+03
7.490000000000000000e+03
9.730000000000000000e+03
1.039000000000000000e+04
1.168000000000000000e+04
1.396000000000000000e+04
7.690000000000000000e+03
9.770000000000000000e+03
1.198000000000000000e+04
1.089000000000000000e+04
5.040000000000000000e+03
5.730000000000000000e+03
5.450000000000000000e+03
6.900000000000000000e+03
6.440000000000000000e+03
8.900000000000000000e+03
1.502000000000000000e+04
1.066000000000000000e+04
9.640000000000000000e+03
9.890000000000000000e+03
6.150000000000000000e+03
5.240000000000000000e+03
9.220000000000000000e+03
1.145000000000000000e+04
6.090000000000000000e+03
1.110000000000000000e+04
1.550000000000000000e+04
1.002000000000000000e+04
5.610000000000000000e+03
7.070000000000000000e+03
8.110000000000000000e+03
1.442000000000000000e+04
1.204000000000000000e+04
1.025000000000000000e+04
7.680000000000000000e+03
8.280000000000000000e+03
9.750000000000000000e+03
1.309000000000000000e+04
5.230000000000000000e+03
5.810000000000000000e+03
1.234000000000000000e+04
9.550000000000000000e+03
1.315000000000000000e+04
8.880000000000000000e+03
9.300000000000000000e+03
5.300000000000000000e+03
5.170000000000000000e+03
6.150000000000000000e+03
7.880000000000000000e+03
5.950000000000000000e+03
5.090000000000000000e+03
1.406000000000000000e+04
8.420000000000000000e+03
1.340000000000000000e+04
9.830000000000000000e+03
5.990000000000000000e+03
9.390000000000000000e+03
1.042000000000000000e+04
6.020000000000000000e+03
4.640000000000000000e+03
9.920000000000000000e+03
8.330000000000000000e+03
8.930000000000000000e+03
1.025000000000000000e+04
6.520000000000000000e+03
5.170000000000000000e+03
5.750000000000000000e+03
6.870000000000000000e+03
1.131000000000000000e+04
1.219000000000000000e+04
1.155000000000000000e+04
7.080000000000000000e+03
9.460000000000000000e+03
9.320000000000000000e+03
7.930000000000000000e+03
7.730000000000000000e+03
7.290000000000000000e+03
9.440000000000000000e+03
1.250000000000000000e+04
6.540000000000000000e+03
5.670000000000000000e+03
5.830000000000000000e+03
7.070000000000000000e+03
6.240000000000000000e+03
9.320000000000000000e+03
1.364000000000000000e+04
1.127000000000000000e+04
5.870000000000000000e+03
4.830000000000000000e+03
5.210000000000000000e+03
7.050000000000000000e+03
7.350000000000000000e+03
6.040000000000000000e+03
1.161000000000000000e+04
5.630000000000000000e+03
5.080000000000000000e+03
7.410000000000000000e+03
1.066000000000000000e+04
9.120000000000000000e+03
1.030000000000000000e+04
9.930000000000000000e+03
9.060000000000000000e+03
9.050000000000000000e+03
8.330000000000000000e+03
1.311000000000000000e+04
8.590000000000000000e+03
1.160000000000000000e+04
6.090000000000000000e+03
5.530000000000000000e+03
9.950000000000000000e+03
8.350000000000000000e+03
1.072000000000000000e+04
1.322000000000000000e+04
6.290000000000000000e+03
5.780000000000000000e+03
8.120000000000000000e+03
1.367000000000000000e+04
1.589000000000000000e+04
1.396000000000000000e+04
1.193000000000000000e+04
1.181000000000000000e+04
1.588000000000000000e+04
