5.464
4.794
4.600
6.612
5.741
4.430
5.403
4.916
5.736
4.316
4.360
5.603
6.044
5.511
5.574
5.311
5.009
5.197
4.987
7.254
5.133
5.147
5.395
5.316
5.324
5.907
5.795
5.639
5.780
5.458
5.234
6.080
5.472
5.475
5.064
5.926
6.639
6.318
5.723
7.081
4.888
5.373
5.516
4.893
4.020
4.506
5.251
4.762
5.467
4.694
5.998
4.694
5.244
5.419
4.655
5.322
4.996
5.479
5.043
5.019
4.473
5.862
4.810
6.601
5.198
5.088
5.410
5.145
5.167
5.104
5.250
4.864
4.777
4.508
5.618
5.045
5.367
5.557
6.160
4.603
5.468
4.484
4.980
5.985
5.902
5.230
4.298
5.303
5.689
4.985
5.279
5.956
5.349
5.462
5.131
5.713
5.615
5.102
5.460
6.801
5.585
4.943
5.544
5.173
5.485
4.392
5.346
4.719
5.078
5.701
5.606
4.337
4.893
4.537
6.401
4.331
5.177
5.940
4.948
5.328
4.696
4.923
4.721
6.357
5.594
5.107
5.459
5.779
5.263
5.101
6.996
5.254
5.734
5.485
5.185
5.804
5.555
4.860
5.401
5.107
5.778
5.141
5.399
4.837
5.256
5.469
5.824
5.055
5.252
6.588
4.898
5.552
6.093
5.086
5.689
4.745
4.996
5.517
4.539
4.447
4.781
4.973
4.659
4.438
5.925
5.126
6.483
5.557
4.835
5.338
5.141
5.486
4.791
5.115
5.292
5.670
4.092
4.595
4.939
5.200
5.227
5.419
5.816
5.935
4.285
5.388
5.056
5.159
6.576
5.304
4.741
5.564
5.960
5.540
5.062
5.203
4.972
6.167
5.567
5.752
5.907
5.231
4.974
5.003
5.208
5.179
5.490
6.266
4.966
5.774
5.142
4.973
5.280
4.911
5.165
5.699
5.641
5.172
5.353
4.513
5.049
5.163
5.164
6.022
4.703
4.607
5.061
5.308
5.070
5.388
4.811
5.031
5.259
5.705
6.096
5.407
6.322
5.228
6.483
5.047
5.081
4.107
4.973
5.336
4.852
4.896
4.996
5.145
5.162
5.764
5.209
5.155
4.640
5.301
5.470
5.210
5.014
5.260
5.499
5.475
6.174
4.204
5.061
5.212
6.294
5.073
5.618
4.422
4.540
6.003
5.768
5.611
6.399
5.579
6.336
5.064
4.912
5.010
5.021
4.540
4.969
5.317
5.033
5.607
4.772
6.000
5.398
5.521
5.637
5.942
5.310
4.547
5.685
4.322
5.669
5.253
5.364
4.330
4.808
4.630
4.696
4.701
6.861
6.126
5.878
5.763
5.330
6.638
5.021
4.994
5.715
6.083
6.095
5.657
5.089
5.177
6.166
5.195
6.222
5.516
4.838
5.301
4.759
4.843
6.044
5.037
5.314
4.930
5.496
6.526
5.267
5.266
5.170
5.436
5.225
4.970
5.007
4.510
5.454
5.976
5.270
5.132
4.293
5.980
5.322
5.712
5.167
5.523
6.752
4.940
5.988
6.141
5.086
5.753
5.075
5.378
5.198
5.713
5.307
5.500
5.833
5.328
5.036
4.836
4.820
5.322
5.428
5.035
4.887
5.698
5.236
5.448
5.353
5.204
5.768
5.549
5.615
4.751
5.527
7.017
5.514
5.426
5.082
6.671
5.044
4.464
4.956
6.033
5.459
4.747
5.611
5.593
4.474
6.186
5.856
4.710
4.839
5.852
5.204
5.279
4.533
5.561
5.766
5.918
5.009
5.186
4.965
5.615
5.564
6.022
6.808
5.140
5.380
5.049
5.739
5.318
6.010
5.710
5.505
5.338
4.880
4.725
5.322
4.503
5.384
7.315
4.973
5.102
4.786
4.986
5.791
4.738
6.111
5.517
4.915
5.717
4.991
5.695
5.762
5.709
5.382
5.559
5.691
4.600
5.336
4.597
5.495
5.346
5.524
4.726
4.792
6.115
5.221
5.037
5.033
6.163
4.830
5.250
5.680
6.376
5.200
5.071
4.804
5.726
6.422
5.150
5.449
5.801
6.503
5.065
4.957
5.378
6.290
5.664
5.617
5.522
4.790
4.464
5.976
5.659
5.639
5.797
4.758
5.471
5.211
5.945
4.865
4.422
5.340
5.249
5.347
6.470
5.639
5.320
4.602
5.535
5.045
5.404
5.930
5.506
5.533
5.180
5.362
5.571
6.124
5.783
6.065
4.322
5.717
5.465
5.475
5.870
4.727
4.718
5.596
5.161
5.344
6.056
5.517
4.739
5.085
5.969
5.654
4.701
6.132
5.742
4.466
5.679
5.324
6.137
5.266
5.650
6.107
5.154
5.325
5.535
5.521
5.526
6.495
5.664
5.137
4.865
5.602
5.715
5.445
5.267
5.801
5.347
5.180
5.625
4.677
4.957
4.497
4.891
5.478
5.966
5.279
4.531
5.442
5.042
5.063
6.180
5.219
5.713
6.020
4.391
4.961
4.832
4.867
4.721
6.357
4.938
4.315
5.909
5.720
6.035
5.263
4.943
4.895
5.387
5.468
5.070
5.790
5.229
4.910
5.394
5.837
5.624
6.479
5.571
5.463
6.183
5.918
4.926
5.755
5.312
4.667
5.559
5.212
5.219
4.794
5.033
5.315
5.415
4.721
4.739
5.163
5.203
5.228
4.811
6.425
4.518
4.716
5.013
5.348
5.914
5.011
5.368
4.493
5.015
5.603
5.086
5.177
5.498
5.967
5.324
5.417
6.687
5.015
5.534
5.063
4.757
5.332
5.380
5.148
5.194
4.879
5.619
4.582
4.859
5.665
4.643
5.482
4.930
5.362
4.829
4.794
5.454
5.388
6.188
5.134
5.320
4.810
4.851
4.870
6.108
4.940
5.958
4.887
5.477
5.452
5.041
4.556
6.174
6.259
5.485
4.455
4.455
4.498
4.980
5.628
5.587
5.205
5.251
6.116
4.322
4.482
5.413
5.365
5.515
5.974
4.990
4.830
5.408
5.367
4.454
4.986
4.618
5.861
4.948
4.413
4.656
5.749
5.313
5.940
5.355
4.749
4.649
5.014
5.784
5.705
5.160
5.545
5.325
5.151
4.650
5.793
6.024
5.315
5.269
4.500
5.311
5.189
5.550
5.419
4.952
5.443
5.377
5.446
4.501
5.261
5.153
5.158
5.663
4.492
4.819
5.428
5.519
5.911
4.904
5.228
5.618
5.161
5.479
5.847
4.963
6.052
4.921
5.007
6.494
5.080
5.584
5.267
5.195
5.609
4.884
4.944
4.977
4.750
4.589
5.258
5.532
6.521
4.845
4.916
5.435
5.538
5.870
5.042
4.048
6.073
4.991
5.239
4.906
4.813
5.412
5.858
6.097
5.743
6.240
4.938
5.408
5.087
5.437
6.049
5.515
4.939
5.842
4.839
5.131
6.178
5.338
6.084
4.931
4.757
4.886
5.478
5.139
5.510
5.710
5.596
4.601
6.266
5.987
5.426
5.296
4.853
6.210
5.376
6.078
5.123
4.839
5.442
5.630
5.727
5.143
5.617
5.596
5.413
5.326
5.727
5.403
5.949
5.740
4.669
5.051
5.579
4.759
5.509
5.788
5.010
4.899
5.485
5.388
5.278
5.674
4.717
4.646
4.857
5.430
5.498
5.226
5.815
4.965
4.882
5.960
5.524
5.225
4.470
4.917
5.354
5.660
5.122
4.856
5.371
5.523
5.038
5.354
4.623
4.952
5.066
4.669
5.108
5.554
5.278
5.799
5.980
4.788
4.928
5.232
5.772
5.199
5.842
5.667
5.535
6.014
5.131
5.647
5.086
5.796
4.320
4.955
4.950
5.729
5.019
4.872
4.994
5.433
5.870
4.953
5.797
5.872
4.836
5.149
5.340
4.792
4.359
5.975
4.902
6.084
5.372
4.523
4.948
5.612
6.546
4.611
4.775
4.563
5.561
6.352
5.794
6.981
5.286
5.460
5.274
4.705
5.790
5.489
6.659
5.225
5.959
4.829
5.557
6.596
5.459
4.706
4.865
6.770
5.542
4.913
5.932
4.218
5.879
4.988
5.201
5.078
5.753
5.331
5.775
5.368
4.963
5.779
6.133
4.655
5.006
6.730
5.380
6.214
6.366
5.161
7.102
5.138
4.931
5.381
5.051
4.606
5.311
5.809
5.293
6.165
5.502
5.645
6.873
5.568
5.229
6.720
5.084
5.082
5.677
5.553
5.587
4.771
5.695
4.948
5.704
5.260
4.866
7.167
5.603
5.723
5.797
5.530
5.941
5.764
4.920
7.035
4.779
4.984
4.444
6.586
5.266
5.184
5.436
5.772
5.207
4.885
5.975
5.187
4.752
5.349
4.710
5.863
5.865
4.298
5.131
5.335
4.106
4.547
6.112
5.390
