0.542
0.457
0.633
0.771
0.538
0.715
0.942
0.744
0.738
0.657
0.630
0.529
0.724
0.735
0.606
0.505
0.666
0.782
0.755
1.098
0.676
0.615
0.733
0.820
0.690
0.634
0.781
0.546
0.652
0.847
0.686
0.690
0.892
0.738
0.860
0.791
0.674
0.799
0.619
0.654
0.653
0.738
0.783
0.634
0.708
0.868
0.577
0.717
0.806
0.795
0.603
0.640
0.760
0.806
0.758
0.835
0.725
0.657
0.965
0.797
0.667
0.857
0.764
0.820
0.715
0.699
0.753
0.736
0.799
0.902
0.680
0.776
0.629
0.874
0.599
0.649
0.623
0.880
0.678
0.705
0.771
0.633
0.823
0.662
0.782
0.751
0.812
0.841
0.740
0.803
0.656
0.867
0.792
0.792
0.634
0.768
0.665
0.694
0.737
0.658
0.664
0.803
0.693
0.701
0.601
0.700
0.795
0.765
0.651
0.750
0.599
0.722
0.754
0.851
0.711
0.724
0.835
0.865
0.749
0.634
0.791
0.735
0.653
0.802
0.641
0.797
0.782
0.644
0.643
0.733
0.598
0.695
0.828
0.754
0.679
0.783
0.796
0.872
0.829
0.836
0.818
0.750
0.716
0.772
0.796
0.720
0.838
0.657
0.756
0.749
0.862
0.721
0.645
0.739
0.688
0.810
0.727
0.511
0.897
0.783
0.803
0.759
0.657
0.720
0.699
0.747
0.937
0.664
0.752
0.578
0.856
0.614
0.719
0.773
0.819
0.755
0.787
0.840
0.590
0.767
0.643
0.649
0.718
0.890
0.582
0.812
0.579
0.782
0.670
0.887
0.729
0.890
0.701
0.567
0.712
0.860
0.713
0.859
0.803
0.793
0.750
0.690
0.642
0.813
0.751
0.675
0.751
0.638
0.866
0.723
0.698
0.848
0.633
0.827
0.711
0.664
0.708
0.680
0.748
0.788
0.623
0.707
0.596
0.620
0.765
0.659
0.816
0.749
0.887
0.848
0.779
0.789
0.712
0.652
0.702
0.941
0.702
0.879
0.634
0.571
0.740
0.850
0.653
0.749
0.738
0.757
0.932
0.724
0.742
0.696
0.705
0.678
0.666
0.755
0.749
0.717
0.760
0.660
0.661
0.770
0.776
0.612
0.874
0.863
0.693
0.726
0.735
0.698
0.882
0.924
0.726
0.697
0.742
0.723
0.822
0.812
0.778
0.884
0.625
0.900
0.956
0.625
0.768
0.617
0.720
0.716
0.724
0.716
0.753
0.572
0.709
0.635
0.780
0.681
0.821
0.835
0.771
0.635
0.606
0.599
0.874
0.875
0.668
0.766
0.605
0.641
0.688
0.822
0.744
0.773
0.846
0.746
0.617
0.681
0.670
0.733
0.705
0.790
0.789
0.738
0.664
0.826
0.731
0.741
0.723
0.547
0.696
0.665
1.028
0.586
0.648
0.750
1.054
0.558
0.634
0.612
0.730
0.663
0.636
0.710
0.749
0.890
0.686
0.812
0.617
0.620
0.803
0.666
0.678
0.788
0.751
0.700
0.789
0.844
0.714
0.582
0.616
0.771
0.787
0.811
0.688
0.871
0.673
0.806
0.634
0.810
0.784
0.739
0.631
0.750
0.760
1.015
0.912
0.797
0.700
0.708
0.765
0.603
0.882
0.772
0.607
0.763
0.697
0.800
0.604
0.752
0.744
0.795
0.788
0.790
0.659
0.591
0.696
0.758
0.786
0.644
0.724
0.760
0.864
0.757
0.841
0.998
0.671
0.646
0.694
0.781
0.931
0.750
0.867
0.893
0.816
0.795
0.870
0.680
0.680
0.821
0.751
0.540
0.718
0.670
0.624
0.655
0.615
0.813
0.790
0.776
0.684
0.775
0.772
0.725
0.680
0.813
0.709
0.833
0.722
0.853
0.616
0.707
0.726
0.733
0.787
0.790
0.708
0.678
0.679
0.934
0.846
0.673
0.933
0.595
0.793
0.791
0.809
0.757
0.848
0.752
0.810
0.612
0.708
0.777
0.688
0.681
0.774
0.779
0.658
0.768
0.937
0.731
0.576
0.586
0.666
0.719
0.657
0.781
0.630
0.881
0.676
0.627
0.750
0.742
0.795
0.640
0.637
0.700
0.799
0.580
0.828
0.748
0.725
0.795
0.719
0.787
0.728
0.771
0.664
0.719
0.671
0.666
0.571
0.733
0.620
0.780
0.639
0.729
0.985
0.683
0.771
0.827
0.773
0.607
0.684
0.742
0.762
0.732
0.694
0.505
0.841
0.823
0.686
0.846
0.656
0.649
0.678
0.786
0.765
0.805
0.729
0.625
0.795
0.606
0.622
0.746
0.653
0.771
0.725
0.569
0.772
0.885
0.625
0.651
0.596
0.660
0.779
0.630
1.044
0.721
0.766
0.705
0.708
0.910
0.833
0.582
0.836
0.727
0.678
0.759
0.962
0.763
0.740
0.684
0.586
0.731
0.778
0.574
0.718
0.650
0.726
0.614
0.723
0.718
0.683
0.738
0.862
0.775
0.608
0.686
0.955
0.731
0.663
0.698
0.787
0.747
0.774
0.940
0.786
0.689
0.835
0.560
0.883
0.640
0.854
0.553
0.641
0.779
0.548
0.666
0.742
0.759
0.613
0.689
0.649
0.790
0.719
0.794
0.632
0.783
0.599
0.710
0.657
0.697
0.696
0.624
0.770
0.691
0.757
0.600
0.747
0.726
0.652
0.795
0.764
0.702
0.686
0.663
0.722
0.777
0.819
0.898
0.718
0.871
0.904
0.756
0.748
0.658
0.702
0.620
0.729
0.696
0.849
0.675
0.814
0.820
0.766
0.889
0.856
0.787
0.877
0.781
0.732
0.624
1.009
0.806
0.665
0.603
0.649
0.732
0.685
0.771
1.012
0.883
0.675
0.725
0.739
0.895
0.802
0.786
0.648
0.751
0.643
0.649
0.648
0.784
0.670
0.814
0.754
0.721
0.529
0.668
0.566
0.617
0.724
0.692
0.667
0.854
0.701
0.770
0.739
0.767
0.662
0.631
0.714
0.660
0.633
0.725
0.576
0.683
0.639
0.762
0.799
0.651
0.897
0.842
0.692
0.609
0.729
0.554
0.735
0.821
0.744
0.675
0.785
0.652
0.998
0.618
0.783
0.697
0.842
0.753
0.603
0.770
0.768
0.590
0.653
0.748
0.702
0.712
0.726
0.543
0.670
0.917
0.727
0.886
0.665
0.700
0.728
0.679
0.755
0.737
0.857
0.775
0.731
0.748
0.583
0.656
0.766
0.712
0.586
0.654
0.769
0.863
0.731
0.695
0.887
0.879
0.728
0.851
0.612
0.795
0.840
0.676
0.731
0.856
0.791
0.774
0.633
0.601
0.517
0.779
0.780
0.670
0.666
0.599
0.794
0.613
0.715
0.859
0.624
0.655
0.821
0.752
0.763
0.752
0.671
0.759
0.665
0.519
0.880
0.814
0.843
0.775
0.703
0.617
0.785
0.707
1.000
0.729
0.880
0.708
0.750
0.754
0.775
0.694
0.573
0.696
0.715
0.616
0.716
0.576
0.750
0.785
0.650
0.781
0.988
0.699
0.858
0.825
0.757
0.707
0.893
0.498
0.618
0.807
0.848
0.591
0.805
0.609
0.660
0.650
0.728
0.759
0.511
0.845
0.783
0.764
0.679
0.823
0.787
0.551
0.634
0.615
0.742
0.804
0.843
0.924
0.740
0.794
0.697
0.642
0.686
0.621
0.775
0.906
0.642
0.607
0.812
0.751
0.780
0.666
0.659
0.754
0.655
0.679
0.669
0.605
0.696
0.702
0.639
0.779
0.726
0.725
0.631
0.735
0.596
0.854
0.785
0.669
0.852
0.762
0.547
0.726
0.717
0.619
0.692
0.696
0.631
0.637
0.810
0.563
0.898
0.662
0.885
0.824
0.746
0.713
0.661
0.736
0.729
0.723
0.565
0.602
0.868
0.820
0.817
0.690
0.669
0.825
0.666
0.798
0.669
0.705
0.816
0.743
0.804
0.759
0.700
0.733
0.718
0.914
0.595
0.802
0.587
0.795
0.803
0.648
0.582
0.766
0.771
0.714
0.627
0.747
0.710
0.752
0.719
1.032
0.906
0.676
0.662
0.681
0.669
0.748
0.783
0.675
0.683
0.759
0.647
0.826
0.812
0.801
0.709
0.564
0.786
0.762
0.631
0.808
0.673
0.616
0.664
0.706
0.742
0.871
0.608
0.677
0.739
0.791
0.665
0.976
0.831
0.695
0.818
0.812
0.741
0.697
0.706
0.674
0.662
0.771
0.662
0.713
0.781
0.726
0.762
0.618
0.792
0.585
1.036
0.651
0.914
0.765
0.863
0.665
0.616
0.858
0.839
0.650
0.846
0.571
0.739
0.776
0.720
0.768
0.421
0.430
0.696
0.692
0.763
0.810
0.872
0.859
0.842
0.837
0.682
0.670
0.741
0.613
0.749
0.716
0.686
0.750
0.606
0.733
0.804
0.597
0.641
0.742
0.550
0.752
0.639
0.770
0.621
0.730
0.801
0.732
0.689
0.833
0.890
0.746
0.914
0.947
0.815
0.871
0.755
0.689
0.952
0.608
0.900
0.740
0.822
0.722
0.805
0.706
0.712
0.760
0.739
0.783
0.755
0.665
0.557
0.534
0.847
0.920
0.831
0.682
0.562
0.668
0.728
0.690
0.698
0.687
0.646
0.848
0.685
0.628
0.636
0.591
0.772
0.680
0.728
0.848
0.796
0.693
0.797
0.653
0.760
0.671
0.542
0.604
0.635
0.780
0.573
0.744
0.794
0.621
0.534
0.649
0.832
0.690
0.737
0.547
0.604
0.766
0.605
0.783
0.818
0.894
0.618
0.657
0.567
0.722
0.790
0.776
0.862
0.759
0.658
0.604
0.735
0.565
0.736
0.822
0.673
0.751
0.734
0.967
0.810
0.660
0.792
0.856
0.619
0.658
0.744
0.688
0.641
0.799
0.796
0.708
0.654
0.593
0.735
0.779
0.599
0.688
0.731
0.836
0.662
0.701
0.617
0.654
0.691
0.702
0.711
0.687
0.752
0.776
1.093
0.764
0.685
0.728
0.643
0.650
0.664
0.729
0.664
0.822
0.635
0.722
0.673
0.607
0.750
0.864
0.901
0.712
0.725
0.704
0.670
0.656
0.777
0.744
0.835
0.650
0.738
0.743
0.797
0.738
0.788
0.640
0.706
0.667
0.790
0.775
0.611
0.761
0.800
0.837
0.757
0.724
0.776
0.597
0.728
0.805
0.685
0.691
0.646
0.708
0.781
0.694
0.780
0.620
0.958
0.589
0.782
0.771
0.653
0.682
0.732
0.681
0.929
0.733
0.762
0.752
0.707
0.666
0.623
0.735
0.873
0.784
0.640
0.894
0.779
0.594
0.649
0.635
0.893
0.897
0.693
0.915
0.692
0.732
0.678
0.773
0.758
0.802
0.648
0.742
0.913
0.846
0.772
0.749
0.980
0.694
0.752
0.922
0.818
0.775
0.638
0.767
0.627
0.678
0.694
0.836
0.688
0.743
0.941
0.796
0.770
0.738
0.823
0.707
0.667
0.730
0.727
0.720
0.933
0.703
1.133
0.766
0.752
0.806
0.827
0.758
0.617
0.680
0.671
0.889
0.763
0.683
0.790
0.589
0.744
0.887
0.617
0.848
0.630
0.798
0.730
0.588
0.622
0.917
0.690
0.653
0.715
0.767
0.763
0.651
0.700
0.801
0.759
0.872
0.805
0.823
0.701
0.719
0.675
0.768
0.873
0.860
0.697
0.715
0.574
0.835
1.006
0.612
0.642
0.850
0.835
0.712
0.828
0.837
0.536
0.814
0.646
0.751
0.702
0.587
0.662
0.726
0.780
0.771
0.804
0.724
0.794
0.616
0.686
0.655
0.706
0.634
0.601
0.643
0.577
0.649
0.764
0.797
0.659
0.533
0.802
0.720
0.643
0.747
0.684
0.688
0.775
0.695
0.611
0.675
0.706
0.704
0.753
0.736
0.762
0.621
0.698
0.617
0.724
0.683
0.619
0.688
0.654
0.663
0.715
0.654
0.582
0.762
0.704
0.704
0.831
0.593
0.644
0.701
0.714
0.881
0.725
0.726
0.712
0.785
0.584
0.772
0.696
0.598
0.727
0.834
0.677
0.606
0.701
0.729
0.722
0.714
0.826
0.593
0.785
0.762
0.676
0.626
0.593
0.805
0.900
0.738
0.660
0.771
0.665
0.731
0.747
0.849
0.800
0.716
0.723
0.808
0.765
0.621
0.619
0.898
0.819
0.602
0.815
0.635
0.646
0.795
0.733
0.758
0.861
0.897
0.767
0.732
0.795
0.812
0.611
0.863
0.812
0.687
0.837
0.759
0.753
0.903
0.809
0.649
0.636
0.782
0.862
0.742
0.672
0.670
0.685
0.585
0.714
0.496
0.748
0.547
0.737
0.762
0.670
0.882
0.694
0.760
0.722
0.894
0.550
0.846
0.662
0.716
0.795
0.610
0.654
0.795
0.829
0.853
0.537
0.776
0.608
0.815
0.656
0.808
0.650
0.845
0.820
0.643
0.559
0.628
0.858
0.687
0.633
0.734
0.757
0.757
0.605
0.653
0.887
0.627
0.686
0.569
0.617
0.696
0.783
0.906
0.791
0.642
0.559
0.637
0.797
0.885
0.707
0.738
0.687
0.756
0.700
0.760
0.801
0.666
0.557
0.608
0.639
0.775
0.694
0.683
0.721
0.706
0.800
0.682
0.668
0.718
0.670
0.780
0.610
0.745
0.642
0.791
0.752
0.722
0.821
0.929
0.817
0.613
0.544
0.755
0.751
0.614
0.862
0.721
0.655
0.671
0.800
0.772
0.629
0.862
0.700
0.605
0.551
0.590
0.600
0.752
0.676
0.793
0.900
0.660
0.843
0.605
0.690
0.886
0.573
0.739
0.742
0.755
0.699
0.726
0.705
0.562
0.692
0.696
0.847
0.691
0.985
0.661
0.685
0.629
0.734
0.604
0.697
0.655
0.670
0.780
0.753
0.950
0.750
0.597
0.891
0.763
0.790
0.766
0.628
0.718
0.856
0.775
0.824
0.649
0.625
0.878
0.615
0.619
0.543
0.767
0.680
0.634
0.736
0.677
0.829
0.659
0.610
0.584
0.673
0.791
0.704
0.794
0.916
0.676
0.856
0.662
0.609
0.814
0.694
0.615
0.729
0.705
0.653
0.706
0.531
0.710
0.907
0.738
0.777
0.772
0.704
0.730
0.648
0.858
0.732
0.687
0.645
0.568
0.689
0.759
0.782
0.643
0.563
0.747
0.755
0.661
0.766
0.717
0.729
0.692
0.602
0.707
0.847
0.718
0.523
0.745
0.783
0.713
0.740
0.899
0.820
0.559
0.662
0.712
0.777
0.745
0.885
0.895
1.009
0.652
0.616
0.741
0.676
0.690
0.678
0.645
0.708
0.794
0.843
0.907
0.702
0.601
0.556
0.749
0.661
0.697
0.591
0.690
0.852
0.670
0.854
0.759
0.685
0.716
0.651
0.685
0.708
0.561
0.678
0.757
0.726
0.619
0.839
0.768
0.689
0.791
0.766
0.790
0.746
0.782
0.527
0.915
0.805
0.768
0.896
0.743
0.771
0.768
0.722
0.917
0.650
0.706
0.688
0.616
0.698
0.573
0.701
0.555
0.657
0.763
0.593
0.649
0.783
0.598
0.774
0.650
0.746
0.651
0.680
0.838
0.663
0.639
0.789
0.656
0.769
0.682
0.712
0.583
0.572
0.800
0.711
0.722
0.623
0.611
0.736
0.735
0.591
0.721
0.705
0.719
0.895
0.729
0.546
0.735
0.780
0.614
0.715
0.668
0.727
0.687
0.639
0.783
0.577
0.748
0.636
0.812
0.606
0.662
0.788
0.729
0.739
0.647
0.622
0.765
0.794
0.694
0.526
0.745
0.683
0.663
0.613
0.753
0.684
0.704
0.663
0.742
0.662
0.742
0.722
0.850
0.805
0.666
0.698
0.626
0.672
0.719
0.650
0.670
0.657
0.623
0.684
0.867
0.520
0.651
0.805
0.802
0.647
0.611
0.678
0.745
0.803
0.578
0.691
0.782
0.649
0.911
0.599
0.708
0.671
0.802
0.718
0.802
0.706
0.735
0.827
0.693
0.580
0.920
0.617
0.731
0.635
0.621
0.633
0.542
0.759
0.761
0.694
0.648
0.653
0.590
0.619
0.615
0.752
0.736
0.688
0.652
0.570
0.627
0.693
0.680
0.918
0.619
0.640
0.713
0.739
0.736
0.578
0.708
0.711
0.770
0.661
0.709
0.778
0.754
0.742
0.537
0.631
0.742
0.751
0.620
0.595
0.739
0.624
0.696
0.689
0.640
0.729
0.736
0.836
0.642
0.706
0.644
0.763
0.618
0.628
0.664
0.606
0.787
0.777
0.608
0.717
0.862
0.740
0.776
0.753
0.852
0.657
0.726
0.671
0.877
0.595
0.708
0.709
0.652
0.684
0.648
0.598
0.743
0.793
0.689
0.702
0.795
0.932
0.722
0.704
0.759
0.731
0.729
0.823
0.737
0.758
0.624
0.694
0.642
0.559
0.811
0.793
0.695
0.842
0.741
0.903
0.626
0.710
0.741
0.651
0.557
0.790
0.720
0.670
0.778
0.751
0.793
0.776
0.735
0.764
0.896
0.924
0.774
0.662
1.002
0.816
0.662
0.710
0.827
0.779
0.683
0.780
0.740
0.736
0.684
0.647
0.616
0.684
0.676
0.751
0.711
0.731
0.800
0.831
0.817
0.715
0.757
0.711
0.738
0.703
0.821
0.834
0.722
0.563
0.673
0.788
0.738
0.653
0.705
0.902
0.724
0.621
0.823
0.967
0.741
0.847
0.818
0.824
0.734
0.755
0.743
0.604
0.716
0.815
0.698
0.612
0.970
0.717
0.856
0.844
0.648
0.870
0.788
0.821
0.805
0.730
0.858
0.868
0.566
0.677
0.676
0.525
0.693
0.767
0.775
0.592
0.540
0.802
0.766
0.697
0.773
0.685
0.694
0.822
0.651
0.771
0.700
0.796
0.503
0.848
0.904
0.546
0.789
0.676
0.826
0.600
0.897
0.743
0.642
0.700
0.842
0.924
0.659
0.639
0.782
0.748
0.696
0.737
0.653
0.930
0.717
0.524
0.843
0.713
0.703
0.698
0.670
0.723
0.761
0.719
0.575
0.592
0.667
0.606
0.721
0.681
0.648
0.648
0.643
0.804
0.668
0.936
1.026
0.908
0.743
0.818
0.869
0.735
0.579
0.756
1.016
0.686
0.666
0.840
0.846
0.887
0.754
0.678
0.774
0.702
0.658
0.668
0.557
0.630
0.954
0.715
0.726
0.736
0.826
0.760
0.572
0.695
0.830
0.732
0.813
0.757
0.741
0.536
0.868
0.744
0.832
0.722
0.600
0.838
0.613
0.709
0.825
0.618
0.867
0.722
0.760
0.772
0.789
0.580
0.759
0.727
0.752
0.642
0.631
0.726
1.019
0.855
0.738
0.738
0.567
1.072
0.700
0.728
0.861
0.744
0.840
0.833
0.669
0.668
0.734
0.919
0.639
0.818
0.566
0.613
0.703
0.619
0.853
0.672
0.623
0.690
0.807
0.656
0.638
0.908
0.799
0.681
0.818
0.798
0.830
0.947
0.661
0.679
0.813
0.732
0.773
0.664
0.680
0.652
0.859
0.789
0.681
0.816
0.716
0.841
0.820
0.738
0.742
0.836
0.722
0.844
0.738
0.750
0.694
0.620
0.636
0.769
0.708
0.835
0.703
0.857
0.878
0.725
0.662
0.763
0.809
0.749
0.763
0.669
0.748
0.705
0.565
0.705
0.912
0.681
0.722
0.858
0.587
0.751
0.736
0.937
0.808
0.860
0.632
0.773
0.702
0.967
0.792
0.709
0.765
0.811
0.818
0.825
0.692
0.586
0.669
0.847
0.563
0.676
0.699
0.925
0.504
0.690
0.624
0.601
0.712
0.659
0.832
0.764
0.783
0.747
0.673
0.603
0.741
0.744
0.726
0.699
0.766
0.735
0.626
0.668
0.767
0.881
0.826
0.788
0.799
0.797
0.754
0.751
1.054
0.540
0.608
0.871
0.580
0.778
0.713
1.025
0.894
0.795
0.740
0.780
0.752
0.527
0.753
0.803
0.796
0.670
0.745
0.774
0.725
0.760
0.674
0.592
0.683
0.798
0.724
0.664
0.830
0.705
0.535
0.865
0.759
0.808
0.669
0.666
0.784
0.706
0.805
0.720
0.743
0.740
0.632
0.623
0.776
0.691
0.633
0.672
0.699
0.781
0.910
0.659
0.672
0.617
0.718
0.679
0.738
0.764
0.645
0.543
0.888
0.818
0.844
0.764
0.764
0.905
0.775
0.672
0.695
0.638
0.582
0.901
0.976
0.689
0.728
0.721
0.668
0.707
0.717
0.749
0.816
0.852
0.809
0.665
0.535
0.700
0.705
0.779
0.757
0.687
0.719
0.771
0.851
0.642
0.699
0.685
0.746
0.861
0.998
0.779
0.717
0.776
0.750
0.647
0.774
0.766
0.622
0.636
0.809
0.654
0.665
0.663
0.740
0.638
0.725
0.758
0.726
0.789
0.606
0.912
0.681
0.720
0.696
0.767
0.784
0.786
0.622
0.674
0.740
0.674
0.849
0.658
0.869
0.742
0.807
0.618
0.615
0.569
0.749
0.710
0.813
0.624
0.654
0.778
0.910
0.718
0.706
0.694
0.689
0.714
0.651
0.682
0.917
0.741
0.783
0.746
0.810
0.704
0.766
0.769
0.665
0.632
0.602
0.853
0.899
0.831
0.587
0.604
0.701
0.704
0.680
0.817
0.765
0.548
0.773
0.792
0.962
0.639
0.572
0.871
0.636
0.653
0.692
0.643
0.832
0.604
0.652
0.657
0.856
0.754
0.580
0.691
0.643
0.752
0.780
0.631
0.724
0.726
0.672
0.780
0.779
0.919
0.777
0.798
0.696
0.521
0.670
0.648
0.702
0.819
0.674
0.774
0.585
0.634
0.843
0.768
0.710
0.921
0.921
0.600
0.802
0.617
0.812
0.963
0.644
0.745
0.875
0.705
0.667
0.834
0.732
0.853
0.696
0.623
0.855
0.660
0.787
0.709
0.699
0.713
0.756
0.944
0.754
0.771
0.681
0.895
0.811
0.680
0.769
0.738
0.619
0.736
0.764
0.684
0.685
0.738
0.814
0.919
0.809
0.722
0.712
0.625
0.684
0.752
0.789
0.724
0.708
0.646
0.697
0.717
0.738
0.749
0.667
0.759
0.829
0.719
0.676
0.658
0.750
0.679
0.651
0.803
0.785
0.743
0.751
0.657
1.016
0.561
0.682
0.680
0.670
0.796
0.710
0.779
0.595
0.624
0.690
0.736
0.675
0.800
0.690
0.784
0.807
0.492
0.602
0.711
0.567
0.826
0.962
0.713
0.737
0.622
0.810
0.736
0.777
0.757
0.723
0.725
0.698
0.718
0.748
0.825
0.686
0.808
0.611
0.840
0.867
0.839
0.741
0.677
0.756
0.759
0.607
0.692
0.658
0.646
0.845
0.696
0.658
0.640
0.785
0.762
0.728
0.626
0.686
0.696
0.776
0.655
0.808
0.725
0.752
0.807
0.665
0.765
0.874
0.771
0.765
0.725
0.748
0.615
0.740
0.683
0.603
0.803
0.647
0.687
0.691
0.615
0.687
0.879
0.663
0.613
0.635
0.816
0.689
0.845
0.505
0.804
0.689
0.783
0.587
0.604
0.666
0.576
0.798
0.788
0.948
0.864
0.710
0.801
0.671
0.554
0.784
0.628
0.659
0.730
0.641
0.754
0.776
0.642
0.937
0.776
0.813
0.832
0.704
0.699
0.779
0.579
0.721
0.772
0.741
0.801
0.774
0.830
0.706
0.962
0.682
0.905
0.649
0.845
0.591
0.701
0.740
0.587
0.836
0.737
0.537
0.698
0.684
0.682
0.711
0.723
0.805
0.780
0.699
0.641
0.739
0.660
0.828
0.759
0.826
0.950
0.601
0.620
0.589
0.700
0.747
0.770
0.706
0.580
0.821
0.709
0.583
0.533
0.714
0.788
0.593
0.706
0.717
0.654
0.756
0.647
0.850
0.833
0.960
0.915
0.781
0.706
0.754
0.697
0.604
0.666
0.752
0.813
0.668
0.716
0.907
0.730
0.649
0.711
0.667
0.789
0.617
0.661
0.689
0.621
0.677
0.893
0.640
0.722
0.690
0.696
0.555
0.713
0.988
0.582
0.748
0.586
0.794
0.667
0.875
0.766
0.649
0.790
0.683
0.808
0.749
0.796
0.661
0.743
0.866
0.856
0.811
0.993
0.842
0.525
0.927
0.665
0.729
0.656
0.756
0.748
0.723
0.811
0.771
0.611
0.629
0.800
0.648
0.543
0.583
0.750
0.787
0.696
0.814
0.676
0.666
0.718
1.020
0.596
0.795
0.675
0.839
0.618
0.647
0.784
0.802
0.805
0.639
0.601
0.675
0.750
0.730
0.681
0.671
0.855
0.653
0.790
0.592
0.665
0.730
0.726
0.687
0.838
0.759
0.709
0.578
0.848
0.736
0.658
0.844
0.593
0.577
0.658
0.607
0.748
0.779
0.694
0.903
0.614
0.617
0.719
0.665
0.804
0.674
0.927
0.667
0.675
0.654
0.791
0.805
0.729
0.767
0.575
0.639
0.749
0.644
0.579
0.610
0.737
0.750
0.490
0.908
0.766
0.710
0.662
0.566
0.766
0.576
0.766
0.649
0.873
0.657
0.596
0.695
0.641
0.715
0.717
0.806
0.722
0.730
0.612
0.607
0.643
0.806
0.927
0.675
0.601
0.769
0.807
0.625
0.616
0.625
0.625
0.678
0.743
0.631
0.733
0.909
0.741
0.723
0.633
0.629
0.714
0.621
0.641
0.754
0.615
0.734
0.717
0.644
0.574
0.745
0.687
0.745
0.773
0.608
0.729
0.731
0.688
0.550
0.716
0.619
0.616
0.714
0.649
0.672
0.827
0.654
0.733
0.669
0.590
0.751
0.607
0.694
0.528
0.828
0.809
0.686
0.730
0.796
0.608
0.863
0.693
0.772
0.719
0.721
0.646
0.742
0.548
0.946
0.730
0.751
0.634
0.648
0.754
0.591
0.783
0.894
0.695
0.616
0.772
0.676
0.858
0.693
0.862
0.844
0.767
0.680
0.637
0.768
0.800
0.789
0.633
0.791
0.733
0.889
0.583
0.705
0.717
0.717
0.615
0.745
0.666
0.725
0.678
0.779
0.715
0.727
0.783
0.751
0.686
0.857
1.001
0.651
0.655
1.020
0.608
0.850
0.887
0.751
0.660
0.821
0.535
0.641
0.827
0.505
0.695
0.647
1.019
0.605
0.703
0.607
0.573
0.584
0.667
0.692
0.699
0.726
0.693
0.707
0.702
0.801
0.678
0.690
0.741
0.587
0.684
0.723
0.877
0.644
0.831
0.821
0.565
0.771
0.643
0.756
0.658
0.605
0.760
0.526
0.992
0.684
1.001
0.706
0.791
0.573
0.693
0.666
0.594
0.714
0.753
0.610
0.637
0.751
0.785
0.669
0.659
0.646
0.902
0.646
0.685
0.802
0.758
1.055
0.665
0.710
0.608
0.764
0.563
0.597
0.626
0.691
0.882
0.645
0.859
0.780
0.591
0.767
0.651
0.733
0.639
0.722
0.667
0.862
0.766
0.660
0.570
0.720
0.626
0.719
0.605
0.725
0.656
0.783
0.595
0.620
0.798
0.799
0.839
0.640
0.744
0.702
0.839
0.667
0.740
0.659
0.652
0.759
0.761
0.806
0.756
0.729
0.665
0.591
0.727
0.804
0.770
0.816
0.681
0.772
0.649
0.843
0.645
0.696
0.649
0.696
0.648
0.597
0.760
0.802
0.632
0.801
0.796
0.758
0.715
0.735
0.721
0.820
0.776
0.608
0.745
0.810
0.702
0.581
0.773
0.588
0.620
0.738
0.728
0.681
0.700
0.774
0.725
0.811
0.817
0.645
0.876
0.708
0.678
0.887
0.893
0.748
0.879
0.825
0.733
0.704
0.742
0.726
1.073
0.711
0.760
0.658
0.717
0.574
0.786
0.712
0.644
0.725
0.627
0.696
0.732
0.800
0.711
0.699
0.775
0.702
0.637
0.756
0.823
1.009
0.612
0.737
0.842
0.744
0.737
0.631
0.690
0.712
0.850
0.813
0.705
0.852
0.758
0.654
0.787
0.655
0.697
0.933
0.774
0.591
0.776
0.632
0.797
0.619
0.861
0.623
0.681
0.729
0.810
0.606
0.736
0.642
0.779
0.688
0.759
0.659
0.852
0.645
0.683
0.650
0.696
0.813
0.668
0.903
0.734
0.799
0.806
0.762
0.703
0.689
0.830
0.635
0.725
0.821
0.765
0.796
0.816
0.680
0.607
0.658
0.628
0.738
0.758
0.820
0.762
0.893
0.782
0.689
0.824
0.791
0.752
0.793
0.687
0.564
0.734
0.708
0.815
0.782
0.899
0.860
1.041
0.781
1.018
0.956
0.717
0.882
0.737
0.672
0.879
0.695
0.806
0.962
0.612
0.605
0.723
0.841
0.688
0.823
0.737
0.594
0.692
0.586
0.579
0.710
0.732
0.766
0.710
0.709
0.747
0.658
0.795
0.665
0.761
0.594
0.793
0.783
0.704
0.678
0.613
0.649
0.836
0.581
0.639
0.711
0.714
0.736
0.614
0.712
0.650
0.890
0.806
0.717
0.908
0.656
0.642
0.871
1.000
0.588
0.534
0.682
0.755
0.727
0.677
0.682
0.662
0.948
0.744
0.868
0.839
0.637
0.656
0.600
0.662
0.784
0.722
0.786
0.706
0.721
0.835
0.803
0.637
0.764
0.760
0.628
0.742
0.621
0.790
0.769
0.806
0.826
0.722
0.700
0.663
0.583
0.779
0.627
0.777
0.737
0.610
0.562
0.832
0.616
0.850
0.689
0.685
0.674
0.779
0.753
0.730
0.612
0.748
0.725
0.755
0.740
0.605
0.770
0.728
0.714
0.718
0.726
0.530
0.716
0.660
0.604
0.703
0.799
0.731
0.588
0.595
0.670
0.682
0.675
0.604
0.734
0.696
0.718
0.685
0.655
0.546
0.655
0.783
0.694
0.639
0.691
0.724
0.744
0.739
0.693
0.749
0.792
0.730
0.664
0.654
0.602
0.672
0.790
0.699
0.606
0.583
0.740
0.574
0.719
0.630
0.800
0.840
0.780
0.720
0.860
0.553
0.661
0.721
0.587
0.859
0.687
0.598
0.608
0.666
0.583
0.659
0.866
0.687
0.843
0.752
0.720
0.710
0.907
0.610
0.890
0.685
0.662
0.723
0.695
0.998
0.612
0.648
0.654
0.763
0.695
0.650
0.790
0.765
0.682
0.630
0.719
0.725
0.682
0.840
0.612
0.647
0.684
0.653
0.938
0.763
0.574
0.760
0.661
0.596
0.739
0.779
0.801
0.744
0.816
0.811
0.640
0.749
0.676
0.567
0.722
0.809
0.612
0.626
0.675
0.731
0.629
0.652
0.714
0.747
0.686
0.764
0.730
0.645
0.692
0.599
0.615
0.673
0.580
0.784
0.651
0.812
0.834
0.706
0.667
0.756
0.788
0.595
0.822
0.727
0.670
0.709
0.725
0.635
0.694
0.724
0.752
0.697
0.655
0.712
0.709
0.752
0.876
0.787
0.875
0.565
0.847
0.719
0.701
0.633
0.704
0.826
0.717
0.904
0.851
0.728
0.793
0.684
0.833
0.787
0.513
0.769
0.725
0.660
0.590
0.573
0.778
0.711
0.649
0.777
0.732
0.658
0.734
0.670
0.842
0.822
0.762
0.601
0.832
0.728
0.710
0.765
0.587
0.762
0.728
0.651
0.663
0.652
0.599
0.672
0.654
0.599
0.819
0.559
0.776
0.639
0.782
0.639
0.749
0.656
0.731
0.890
0.694
0.614
0.679
0.699
0.787
0.650
0.699
0.583
0.735
0.852
0.647
0.664
0.744
0.545
0.619
0.652
0.744
0.690
0.693
0.872
0.645
0.807
0.729
0.663
0.653
0.665
0.734
0.650
0.762
0.859
0.691
0.683
0.730
0.676
0.766
0.812
0.612
0.726
0.672
0.755
0.719
0.713
0.656
0.732
0.865
0.722
0.659
0.631
0.918
0.692
0.870
0.637
0.737
0.839
0.749
0.743
0.842
0.784
0.722
0.681
0.723
0.690
0.575
0.587
0.730
0.658
0.622
0.775
0.711
0.859
0.640
0.626
0.712
0.856
0.645
0.721
0.733
0.619
0.611
0.735
0.800
0.652
0.625
0.645
0.594
0.895
0.680
0.716
0.759
0.680
0.754
0.634
0.661
0.650
0.543
0.771
0.740
0.787
0.664
1.026
0.581
0.740
0.609
0.806
0.658
0.569
0.662
0.579
0.653
0.951
0.655
0.767
0.837
0.771
0.901
0.771
0.805
0.764
0.786
0.651
0.646
0.794
0.650
0.615
0.861
0.684
0.837
0.829
0.792
0.759
0.613
0.637
0.698
0.630
0.807
0.812
0.791
0.806
0.677
0.807
0.816
0.735
0.946
0.850
0.765
0.715
0.578
0.820
0.748
0.926
0.624
0.723
0.650
0.756
0.736
0.727
0.667
0.733
0.822
0.608
0.702
0.603
0.694
0.618
0.678
0.736
0.665
0.637
0.792
0.784
0.717
0.641
0.636
0.697
0.631
0.890
0.994
0.580
0.583
0.782
0.784
0.741
0.614
0.782
0.643
0.907
0.907
0.815
0.611
0.706
0.841
0.706
0.763
0.653
0.625
0.852
0.685
0.614
0.855
0.686
0.757
0.647
0.796
0.620
0.882
0.659
0.635
0.775
0.754
0.705
0.873
0.776
0.604
0.660
0.781
0.780
0.752
0.620
0.694
0.657
0.671
0.593
0.624
0.768
0.601
0.644
0.818
0.559
0.811
0.681
0.624
0.671
0.717
0.642
0.797
0.717
0.587
0.667
0.623
0.877
0.729
0.715
0.617
0.773
0.938
0.736
0.785
0.914
0.785
0.616
0.676
0.768
0.771
0.662
0.697
0.814
0.769
0.790
0.760
0.669
0.960
0.786
0.666
0.759
0.787
0.576
0.671
0.707
0.886
0.613
0.773
0.565
0.687
0.702
0.880
0.839
0.606
0.853
0.770
0.768
0.773
0.780
0.640
0.859
0.608
0.623
0.742
0.661
0.576
0.613
0.771
0.698
0.784
0.683
0.714
0.741
0.600
0.650
0.600
0.701
0.658
0.890
0.714
0.706
0.721
0.702
0.774
0.744
0.721
0.768
0.764
0.724
0.726
0.831
0.779
0.652
0.720
0.602
0.756
0.748
0.602
0.548
0.715
0.593
0.802
0.720
0.716
0.623
0.906
0.732
0.599
0.645
0.763
0.845
0.706
0.636
0.610
0.656
0.759
0.711
0.743
0.894
0.722
0.871
0.767
0.680
0.839
0.615
0.486
0.846
0.804
0.650
0.776
0.663
0.596
0.684
0.712
0.719
0.721
0.695
0.694
0.757
0.830
0.834
0.706
0.757
0.617
0.729
0.717
0.686
0.564
0.700
0.825
0.651
0.759
0.682
0.681
0.667
0.745
0.803
0.828
0.525
0.849
0.592
0.818
0.706
0.762
0.701
0.688
0.609
0.765
0.628
0.685
0.799
0.808
0.832
0.703
0.751
0.744
0.610
0.713
0.650
0.976
0.641
0.830
0.588
0.665
0.692
0.827
0.832
0.628
0.653
0.606
0.717
0.700
0.528
0.678
0.802
0.653
0.791
0.859
0.773
0.655
0.953
0.652
0.731
0.760
0.586
0.732
0.779
0.753
0.827
0.651
0.770
0.638
0.687
0.892
0.768
0.731
0.691
0.730
0.699
0.741
0.915
0.831
0.835
0.997
1.074
0.779
0.707
0.673
0.725
0.697
0.683
0.725
0.679
0.859
0.613
0.783
0.756
0.649
0.744
0.569
0.648
0.601
0.721
0.595
0.750
0.640
0.682
0.711
0.699
0.657
0.745
0.601
0.730
0.708
0.650
0.767
0.735
0.790
0.638
0.809
1.079
0.674
0.752
0.831
0.774
0.650
0.696
0.770
0.817
0.811
1.007
0.694
0.810
0.638
0.651
0.820
0.725
0.956
0.894
0.678
0.764
0.720
0.781
0.740
0.736
0.747
0.801
0.699
0.602
0.765
0.726
0.774
0.891
0.721
0.747
0.909
0.696
0.616
0.655
0.613
0.714
0.649
0.638
0.766
0.605
0.680
0.749
0.648
0.793
0.704
0.671
0.729
0.631
0.647
0.655
0.660
0.791
0.742
0.727
0.662
0.738
0.909
0.900
0.747
1.025
0.625
0.675
0.751
0.708
0.590
0.793
0.774
0.788
0.632
0.724
0.833
0.799
0.820
0.603
0.456
0.532
0.685
0.601
0.818
0.575
0.690
0.661
0.793
0.715
0.853
0.592
0.889
0.797
0.653
0.734
0.759
0.839
0.672
0.872
0.894
0.676
0.639
0.843
0.733
0.611
0.739
0.777
0.712
0.683
0.693
0.874
0.845
0.706
0.615
0.760
0.720
0.773
0.764
0.764
0.627
0.833
0.620
0.851
0.740
0.819
0.858
0.819
0.727
0.684
0.742
0.726
0.686
0.710
0.727
0.686
0.686
0.613
0.841
0.770
0.510
0.657
0.529
0.658
0.685
0.679
0.695
0.591
0.740
0.682
0.760
0.781
0.680
0.618
0.786
0.738
0.693
0.668
0.689
0.742
0.783
0.654
0.634
0.822
0.687
0.787
0.718
0.660
0.802
0.602
0.785
0.691
0.766
0.773
0.700
0.715
0.677
0.621
0.759
0.756
0.761
0.726
0.669
0.840
0.692
0.761
0.653
0.859
0.808
0.718
0.726
0.764
0.626
0.742
0.692
0.854
0.654
0.834
0.690
0.654
0.737
0.755
0.767
1.037
0.812
0.874
0.801
0.608
0.649
0.744
0.599
0.739
0.771
0.716
0.616
0.730
0.594
0.763
0.658
0.895
0.588
0.664
0.763
0.773
0.814
0.704
0.751
0.747
0.770
0.666
0.794
0.846
0.766
0.752
0.749
0.721
0.920
0.644
0.723
0.943
0.711
0.601
0.644
0.715
0.728
0.763
0.709
0.722
0.913
0.567
0.656
0.601
0.798
0.696
0.825
0.562
0.662
0.758
0.734
0.618
0.652
0.762
0.781
0.785
0.671
0.637
0.776
0.709
0.742
0.630
0.665
0.730
0.730
0.901
0.672
0.785
0.943
0.598
0.717
0.734
0.594
0.677
0.705
0.968
0.677
0.901
0.774
0.699
0.661
0.654
0.577
0.730
0.838
0.632
0.743
0.619
0.648
0.658
0.852
0.884
0.687
0.723
0.773
0.697
0.641
0.696
0.749
0.826
0.668
0.646
0.609
0.646
0.858
0.710
0.751
0.818
0.679
0.713
0.721
0.711
0.802
0.645
0.642
0.665
0.694
0.747
0.614
0.728
0.690
0.774
0.627
0.802
0.537
0.879
0.805
0.831
0.886
0.677
0.585
0.712
0.656
0.612
0.856
0.776
0.569
0.693
0.679
0.577
0.736
0.592
0.811
0.683
0.753
0.650
0.533
0.653
0.844
0.912
0.761
0.797
0.590
0.730
0.686
0.761
0.660
0.700
0.614
0.665
0.623
0.867
0.862
0.808
0.636
0.769
0.683
0.652
0.726
0.704
0.874
0.637
0.729
0.770
0.841
0.616
0.757
0.626
0.782
0.770
0.753
0.647
0.741
0.643
0.735
0.649
0.640
0.761
0.866
0.782
0.836
0.756
0.756
0.674
0.696
0.707
0.577
0.637
0.837
0.625
0.622
0.711
0.716
0.646
0.609
0.827
0.691
0.752
0.693
0.562
0.754
0.847
0.617
0.821
0.976
0.694
0.735
0.868
0.791
0.782
0.738
0.666
0.739
0.869
0.539
0.752
0.694
0.801
0.630
0.806
0.719
0.705
0.756
0.709
0.702
0.818
0.690
0.715
0.785
0.903
0.758
0.607
0.655
0.725
0.775
0.803
0.640
0.891
0.618
0.605
0.874
0.709
0.626
0.723
0.679
0.841
0.631
0.791
0.840
0.737
0.756
0.775
0.654
0.909
0.706
0.794
0.576
0.679
0.827
0.859
0.677
0.665
0.621
0.722
0.735
0.739
0.602
0.786
0.638
0.905
0.580
0.783
0.667
0.774
0.675
0.717
0.569
0.729
0.601
0.727
0.817
0.652
0.763
0.550
0.746
0.612
0.594
0.775
0.739
0.694
0.715
0.683
0.592
0.549
0.767
0.813
0.595
0.938
0.864
0.813
0.727
0.649
0.616
0.774
0.683
0.639
0.744
0.732
0.744
0.896
0.711
0.640
0.770
0.699
0.882
0.683
0.718
0.636
0.657
1.002
0.793
0.762
0.520
0.632
0.787
0.773
0.566
0.667
0.777
0.759
0.654
0.651
0.695
0.646
0.729
0.875
0.649
0.768
0.763
0.722
0.673
0.796
0.742
0.799
0.656
0.595
0.761
0.734
0.607
0.744
0.648
0.667
0.758
0.627
0.712
0.827
0.839
0.638
0.732
0.632
0.909
0.578
0.720
0.884
0.748
0.655
0.724
0.692
0.771
0.733
0.714
0.779
0.772
0.906
0.813
0.633
0.744
0.694
0.527
0.694
0.874
0.660
0.636
0.710
0.699
0.526
0.723
0.648
0.715
0.498
0.654
0.706
0.649
0.730
0.687
0.766
0.584
0.703
0.830
0.732
0.571
0.818
0.777
0.643
0.698
0.534
0.881
0.744
1.063
0.760
0.653
0.627
0.769
0.775
0.583
0.691
0.568
0.751
0.758
0.648
0.490
0.865
0.732
0.596
0.641
0.666
0.688
0.732
0.883
0.613
0.557
0.722
0.754
0.857
0.720
0.725
0.640
0.821
0.665
0.776
0.662
0.573
0.668
0.662
0.739
0.709
0.809
0.823
0.621
0.825
0.701
0.719
0.740
0.653
0.721
0.837
0.635
0.665
0.726
0.647
0.788
0.892
0.683
0.607
0.604
0.649
0.781
0.564
0.882
0.654
0.668
0.687
0.806
0.711
0.757
0.719
0.565
0.702
0.689
0.614
0.843
0.758
0.664
0.740
0.951
0.665
0.874
0.650
0.757
0.654
0.693
0.756
0.665
0.611
0.636
0.751
0.777
0.697
0.600
0.618
0.701
0.889
0.614
0.727
0.812
0.713
0.713
0.727
0.565
0.774
0.774
0.609
0.560
0.553
0.740
0.605
0.721
0.711
0.518
0.616
0.680
0.638
0.659
0.654
0.604
0.717
0.814
0.592
0.565
0.817
0.861
0.906
0.668
0.899
0.810
0.803
0.796
0.841
0.661
0.793
0.608
0.650
0.783
0.761
0.762
0.698
0.606
0.684
0.653
0.774
0.881
0.650
0.808
0.602
0.716
0.693
0.836
0.654
0.631
0.652
0.739
0.640
0.733
0.611
0.726
0.801
0.809
0.783
0.800
0.766
0.614
0.692
0.647
0.714
0.617
0.654
0.646
0.705
0.769
0.781
0.721
0.713
0.766
0.824
0.611
0.764
0.770
0.840
0.728
0.816
0.673
0.827
0.782
0.728
0.670
0.704
0.913
0.642
0.763
0.748
0.895
0.572
0.802
0.694
0.737
0.912
0.891
0.729
0.729
0.783
0.829
0.919
0.818
0.787
0.734
0.865
0.625
0.635
0.656
0.898
0.739
0.630
0.580
0.571
0.664
0.630
0.646
0.815
0.470
0.733
0.660
0.611
0.916
0.762
0.708
0.666
0.599
0.849
0.871
0.579
0.741
0.658
0.820
0.758
0.617
0.831
0.643
0.569
0.779
0.687
0.770
0.682
0.711
0.710
0.712
0.723
0.844
0.651
0.636
0.719
0.883
0.710
0.612
0.846
0.579
0.838
0.838
0.956
0.938
0.842
0.625
0.754
0.638
0.795
0.800
0.685
0.750
0.713
0.812
0.859
0.838
0.761
0.695
0.782
0.733
0.674
0.830
0.672
0.818
0.748
0.681
0.602
0.681
0.696
0.689
0.806
0.692
0.670
0.760
0.682
0.886
0.924
0.603
0.646
0.717
0.568
0.844
0.720
0.779
0.707
0.961
0.803
0.696
0.876
0.873
0.739
0.595
0.715
0.895
0.743
0.751
0.803
0.650
1.052
0.757
0.776
1.043
0.627
0.640
0.821
0.910
0.990
0.843
0.746
0.879
0.959
0.859
0.718
0.662
0.695
0.697
0.737
0.663
0.911
0.781
0.820
0.827
0.713
0.696
0.605
0.872
0.841
0.640
0.785
0.900
0.752
0.683
0.752
0.673
0.822
0.581
0.731
0.739
0.662
0.824
0.624
0.858
0.630
0.641
0.767
0.787
0.768
0.777
0.726
0.673
0.618
0.694
0.655
0.719
0.701
0.602
0.701
0.737
0.571
0.792
0.720
0.975
0.733
0.845
0.822
0.726
0.747
0.707
0.744
0.688
0.750
0.636
0.664
0.660
0.892
0.963
0.609
0.739
0.691
0.769
0.818
0.747
0.666
0.730
0.737
0.823
0.726
0.772
0.865
0.721
0.762
0.743
0.752
0.751
0.651
0.641
0.687
0.676
0.677
0.705
0.663
0.624
0.722
0.766
0.760
0.734
0.932
0.824
0.754
0.850
0.674
0.664
0.696
0.706
0.526
0.842
0.754
0.607
0.843
0.599
0.729
0.497
0.764
0.819
0.730
0.771
0.711
0.825
0.685
0.641
0.676
0.814
0.727
0.718
0.869
0.784
0.915
0.808
0.734
0.651
0.616
0.685
0.798
0.842
0.815
0.624
0.696
0.625
0.717
0.791
0.604
0.835
0.653
0.822
0.631
0.604
0.714
0.648
0.775
0.657
0.666
0.639
0.703
0.662
0.591
0.835
0.795
0.783
0.601
0.610
0.693
0.628
0.654
0.921
0.800
0.729
0.603
0.757
0.805
0.694
0.854
0.602
0.874
0.766
0.630
0.650
0.718
0.689
0.844
0.663
0.614
0.721
0.723
0.783
0.522
0.852
0.897
0.540
0.590
0.666
0.737
0.707
0.752
0.589
0.765
0.809
0.784
0.562
0.697
0.688
0.773
0.756
0.758
0.496
0.646
0.661
0.893
0.658
0.716
0.837
0.703
0.672
0.705
0.912
0.732
0.584
0.655
0.748
0.662
0.881
0.881
0.790
0.698
0.622
0.702
0.642
0.850
0.807
0.670
0.642
0.700
0.582
0.872
0.714
0.729
0.689
0.666
0.938
0.713
0.761
0.696
0.767
0.632
0.784
0.612
0.700
0.870
0.684
0.610
0.643
0.726
0.675
0.809
0.673
0.578
0.770
0.773
0.637
0.715
0.749
0.647
0.746
0.742
0.767
0.813
0.676
0.817
0.774
0.803
0.713
0.568
0.644
0.731
0.646
0.833
0.605
0.615
0.800
0.627
0.703
0.776
0.686
1.083
0.721
0.856
0.651
0.691
0.819
0.648
0.673
0.468
0.738
0.646
0.717
0.712
0.738
0.831
0.631
0.770
0.643
0.777
0.661
0.603
0.660
0.753
0.684
0.886
0.774
0.664
0.721
0.721
0.659
0.864
0.748
0.705
0.788
0.635
0.673
0.802
0.701
0.819
0.675
0.574
0.811
0.815
0.610
0.697
0.650
0.662
0.834
0.509
0.496
0.785
0.681
0.650
0.734
0.605
0.746
0.605
0.603
0.574
0.732
0.554
0.634
0.698
0.620
0.776
0.646
0.604
0.772
0.605
0.698
0.822
0.753
0.692
0.763
0.610
0.615
0.791
0.925
0.760
0.857
0.686
0.816
0.707
0.822
0.659
0.650
0.683
0.696
0.678
0.767
0.730
0.822
0.887
0.571
0.616
0.812
0.748
0.737
0.731
0.615
0.704
0.817
0.680
0.655
0.679
0.712
0.714
0.767
0.717
0.750
0.732
0.790
0.566
0.710
0.518
0.810
0.779
0.649
0.849
0.618
0.660
0.816
0.764
0.698
0.613
0.771
0.662
0.759
0.785
0.617
0.703
0.657
0.762
0.641
0.719
0.702
0.609
0.584
0.778
0.687
0.661
0.620
0.638
0.738
0.836
0.670
0.750
0.584
0.715
0.747
0.765
0.689
0.788
0.648
0.789
0.799
0.693
0.807
0.657
0.705
0.723
0.599
0.714
0.537
0.564
0.628
0.818
0.766
0.662
0.606
0.605
0.653
0.655
0.749
0.545
0.697
0.664
0.664
0.587
0.809
0.606
0.856
0.546
0.896
0.927
0.787
0.775
0.615
0.673
0.853
0.757
0.749
0.560
0.786
0.742
0.743
0.667
0.722
0.616
0.561
0.851
0.924
0.669
0.816
0.793
0.680
0.635
0.735
0.629
0.648
0.638
0.866
0.645
0.770
0.841
0.694
0.728
0.734
0.610
0.909
0.672
0.636
0.798
0.774
0.953
0.689
0.615
0.786
0.690
0.694
0.738
0.623
0.643
0.737
0.746
0.579
0.676
0.872
0.753
0.687
0.867
0.646
0.801
0.764
0.597
0.590
0.771
0.748
0.705
0.748
0.601
0.762
0.787
0.818
0.677
0.773
0.683
0.727
0.799
0.731
0.728
0.803
0.705
0.765
0.840
0.716
0.688
0.724
0.745
0.772
0.656
0.594
0.710
0.663
0.798
0.705
0.585
0.788
0.689
0.748
0.709
0.668
0.685
0.666
0.734
0.686
0.597
0.682
0.782
0.782
0.854
0.945
0.736
0.617
0.756
0.734
0.682
0.652
0.614
0.663
0.709
0.602
0.620
0.667
0.759
0.917
0.699
0.606
0.633
0.683
0.712
0.637
0.783
0.620
0.650
0.744
0.907
0.714
0.589
0.651
0.656
0.691
0.879
0.753
0.898
0.755
0.977
0.910
0.652
0.735
0.602
0.610
0.549
0.720
0.670
0.634
0.642
0.660
0.744
0.690
0.721
0.716
0.662
0.691
0.680
0.647
0.655
0.781
0.865
0.666
0.722
0.657
0.740
0.615
0.719
0.662
0.663
0.767
0.729
0.678
0.738
0.737
0.623
0.600
0.872
0.641
0.631
0.913
0.886
0.731
0.714
0.512
0.776
0.784
0.665
0.661
0.776
0.677
0.682
0.547
0.712
0.553
0.749
0.629
0.730
0.673
0.647
0.655
0.674
0.832
0.753
0.643
0.743
0.795
0.713
0.707
0.862
0.637
0.597
0.722
0.652
0.645
0.737
0.691
0.781
0.770
0.643
0.607
0.742
0.705
0.708
0.662
0.795
0.650
0.669
0.665
0.633
0.751
0.602
0.740
0.698
0.813
0.685
0.656
0.861
0.627
0.746
0.664
0.798
0.680
0.694
0.700
0.664
0.634
0.652
0.716
0.654
0.725
0.727
0.718
0.619
0.671
0.743
0.645
0.703
0.848
0.655
0.752
0.933
0.605
0.842
1.004
0.761
0.630
0.664
0.586
0.662
0.765
0.580
0.730
0.740
0.722
0.838
0.646
0.794
0.753
0.749
0.753
0.793
0.763
0.757
0.561
0.805
0.704
0.674
0.797
0.795
0.709
0.674
0.584
0.876
0.954
0.663
0.682
0.854
0.777
0.807
0.889
0.729
0.719
0.786
0.729
0.738
0.895
0.692
0.723
0.847
0.821
0.678
0.696
0.590
0.709
0.608
0.613
0.732
0.930
0.712
0.830
0.646
0.762
0.806
0.755
0.790
0.547
0.793
0.756
0.773
0.731
0.782
0.662
0.774
0.693
0.754
0.764
0.569
0.746
0.773
0.911
0.632
0.782
0.790
0.687
0.889
0.751
0.669
0.871
0.595
0.706
0.613
0.733
0.626
0.764
0.624
0.730
0.705
0.720
0.688
0.809
0.677
0.693
0.764
0.778
0.833
0.737
0.660
0.684
0.790
0.841
0.648
0.739
0.781
0.707
0.865
0.773
0.853
0.800
0.477
0.699
0.906
0.535
0.668
0.720
0.815
0.730
0.916
0.732
0.869
0.877
0.794
0.747
0.584
0.760
0.619
0.679
0.712
0.820
0.616
0.787
0.789
0.859
0.595
0.743
0.743
0.599
0.654
0.919
0.634
0.739
0.809
0.587
0.734
0.711
0.648
0.879
0.695
0.714
0.757
0.740
0.616
0.688
0.867
0.801
0.774
0.755
0.819
0.699
0.737
0.730
0.743
0.963
0.964
0.719
0.666
0.779
0.798
0.620
0.737
0.768
0.584
0.721
0.892
0.693
0.611
0.800
0.993
0.872
0.737
0.637
0.656
0.745
0.724
0.699
0.807
0.696
0.471
0.620
0.714
0.717
