1212
954
1170
1350
1050
1152
1524
1164
1260
1044
870
780
966
936
702
510
708
702
678
804
606
582
576
630
480
306
420
300
360
444
288
312
450
414
420
336
264
384
330
348
288
270
222
132
102
114
132
156
186
252
138
180
168
132
78
90
96
144
204
174
132
186
84
90
144
78
78
78
78
126
144
138
132
144
96
72
66
198
288
336
390
360
438
360
432
366
510
516
426
510
504
576
648
642
462
588
438
432
498
528
624
732
708
702
594
648
744
666
462
588
420
546
510
504
432
426
390
282
198
186
84
78
72
162
174
204
198
198
168
132
60
72
90
78
120
90
90
180
252
186
228
168
84
174
168
186
270
210
336
384
468
540
462
576
576
720
576
474
876
672
696
342
72
78
72
84
114
72
78
66
96
66
78
84
96
78
84
90
78
78
72
72
72
90
66
84
60
84
72
96
84
102
72
60
84
102
72
150
1050
2220
2688
2298
2112
2682
2496
2304
2496
2112
3072
2304
2490
2880
2112
2688
2304
2298
2304
2496
2496
2688
2106
2304
2112
2112
2688
2106
2868
2496
3072
2874
2496
2682
2496
2112
2496
3252
2496
3072
2112
2112
2496
2880
2496
2676
2496
2688
3258
2304
2496
2496
2490
2298
2304
2688
2688
2496
2688
2304
2298
2496
2688
2106
2874
2874
2496
2496
2688
2496
2856
3264
2496
2304
2688
2496
2688
2874
2688
2880
2112
3072
3258
2304
2496
2112
2682
2496
2496
2490
2688
1920
2490
2100
2682
2304
3072
2688
2688
2112
2106
2112
3072
3066
2304
2688
2112
2112
2304
2688
2490
2688
2880
2490
2112
2496
2304
2496
2496
2688
2682
2484
2304
2874
2496
2496
2490
1920
2484
2298
3456
2112
2298
2490
3456
1920
2112
2112
2490
2304
2304
2304
2484
2880
2298
2688
2112
2112
2688
2304
2490
2688
2496
2496
2688
2880
2490
2106
2112
2490
2688
2880
2496
2880
2298
2688
2106
2874
2682
2496
2106
2682
2490
3264
3072
2496
2304
2490
2688
2112
3066
2688
1914
2304
2304
2688
2112
2496
2682
2688
2688
2682
2298
1908
2304
2496
2496
2304
2496
2496
2868
2496
2880
3264
2496
2298
2304
2688
3264
2484
2880
3072
2676
2688
2688
2304
2298
2880
2490
1914
2298
2304
1920
2112
2112
2688
2688
2682
2304
2496
2496
2490
2112
2868
2490
2688
2298
3060
2112
2496
2496
2496
2874
2496
2490
2304
2298
3264
2880
2304
3060
1920
2496
2688
2676
2496
2874
2496
2874
2112
2496
2688
2298
2298
2688
2484
2304
2682
3072
2496
1920
1920
2298
2490
2304
2688
2112
2874
2304
2298
2496
2688
2682
2106
2112
2304
2688
1920
2880
2496
2304
2688
2496
2682
2682
2490
2274
2496
2304
2304
1920
2490
2298
2688
2112
2298
3264
2304
2688
2880
2682
2106
2304
2688
2490
2496
2496
1728
2880
2880
2490
2874
2292
2304
2496
2670
2868
2688
2496
2112
2688
2106
2106
2688
2304
2688
2496
2112
2682
2880
2112
2298
2112
2304
2688
2106
3456
2496
2496
2298
2496
3066
2874
1914
2880
2304
2304
2496
2880
2688
2688
2496
1920
2496
2688
2112
2490
2304
2682
2106
2490
2478
2256
2496
2880
2688
2106
2304
3456
2496
2292
2292
2682
2496
2682
3258
2688
2304
2298
1920
3066
2304
3072
1914
2304
2682
1920
2298
2490
2496
2112
2304
2304
2682
2496
2688
2298
2682
2106
2496
2304
2298
2496
2082
2682
2304
2880
2112
2496
2496
2304
2490
2304
2298
2490
2304
2490
2682
2880
2880
2298
3072
3066
2496
2496
2304
2298
2112
2496
2304
2688
2304
2880
2874
2688
2688
2688
2496
2880
2490
2496
2106
3264
2304
2304
2112
2292
2490
2496
2682
3450
3072
2304
2490
2496
3252
2688
2688
2304
2490
2112
2298
2298
2688
2304
2880
2682
2496
1728
2304
2106
2112
2304
2304
2304
3066
2496
2682
2496
2682
2112
2112
2496
2304
2112
2298
2112
2304
2298
2496
2874
2112
2688
2490
2304
2112
2490
1920
2496
2868
2490
2304
2688
2112
3048
2106
2880
2304
2880
2688
2112
2688
2682
2106
2304
2688
2298
2490
2496
1914
2298
3072
2496
3072
2304
2496
2496
2298
2688
2496
3072
2676
2496
2490
1914
2298
2688
2490
2112
2298
2688
2880
2688
2304
3072
2880
2496
2880
2112
2874
2874
2292
2490
2874
2682
2688
2298
2112
1722
2688
2688
2286
2304
2106
2874
2112
2490
3066
2298
2304
2874
2496
2688
2490
2304
2688
2112
1722
2880
2688
2880
2688
2496
2106
2688
2304
3066
2490
3066
2304
2496
2682
2688
2304
1914
2496
2298
2112
2490
1920
2688
2688
2112
2688
3060
2304
2880
2688
2496
2304
3066
1728
2106
2880
2880
2112
2880
2106
2298
2304
2484
2682
1722
2868
2682
2688
2496
2880
2688
1920
2112
2112
2490
2880
2880
3072
2490
2688
2496
2304
2496
2112
2688
3060
2304
2112
2688
2676
2688
2304
2304
2688
2304
2490
2112
2106
2496
2286
2298
2688
2688
2496
2304
2292
1920
3072
2868
2298
2880
2496
1920
2496
2466
2106
2298
2496
2304
2292
2880
1920
3258
2304
3060
2862
2676
2490
2304
2682
2688
2496
2112
2112
3072
2880
2682
2496
2298
2880
2304
2880
2304
2490
2688
2304
2688
2688
2298
2496
2304
3072
2112
2676
1920
2676
2688
2298
1920
2688
2688
2496
2112
2298
2478
2490
2484
3072
2874
2304
2298
2496
2304
2490
2688
2304
2496
2496
2100
2880
2688
2298
2298
1920
2688
2484
2112
2688
2304
2112
2304
2496
2496
3072
2106
2304
2496
2676
2304
3264
2868
2304
2880
2688
2496
2304
2496
2292
2304
2688
2304
2304
2688
2496
2676
2112
2682
2112
3066
2112
3072
2688
2880
2304
2304
2880
2880
2304
3072
1914
2496
2880
2496
2688
990
1116
1506
1104
1290
1548
2520
3072
2880
3060
2280
2232
2418
2034
2520
2262
2286
2484
1950
2340
2496
1980
2160
2340
1800
2136
978
666
102
78
84
78
78
84
78
72
84
84
72
90
72
90
1044
1584
2664
2304
2688
2304
2682
2304
2496
2478
2496
2676
2496
2298
1914
1920
2868
3066
2874
2304
1914
2304
2688
2496
2298
2490
2304
3072
2304
2298
2304
2106
2682
2496
2496
2880
2874
2496
2682
2304
2688
2304
1920
2112
2292
2688
1920
2664
2874
2304
1728
2304
2688
2496
2490
1920
2112
2688
2112
2874
2880
3072
2112
2304
1920
2496
2688
2682
2868
2880
2304
2112
2490
1920
2682
2880
2304
2688
2496
3456
2688
2304
2856
2874
2106
2304
2682
2304
2304
2682
2880
2496
2298
2106
2676
2688
2106
2304
2688
2880
2304
2496
2112
2298
2496
2490
2496
2304
2496
2682
3648
2490
2496
2682
2304
2112
2304
2490
2298
2874
2298
2496
2304
2112
2688
3066
3072
2490
2490
2496
2496
2298
2688
2496
2880
2304
2634
2496
2688
2496
2880
2304
2496
2304
2688
2880
2112
2682
2874
2880
2688
2490
2688
2106
2490
2874
2304
2490
2298
2490
2676
2496
2676
2112
3258
2112
2496
2682
2304
2496
2484
2496
3258
2496
2676
2688
2490
2304
2112
2496
3072
2490
2112
2880
2490
2112
2106
2106
3072
3264
2304
3036
2490
2496
2304
2688
2496
2688
2106
2496
3072
2880
2688
2496
3264
2496
2496
3072
2688
2688
2286
2490
2112
2112
2304
2868
2496
2496
3264
2682
2682
2496
2880
2298
2304
2490
2304
2298
3066
2304
3840
2490
2688
2688
2880
2496
2100
2490
2304
3252
2688
2298
2688
1920
2496
2880
2106
2880
2298
2880
2490
2112
2112
3066
2304
2106
2484
2670
2688
2304
2496
2688
2496
2880
2868
2880
2490
2496
2304
2688
3072
2880
2496
2484
2112
2868
3264
2112
2298
3066
2880
2490
2880
2880
1920
2874
2304
2496
2304
1920
2304
2496
2688
2688
2682
2496
2880
2106
2490
2304
2298
2304
2106
2304
1914
2298
2688
2688
2298
1728
2880
2496
2112
2496
2496
2304
2688
2496
2112
2496
2490
2490
2688
2496
2688
2112
2496
2112
2496
2496
2112
2298
2298
2304
2490
2298
1920
2688
2496
2304
2874
2112
2304
2304
2496
3072
2496
2496
2496
2676
2106
2688
2304
2112
2688
2880
2304
2112
2304
2682
2496
2496
2880
2112
2688
2688
2496
2112
2112
2874
3072
2496
2304
2688
2304
2496
2688
2880
3072
2490
2496
2880
2688
2112
2112
3072
2874
2106
2880
2304
2298
2688
2496
2658
3072
3072
2688
2490
2880
2880
2112
2880
2874
2304
2844
2688
2688
3072
2856
2304
2298
2682
2880
2682
2304
2304
2304
2112
2496
1728
2688
1920
2496
2688
2304
3066
2496
2688
2496
3072
2112
2880
2304
2496
2676
2112
2298
2688
3066
2880
1920
2688
2112
2874
2304
2688
2298
3066
2688
2304
1920
2304
2880
2496
2112
2688
2676
2688
2088
2304
3072
2100
2304
2112
2112
2490
2868
3066
2688
2304
1920
2298
2676
3072
2304
2490
2490
2688
2496
2682
2682
2304
1908
2112
2304
2682
2490
2304
2496
2496
2688
2304
2304
2490
2304
2880
2106
2688
2298
2676
2688
2484
2880
3258
2688
2112
1920
2688
2682
2106
2862
2496
2298
2298
2682
2688
2112
2880
2496
2112
1920
2298
2112
2496
2304
2682
3258
2496
2874
2112
2496
3072
1920
2688
2496
2688
2490
2490
2496
1920
2298
2496
2874
2496
3456
2298
2490
2304
2496
2112
2496
2106
2292
2682
2676
3072
2688
2112
3264
2496
2868
2682
2304
2490
3072
2688
2880
2304
2106
2874
2112
2112
1722
2688
2496
2304
2688
2298
2880
2298
2112
2106
2298
2880
2484
2880
3072
2490
2880
2490
2100
2874
2496
2112
2490
2496
2304
2496
1920
1920
2688
2304
2670
2496
2496
2496
2304
2874
2490
2496
2298
1920
2496
2682
2688
2304
1920
2688
2490
2298
2682
2496
2688
2496
2112
2496
2874
2688
1728
2688
2688
2496
2688
3066
2880
1914
2304
2496
2688
2688
3066
2874
2682
2106
2112
2682
2304
2304
2304
2304
2490
2676
3072
3264
2304
2112
2112
2688
2304
2304
2106
2496
2868
2496
3066
2688
2496
2496
2304
2490
2490
1914
2304
2676
2496
2112
2880
2682
2298
2682
2688
2676
2688
2880
1920
3072
2874
2688
3066
2496
2682
2688
2490
3258
2304
2496
2496
2112
2490
1920
2496
1920
2298
2688
2112
2298
2688
2112
2682
2304
2490
2304
2490
2880
2292
2304
2688
2304
2682
2304
2496
1920
1920
2874
2496
2484
2112
2112
2490
2496
1920
2496
2496
2490
3072
2496
1908
2496
2682
2106
2496
2304
2496
2490
2298
2682
1920
2496
2298
2874
2112
2496
2682
2490
2490
2304
2106
2688
2874
2496
1920
2688
2304
2304
2112
2688
2490
2496
2304
2688
2298
2688
2496
3072
2874
2304
2496
2304
2298
2496
2304
2304
2292
2112
2304
2874
1920
2112
2688
2676
2304
2112
2496
2688
2880
2112
2496
2688
2298
3264
2112
2496
2490
2874
2496
2688
2484
2496
2688
2304
1920
3252
2106
2496
2304
2112
2298
1920
2880
2688
2304
2304
2298
2112
2298
2106
2688
2496
2304
2106
1914
2112
2490
2304
3258
2112
2304
2496
2496
2484
2106
2490
2304
2688
2298
2688
2688
2688
2496
1920
2106
2496
2496
2112
1920
2688
2112
2682
2304
2304
2490
2496
3072
2298
2496
2304
2682
2094
2100
2304
2112
2874
2688
2112
2688
2874
2484
2682
2688
3072
2298
2688
2298
3066
2112
2496
2496
2304
2304
2304
2106
2496
2856
2298
2496
2688
3072
2496
2496
2496
2472
2688
2880
2496
2682
2112
2304
2298
1914
2874
2682
2298
3072
2496
3264
2298
2682
2496
2304
2112
2682
2496
2298
2490
2688
2298
2688
2496
2688
3072
3258
2304
2298
2688
2298
2304
2682
2880
2688
2298
2688
2844
2490
2490
2112
2112
2292
2298
2472
2454
2490
2874
2880
2880
2484
2682
2490
2688
2490
2880
3072
2682
1920
2496
2682
2484
2304
2490
3066
2682
2112
2880
3450
2496
2880
2880
2682
2688
2670
2490
2112
2490
2874
2496
2106
3072
2496
2880
2874
2304
2874
2688
2880
2688
2490
3072
2874
2112
2304
2298
1920
2304
2496
2682
1920
1908
2688
2496
2496
2682
2298
2484
2880
2304
2688
2496
2682
1722
2880
3072
1920
2688
2304
2868
2106
3066
2496
2304
2106
2496
2874
2304
2304
2664
2442
2496
2490
2304
3264
2496
1920
2874
2490
2496
2490
2298
2496
2688
2490
2112
1920
2304
2112
2490
2496
2304
2112
2106
2880
2298
3264
3264
2298
2496
3060
2874
2688
2292
2874
3456
2496
2496
2874
2868
3066
2688
2496
2688
2496
2304
2304
1920
2112
3456
2466
2484
2496
2874
2688
1920
2496
2868
2490
2688
2688
2496
1908
2880
2682
2682
2496
2106
2880
2112
2490
2874
2112
2880
2688
2688
2688
2868
2112
2682
2490
2496
2112
2106
2304
3648
2682
2490
2496
1920
3450
2304
2496
2874
2496
2880
2880
2304
2100
2496
3048
2298
2868
1920
2112
2496
2112
2874
2304
2112
2304
2676
2112
2112
3066
2682
2304
2496
2688
2688
3258
2304
2112
2682
2490
2496
2112
2304
2304
2880
2688
2304
2688
2496
2688
2874
2304
2496
2880
2496
2874
2682
2484
2496
2112
2298
2496
2292
2880
2490
3066
2880
2484
2304
2688
2496
2496
2496
2304
2682
2304
1914
2496
3072
2298
2298
2874
1920
2496
2490
3072
2688
2688
2112
2496
2298
3252
2496
2496
2496
2688
2682
2688
2484
1920
2298
2880
1920
2100
2496
3246
1722
2298
2088
2112
2490
2304
2880
2484
2688
2490
2304
1920
2496
2490
2484
2304
2688
2496
2112
2304
2496
3072
2880
2874
2670
2688
2496
2496
3642
1920
2112
3072
1920
2496
2496
3456
2880
2688
2496
2682
2496
1722
2688
2880
2688
2304
2496
2688
2496
2688
2304
2112
2484
2688
2496
2304
2880
2304
1920
2874
2688
2682
2304
2304
2688
2304
2688
2496
2682
2496
2106
2106
2682
2496
2106
2298
2304
2682
3072
2298
2304
2112
2496
2304
2496
2682
2304
1920
3066
2688
2688
2676
2484
3072
2682
2496
2304
2304
1920
3060
3066
2304
2304
2490
2304
2490
2304
2496
2688
2880
2688
2298
1722
2496
2298
2688
2484
2496
2688
2682
2874
2304
2298
2304
2490
2874
3258
2682
2682
2688
2496
2304
2490
2688
2112
2304
2682
2304
2304
2304
2484
2106
2496
2484
2490
2688
2106
2880
2304
2490
2304
2490
2688
2688
2106
2298
2490
2304
2868
2304
2688
2682
2682
2304
2112
1920
2688
2490
2880
2112
2304
2682
3066
2490
2304
2298
2496
2496
2298
2304
3072
2496
2496
2496
2880
2496
2496
2496
2304
2304
2112
2880
2880
2682
2112
2112
2298
2304
2304
2688
2688
1920
2484
2688
3264
2106
1908
3072
2304
2304
2304
2112
2676
1920
2298
2298
2880
2496
1914
2496
2304
2496
2688
2304
2496
2490
2496
2688
2880
3264
2682
2874
2490
1716
2304
2304
2496
2880
2304
2688
1920
2304
2688
2496
2298
2874
3072
2112
2688
2112
2688
3066
2304
2496
2880
2496
2304
2868
2496
2688
2292
2112
2880
2304
2688
2496
2304
2484
2496
3264
2688
2496
2304
3072
2682
2304
2496
2490
2112
2490
2688
2298
2496
2496
2496
3066
2682
2490
2490
2112
2298
2688
2670
2484
2304
2298
2496
2304
2688
2496
2304
2490
2688
2490
2112
2292
2496
2304
2304
2682
2688
2490
2490
2304
3450
1920
2496
2304
2304
2682
2286
2688
2106
2112
2490
2496
2298
2688
2298
2670
2880
1728
1920
2496
1920
2880
3264
2304
2496
2112
2874
2490
2688
2490
2496
2496
2298
2298
2496
2682
2304
2688
2112
3072
2874
2880
2688
2304
2688
2688
2094
2496
2298
2304
2880
2490
2304
2298
2688
2688
2496
2112
2454
2490
2682
2304
2880
2496
2682
2484
2304
2688
2880
2688
2688
2496
2688
2112
2496
2496
2106
2874
2112
2496
2484
2112
2304
3072
2304
2106
2304
2676
2490
2880
1722
2880
2280
2688
1920
2112
2304
1920
2688
2688
3264
3072
2496
2880
2304
1920
2688
2292
2298
2496
2304
2688
2880
2106
3264
2688
2874
2880
2298
2496
2874
1920
2496
2688
2484
2688
2688
2484
2112
2688
2112
3060
2112
2688
1914
2304
2496
1914
2682
2490
1914
2490
2112
2304
2496
2496
2688
2688
2490
2304
2496
2298
2874
2688
2880
3264
2106
2304
2112
2496
2490
2682
2304
2112
2874
2496
2112
1920
2496
2874
2112
2490
2490
2304
2682
2298
3066
2868
3456
3072
2682
2490
2496
2298
2112
2112
2496
2880
2106
2490
3072
2496
2304
2304
2304
2880
2106
2304
2496
2106
2304
2874
2496
2496
2496
2298
1920
2304
3258
1920
2496
2112
2496
2112
3066
2490
2304
2484
2496
2688
2490
2682
2298
2496
2874
2874
2682
3648
3072
1920
3264
2304
2496
2298
2496
2496
2688
2880
2688
2112
2112
2496
2304
1920
1920
2688
2688
2490
2874
2298
2304
2490
3456
2112
2688
2298
2874
2112
2112
2688
2484
2682
2100
2100
2304
2682
2496
2304
2304
2880
2298
2688
1920
2298
2496
2496
2304
2880
2688
2490
1920
2880
2496
2304
2880
2100
2112
2304
2106
2490
2880
2496
3060
2112
2112
2472
2292
2880
2304
3264
2496
2496
2304
2688
2874
2688
2496
1920
2304
2682
2304
1920
2112
2490
2490
1716
3072
2688
2490
2298
1914
2682
1914
2688
2304
2874
2304
2112
2484
2298
2682
2490
2670
2442
2496
2112
2112
2298
2688
3258
2496
2112
2688
2880
2112
1914
2106
2106
2298
2496
2112
2496
3066
2682
2496
2304
2304
2478
2106
2304
2688
2112
2490
2496
2298
2112
2682
2304
2688
2688
2106
2496
2682
2304
1914
2496
2304
2298
2496
2298
2304
2880
2292
2490
2496
2112
2682
2112
2304
1920
2880
2682
2292
2496
2880
2088
2874
2688
2688
2682
2496
2304
2676
2112
3252
2490
2496
2112
2304
2688
2112
2682
3264
2490
2106
2688
2298
3072
2298
3072
2874
2688
2496
2298
2880
2880
2874
2304
2688
2496
3066
2112
2496
2496
2496
2112
2496
2292
2484
2304
2688
2496
2490
2874
2496
2496
2880
3450
2112
2304
3456
2304
2880
3072
2688
2304
2682
1896
2304
2880
1716
2304
2304
3648
2112
2490
2100
2112
2112
2298
2304
2496
2496
2496
2496
2304
2874
2496
2304
2676
2112
2304
2490
2874
2304
3066
2880
2112
2688
2304
2682
2298
2112
2496
1920
3450
2496
3642
2280
2874
2112
2484
2304
2100
2298
2490
2112
2304
2496
2688
2304
2304
2304
3060
2304
2304
2880
2496
3648
2304
2490
2112
2682
1914
2112
2112
2496
3264
2304
3072
2688
2112
2688
2304
2496
2112
2490
2490
3066
2682
2304
1920
2496
2112
2490
2112
2496
2298
2682
2112
2106
2868
2682
3072
2304
2682
2304
3072
2298
2490
2298
2304
2688
2496
2874
2688
2496
2292
2112
2496
2688
2682
2880
2304
2688
2304
2880
2304
2490
2304
2298
2304
2112
2688
2880
2304
2688
2688
2688
2304
2496
2496
2688
2688
2112
2496
2880
2496
2106
2688
2112
2112
2682
2490
2484
2304
2682
2496
2688
2298
2106
2880
2496
2112
2292
3072
2298
2880
2874
2496
2304
2496
2496
3444
2304
2496
2298
2292
2082
2688
2496
2106
2496
2112
2496
2496
2880
2490
2496
2682
2490
2304
2688
2880
3648
2106
2490
3066
2688
2496
2304
2490
2496
3072
2688
2490
2880
2688
2304
2688
2298
2298
3264
2688
2112
2682
2292
2868
2106
2880
2112
2496
2490
2880
2112
2688
2298
2682
2496
2688
2304
2880
2292
2280
2304
2304
2868
2490
3066
2490
2880
2868
2688
2298
2490
2688
2298
2496
2880
2688
2688
2688
2304
2112
2304
2112
2496
2688
2868
2490
2874
2688
2304
2880
2688
2688
2874
2304
2106
2496
2304
2874
2496
2880
2688
3066
2304
3456
3072
2490
2880
2496
2304
2856
2304
2688
3258
2106
2112
2490
2874
2490
2868
2496
2112
2490
1920
1920
2496
2496
2688
2490
2490
2688
2292
2688
2304
2682
2112
2688
2484
2496
2286
2106
2304
2880
2112
2298
2292
2496
2490
2112
2490
2298
3264
2874
2496
3072
2298
2304
2880
3264
2106
1914
2496
2496
2298
2490
2304
2304
2880
2304
2874
3054
2304
2304
2106
2304
2682
2496
2676
2292
2490
2874
2880
2304
2676
2676
2112
2496
2112
2670
2676
3066
2880
2484
2496
2304
2112
2880
2112
2682
2496
2112
2112
2880
2112
2874
2496
2496
2304
2688
2688
2490
2112
2682
2496
2676
2496
2112
2688
2484
2496
2496
2490
1908
2490
2298
2112
2490
2874
2490
1920
2112
2496
2496
2298
2112
2496
2496
2472
2304
2112
1920
2304
2688
2304
2292
2484
2490
2664
2688
2304
2490
2880
2496
2298
2304
2112
2304
2880
2484
2112
1920
2676
2100
2304
2304
2688
3072
2688
2496
2880
1920
2304
2496
2100
2880
2304
2106
2106
2106
2112
2298
3072
1920
2880
2496
2496
2304
3072
2100
3072
2490
2304
2490
2304
3264
1920
2304
2304
2688
2298
2304
2688
2676
2490
2106
2496
2490
2304
3066
2112
2304
2484
2298
3072
2688
1920
2688
2304
2112
2688
2880
2880
2670
2874
2682
2304
2496
2298
2094
2496
2880
2112
2298
2496
2490
2112
2304
2490
2496
2298
2682
2688
2304
2496
2112
2106
2304
2112
2496
2304
3066
3072
2496
2304
2496
2688
2106
2880
2496
2484
2496
2490
2304
2496
2496
2688
2496
2304
2496
2496
2496
3066
2682
3072
2100
2874
2688
2304
2496
2496
2880
2496
3066
2874
2496
2682
2304
2874
2688
1920
2688
2490
2304
2112
2112
2688
2496
2304
2682
2484
2298
2496
2304
2874
2688
2688
2106
3066
2496
2496
2682
2112
2682
2688
2298
2304
2304
2112
2304
2298
2112
2880
1920
2688
2304
2688
2292
2688
2484
2496
3066
2304
2112
2496
2496
2688
2298
2484
1914
2676
2874
2304
2298
2496
1914
2112
2304
2496
2496
2496
3066
2304
2688
2688
2292
2304
2298
2496
2304
2688
3072
2490
2304
2496
2496
2496
2880
2112
2490
2484
2688
2496
2490
2304
2496
3072
2490
2298
2304
3072
2490
3258
2304
2676
2880
2682
2496
3066
2682
2496
2496
2496
2304
2112
2106
2688
2298
2112
2682
2490
3060
2112
2106
2496
3072
2304
2496
2496
2106
2112
2682
2688
2298
2112
2298
2112
3072
2304
2496
2874
2298
2688
2292
2298
2112
1914
2688
2490
2682
2490
3450
2106
2490
2112
2874
2304
1920
2304
1920
2304
3252
2304
2880
2880
2688
3264
2658
2688
2850
2880
2304
2304
2688
2304
2304
3066
2304
2880
2682
2688
2688
2298
2304
2496
2298
2688
2676
2688
2676
2298
2682
2880
2496
3072
3066
2490
2688
1920
2688
2688
3258
2304
2490
2304
2688
2496
2490
2298
2496
2874
2112
2496
2106
2304
2280
2304
2688
2298
2112
2688
2490
2496
2106
2112
2496
2112
3066
3264
1920
2106
2688
2688
2490
2106
2682
2304
3258
3072
2880
2112
2496
2880
2496
2682
2304
2106
3066
2304
2112
3072
2484
2496
2112
2688
2112
2874
2298
2112
2484
2496
2496
3054
2496
1902
2298
2874
2682
2496
2304
2304
2304
2280
2112
2112
2490
2112
2304
2874
1914
2682
2496
2112
2304
2496
2304
2676
2304
2106
2112
2304
3264
2490
2490
2112
2112
2880
2304
2490
3066
2682
2112
2304
2682
2496
2304
2496
2880
2676
2868
2682
2304
3258
2688
2304
2688
2688
1920
2496
2496
3072
2106
2688
1920
2484
2304
3060
2880
2112
3066
2688
2688
2682
2688
2106
3072
2112
2112
2496
2298
2112
2112
2688
2298
2688
2304
2496
2496
2112
2304
2112
2490
2304
3072
2484
2496
2496
2478
2496
2304
2298
2304
2682
2496
2490
2880
2688
2298
2496
2106
2688
2496
2112
1920
2496
2112
2880
2304
2496
2106
3066
2484
2112
2304
2676
2880
2496
2304
2106
2304
2490
2496
2490
3072
2496
3072
2688
2304
2874
2106
1716
2844
2880
2298
2682
2298
2112
2490
2304
2496
2496
2490
2292
2688
2868
2880
2688
2688
2292
2490
2496
2490
1920
2496
2874
2298
2682
2490
2304
2304
2490
2880
2880
1914
2874
2112
2874
2304
2496
2490
2304
2298
2682
2112
2496
2688
2874
2880
2496
2688
2688
2304
2496
2304
3258
2298
2880
2112
2106
2496
2880
2688
2106
2112
2106
2490
2304
1914
2298
2880
2298
2688
2874
2688
2496
3264
2304
2490
2496
2106
2496
2688
2688
2880
2298
2670
2112
2304
3072
2682
2496
2304
2490
2496
2496
3072
2874
2688
3072
2874
2496
2106
2298
2490
2298
2298
2496
2496
2880
2112
2688
2682
2304
2490
1920
2304
2106
2496
2106
2484
2304
2496
2496
2496
2298
2688
1914
2490
2490
2304
2676
2496
2688
2304
2880
3648
2496
2688
3066
2688
2298
2292
2688
2688
2874
3450
2496
2880
2304
2304
2826
2484
3258
3060
2298
2688
2496
2682
2688
2496
2688
2880
2496
2112
2682
2490
2688
3072
2496
2496
3072
2304
2304
2304
2112
2496
2496
2106
2676
2112
2490
2496
2304
2874
2484
2304
2496
2106
2298
2304
2298
2880
2484
2496
2112
2682
3258
3066
2490
3066
1728
2304
2490
2496
2112
2688
2664
2880
2112
2490
2874
2682
2880
2112
1536
1914
2298
2112
2868
1920
2496
2304
2688
2496
3072
1914
2688
2496
2304
2496
2688
2880
2298
2874
2880
2304
1920
2880
2496
2112
2490
2688
2304
2304
2496
3072
3072
2490
2112
2688
2496
2688
2688
2688
2112
3072
2112
2874
2490
2880
2880
2874
2472
2304
2688
2496
2292
2496
2490
2304
2472
2112
2862
2880
1716
2304
1728
2304
2304
2286
2490
2106
2496
2496
2682
2874
2304
2106
2688
2682
2496
2304
2298
2676
2874
2496
2304
2880
2304
2880
2490
2298
2880
2112
2688
2304
2688
2688
2496
2496
2304
2112
2496
2490
2688
2490
2298
2880
2304
2688
2304
2880
2874
2496
2688
2658
2106
2688
2472
2880
2304
2862
2304
2298
2496
2688
2688
3642
2880
3072
2688
2100
2496
2490
2106
2496
2688
2304
2112
2496
2112
2496
2304
3072
2112
2304
2682
2682
2880
2490
2688
2490
2688
2298
2490
2880
2304
2304
2292
2490
3072
2304
2490
3264
2490
2112
2298
2496
2496
2688
2496
2688
3258
1914
2298
2106
2496
2496
2880
1914
2298
2688
2496
2112
2304
2688
2682
2880
2298
2298
2682
2490
2496
2112
2304
2304
2490
2880
2304
2682
3258
2094
2496
2682
2112
2304
2490
3258
2496
2880
2688
2304
2304
2304
1914
2496
2874
2106
2472
2106
2112
2298
2880
3072
2490
2466
2880
2490
2292
2496
2676
2880
2304
2304
2112
2298
2874
2688
2688
2880
2496
2496
2496
2484
2688
2304
2304
2496
2298
2664
2106
2496
2496
2676
2106
2688
1914
3072
2874
2880
3072
2304
2112
2496
2304
2112
3066
2682
1920
2490
2490
1920
2688
2106
2874
2298
2682
2298
1728
2298
2880
3072
2688
2880
2112
2490
2304
2682
2292
2496
2112
2304
2112
2880
2880
2688
2112
2688
2304
2304
2496
2496
2874
2112
2490
2688
2880
2106
2688
2112
2688
2688
2682
2304
2478
2304
2688
2292
2298
2688
3072
2688
2880
2682
2688
2304
2496
2304
2106
2112
2880
2304
2112
2496
2490
2304
2112
2874
2304
2688
2304
1920
2496
2874
2106
2688
3072
2490
2496
3066
2688
2688
2496
2304
2496
2874
1920
2688
2484
2682
1914
2688
2496
2304
2682
2490
2304
2880
2304
2490
2880
3066
2688
2112
2304
2496
2688
2880
2298
3066
2112
2112
3072
2490
2100
2496
2292
2868
2106
2682
2874
2688
2496
2880
2304
3072
2298
2688
2112
2298
2874
3072
2304
2304
2112
2496
2490
2496
2112
2688
2112
3258
1920
2688
2490
2682
2496
2304
2112
2490
2304
2496
2868
2304
2688
1914
2496
2292
2112
2874
2496
2304
2496
2496
1920
1920
2688
2688
2112
3456
2874
2874
2490
2304
2088
2676
2304
2304
2496
2676
2688
3072
2304
2304
2682
2472
3072
2496
2496
2304
2304
3456
2868
2682
1914
2298
2880
2682
2112
2298
2688
2688
2268
2298
2496
2304
2496
3066
2304
2688
2688
2490
2496
2874
2496
2880
2304
1920
2682
2682
2112
2496
2112
2496
2688
2304
2490
2880
2880
2304
2496
2112
3066
1920
2496
3066
2490
2298
2484
2490
2688
2496
2496
2688
2688
3066
2874
2304
2496
2496
1920
2490
2874
2472
2292
2496
2304
1920
2496
2304
2496
1728
2304
2304
2304
2496
2496
2682
1914
2280
2874
2490
1914
2682
2682
2304
2490
1920
2880
2688
3456
2496
2292
2106
2682
2688
2112
2298
1920
2688
2682
2304
1728
2880
2496
2106
2298
2304
2496
2496
3072
2106
1920
2496
2670
2880
2496
2496
2112
2880
2496
2688
2304
1914
2304
2304
2496
2496
2880
2874
2106
2874
2304
2688
2496
2304
2496
2880
2298
2490
2496
2298
2682
3264
2304
2100
2112
2298
2676
2106
3072
2304
2304
2490
2874
2676
2688
2490
2112
2304
2496
2112
2874
2688
2304
2490
3246
2298
2874
2304
2682
2298
2304
2688
2496
2112
2304
2688
2670
2304
2304
2112
2490
3072
2112
2688
2880
2496
2496
2496
1920
2682
2688
2106
1920
1920
2682
2112
2490
2490
1722
2304
2304
2304
2304
2304
2112
2496
2682
2112
1914
2874
3066
3066
2304
2880
2682
2874
2688
2874
2304
2688
2112
2304
2688
2688
2682
2298
2112
2496
2304
2682
3066
2304
2880
2106
2490
2496
2688
2304
2304
2298
2496
2304
2496
2304
2484
2874
2856
2682
2880
2688
2106
2658
2496
2490
2112
2304
2298
2496
2682
2682
2496
2496
2496
2880
2112
2664
2676
2880
2490
2682
2298
2880
2676
2496
2304
2304
3264
2298
2688
2496
2682
2100
2688
2304
2484
2496
2874
2304
2490
2496
2880
3072
2688
2850
2496
2874
2292
2112
2112
2880
2688
2106
2112
1920
2472
2112
2304
2874
1536
2496
2304
2112
3072
2682
2496
2304
1914
2880
2880
1920
2688
2304
2682
2688
2112
2880
2106
1920
2688
2496
2682
2304
2496
2304
2496
2304
3072
2304
2304
2490
3072
2496
2112
2880
1920
2880
2688
3456
3258
2874
2304
2688
2112
2688
2682
2304
2496
2496
3072
2880
2688
2688
2298
2874
2496
2304
2880
2304
2688
2496
2490
2112
2304
2304
2496
2880
2304
2304
2688
2490
3066
3264
2106
2304
2688
1914
2880
2490
2658
2304
3264
2688
2304
2688
2490
2496
2112
2112
2496
2490
2496
2496
1914
3252
2112
2496
3456
2112
2112
2496
2496
2874
2490
2100
2880
3060
2682
2298
2304
2304
2496
2496
2304
3066
2688
2874
2682
2496
2304
2112
2304
2688
2298
2688
2880
2496
2298
2490
2304
2880
1914
2688
2490
2304
2880
1914
2880
2304
2280
2688
2688
2682
2682
2496
2490
2112
2106
2298
2490
2304
2106
2304
2496
2112
2682
2490
3456
2496
2880
2682
2490
2490
2496
2490
2304
2490
2112
2304
2490
2874
3264
2106
2496
2298
2688
2682
2496
2292
2688
2496
2880
2496
2688
2868
2682
2688
2496
2688
2490
2292
2304
2304
2496
2496
2496
2304
2112
2496
2670
2682
2490
3258
2874
2688
3072
2490
2304
2298
2490
1728
2874
2664
2112
2880
2112
2484
1728
2682
2880
2490
2682
2688
2880
2298
2304
2304
2880
2496
2496
3066
2688
3066
2880
2688
2304
2112
2490
2880
2682
2880
2106
2496
2304
2688
2880
2112
2880
2304
2880
2304
2112
2490
2292
2880
2304
2298
2298
2304
2298
2088
2874
2874
2880
2106
2112
2490
2112
2304
3264
2880
2496
2100
2688
2874
2496
3072
2112
3072
2688
2304
2304
2496
2490
2880
2286
2106
2496
2496
2688
1728
3072
3036
1920
2112
2298
2490
2490
2688
2112
2688
2874
2688
1920
2496
2304
2688
2676
2664
1722
2304
2304
3066
2304
2682
2880
2490
2298
2490
3072
2496
2106
2112
2490
2298
3072
3066
2880
2304
2112
2496
2298
2874
2880
2304
2304
2496
1920
3072
2496
2490
2304
2292
3264
2490
2688
2304
2688
2112
2880
2112
2496
3066
2292
2112
2298
2496
2304
3066
2298
2112
2496
2688
2304
2490
2688
2304
2496
2682
2676
2874
2304
2688
2880
2868
2304
1914
2304
2682
2304
2880
2112
2094
2874
2112
2496
2688
2304
3828
2304
2880
2298
2496
2880
2304
2304
1728
2496
2304
2496
2496
2496
3066
2304
2688
2298
2688
2304
2112
2304
2484
2490
3066
2682
2304
2688
2496
2298
2874
2688
2496
2682
2112
2304
2880
2496
2880
2298
2112
2676
2880
2112
2496
2304
2304
2862
1722
1722
2874
2304
2304
2490
2112
2490
2106
2106
2106
2490
1920
2304
2472
2112
2682
2304
2112
2688
2112
2496
2880
2496
2304
2688
2112
2112
2682
3258
2688
3072
2304
2880
2298
2880
2304
2304
2304
2496
2496
2688
2490
2880
3072
2112
2292
2682
2682
2496
2490
2106
2496
2868
2304
2304
2496
2496
2496
2496
2496
2496
2496
2688
1914
2484
1728
2880
2682
2298
2874
2112
2304
3072
2682
2304
2106
2688
2298
2688
2688
2112
2298
2304
2688
2106
2496
2496
2094
2112
2664
2298
2304
2106
2106
2688
2880
2496
2688
1920
2490
2688
2880
2298
2868
2304
2682
2880
2304
2880
2304
2304
2682
1920
2496
1920
1920
2106
3066
2688
2304
2112
2112
2304
2112
2496
1920
2496
2304
2280
1920
3066
2112
2880
1920
3066
3258
2496
2688
2112
2298
2880
2688
2688
1920
2688
2496
2496
2304
2496
2112
1914
3072
3072
2292
2844
2670
2496
2298
2496
2112
2304
2304
3072
2304
2688
2874
2496
2496
2484
2112
3072
2496
2274
2688
2688
3450
2304
2112
2688
2304
2496
2490
2106
2298
2490
2496
1920
2298
3258
2676
2490
3072
2298
2880
2682
2112
2112
2676
2496
2490
2676
2112
2688
2688
2880
2490
2682
2304
2682
2850
2490
2496
2688
2496
2688
2880
2688
2298
2496
2676
2688
2304
2112
2298
2292
2496
2496
1914
2682
2298
2490
2490
2304
2304
2304
2490
2496
1914
2490
2682
2496
2880
3234
2496
2304
2496
2688
2496
2304
2112
2298
2304
2106
2100
2304
2490
3258
2304
2106
2304
2496
2490
2298
2688
2112
2298
2664
3072
2496
1914
2298
2106
2466
2868
2676
3264
2688
3444
3264
2298
2490
2112
2112
1920
2496
2298
2298
2304
2304
2688
2496
2496
2490
2304
2496
2298
2112
2298
2682
3072
2298
2496
2304
2688
2112
2490
2304
2304
2682
2496
2496
2496
2688
2112
2112
3072
2298
2304
3066
3066
2490
2490
1914
2688
2688
2298
2304
2874
2304
2304
1908
2490
1914
2688
2112
2490
2304
2304
2496
2280
2880
2688
2292
2682
2880
2496
2490
2880
2298
1920
2496
2112
2298
2496
2496
2688
2688
2304
2100
2688
2496
2490
2496
2688
2292
2304
2292
2304
2688
2112
2484
2490
2880
2490
2304
2874
2298
2490
2304
2682
2496
2304
2490
2298
2304
2304
2484
2286
2688
2496
2304
2112
2496
2688
2304
2490
3072
2304
2688
3066
2112
2880
2880
2304
2304
2304
1920
2292
2682
1920
2688
2496
2496
2880
2304
2880
2496
2490
2682
2688
2682
2682
1914
2880
2304
2298
2682
2880
2472
2304
2112
2880
3258
2304
2304
2880
2688
2676
3066
2496
2496
2496
2304
2298
3066
2496
2496
2688
2880
2292
2304
2106
2304
2106
2304
2496
3264
2496
3072
2298
2484
2688
2688
2676
1728
2682
2496
2688
2496
2856
2304
2496
2496
2490
2490
1920
2490
2688
2856
2112
2688
2496
2304
3072
2496
2298
3048
2112
2496
2112
2496
2112
2688
2112
2496
2298
2490
2304
2880
2298
2496
2496
2688
2868
2496
2304
2496
2688
2874
2112
2484
2496
2496
2874
2676
2688
2682
1728
2298
3072
1536
2112
2112
2496
2106
2688
2490
2880
2862
2484
2496
2112
2496
2106
2298
2112
2880
2112
2688
2880
3072
2112
2496
2496
2112
2298
3072
2088
2664
2880
1914
2496
2490
2304
3072
2298
2496
2490
2688
2112
2298
2874
2496
2688
2688
2688
2304
2496
2688
2490
3456
3456
2490
2496
2682
2688
2100
2496
2298
1920
2496
3072
2496
2112
2688
3444
2688
2496
2112
2298
2496
2298
2496
2682
2496
1728
2106
2496
2496
